# gpu    pwr  gtemp  mtemp     sm    mem    enc    dec    jpg    ofa   mclk   pclk  pviol  tviol     fb   bar1   ccpm  sbecc  dbecc    pci  rxpci  txpci 
# Idx      W      C      C      %      %      %      %      %      %    MHz    MHz      %   bool     MB     MB     MB   errs   errs   errs   MB/s   MB/s 
    0    162     35     36      0      0      0      0      0      0   3201   1980      0      0 130319 130320      0      0      0      0      0      0 
    0    133     33     32      0      0      0      0      0      0   3201   1980      0      0 130319 130320      0      0      0      0      1      0 
    0    130     33     32      0      0      0      0      0      0   3201   1980      0      0 130319 130320      0      0      0      0      0      0 
    0    130     33     32      0      0      0      0      0      0   3201   1980      0      0 130319 130320      0      0      0      0      0      1 
    0    130     33     32      0      0      0      0      0      0   3201   1980      0      0 130319 130320      0      0      0      0      0      0 
    0    130     33     32      0      0      0      0      0      0   3201   1980      0      0 130319 130320      0      0      0      0      0      1 
    0    129     33     32      0      0      0      0      0      0   3201   1980      0      0 130319 130320      0      0      0      0      0      0 
    0    129     33     32      0      0      0      0      0      0   3201   1980      0      0 130319 130320      0      0      0      0      0      1 
    0    129     33     31      0      0      0      0      0      0   3201   1980      0      0 130319 130320      0      0      0      0      0      0 
    0    129     33     31      0      0      0      0      0      0   3201   1980      0      0 130319 130320      0      0      0      0      0      1 
    0    129     32     31      0      0      0      0      0      0   3201   1980      0      0 130319 130320      0      0      0      0      0      0 
    0    129     32     31      0      0      0      0      0      0   3201   1980      0      0 130319 130320      0      0      0      0      0      0 
    0    129     32     31      0      0      0      0      0      0   3201   1980      0      0 130319 130320      0      0      0      0      0      0 
    0    134     32     32      0      0      0      0      0      0   3201   1980      0      0 130325 130326      0      0      0      0      0      0 
    0    130     32     31      0      0      0      0      0      0   3201   1980      0      0 130325 130326      0      0      0      0      0      0 
    0    437     40     43     74     54      0      0      0      0   3201   1980      0      0 130325 130326      0      0      0      0     58     15 
    0    505     38     40      0      0      0      0      0      0   3201   1980      0      0 130325 130326      0      0      0      0      0      0 
    0    419     38     40     91     69      0      0      0      0   3201   1980      0      0 130325 130326      0      0      0      0      0      0 
    0    171     37     39     10      7      0      0      0      0   3201   1980      0      0 130325 130326      0      0      0      0     52     17 
    0    512     41     45    100     76      0      0      0      0   3201   1980      0      0 130325 130326      0      0      0      0     47     16 
    0    546     42     47    100     75      0      0      0      0   3201   1980      0      0 130325 130326      0      0      0      0     52     16 
    0    306     40     42     42     31      0      0      0      0   3201   1980      0      0 130325 130326      0      0      0      0     62     18 
    0    475     41     43     40     30      0      0      0      0   3201   1980      0      0 130325 130326      0      0      0      0     52     16 
    0    525     43     47    100     76      0      0      0      0   3201   1980      0      0 130325 130326      0      0      0      0     52     16 
    0    414     43     47    100     76      0      0      0      0   3201   1980      0      0 130325 130326      0      0      0      0     52     16 
    0    202     36     35      0      0      0      0      0      0   3201   1980      0      0 130325 130326      0      0      0      0      0      0 
    0    377     42     46    100     76      0      0      0      0   3201   1980      0      0 130325 130326      0      0      0      0      0      0 
    0    498     43     45    100     76      0      0      0      0   3201   1980      0      0 130325 130326      0      0      0      0     52     16 
    0    533     44     45    100     73      0      0      0      0   3201   1980      0      0 130325 130326      0      0      0      0     58     16 
    0    335     37     37      0      0      0      0      0      0   3201   1980      0      0 130325 130326      0      0      0      0      0      0 
    0    446     44     47    100     72      0      0      0      0   3201   1980      0      0 130325 130326      0      0      0      0     59     16 
    0    538     44     50    100     76      0      0      0      0   3201   1980      0      0 130325 130326      0      0      0      0     50     16 
    0    550     45     49    100     72      0      0      0      0   3201   1980      0      0 130325 130326      0      0      0      0     67     17 
    0    557     45     50    100     72      0      0      0      0   3201   1980      0      0 130325 130326      0      0      0      0     48     15 
    0    346     38     38      0      0      0      0      0      0   3201   1980      0      0 130325 130326      0      0      0      0      0      0 
    0    495     45     49    100     74      0      0      0      0   3201   1980      0      0 130325 130326      0      0      0      0     58     16 
    0    550     46     49    100     72      0      0      0      0   3201   1980      0      0 130325 130326      0      0      0      0     55     16 
    0    551     47     51    100     75      0      0      0      0   3201   1980      0      0 130325 130326      0      0      0      0     67     16 
    0    559     45     47    100     73      0      0      0      0   3201   1980      0      0 130325 130326      0      0      0      0     58     16 
    0    498     42     43      0      0      0      0      0      0   3201   1980      0      0 130325 130326      0      0      0      0      0      0 
    0    135     38     37      0      0      0      0      0      0   3201   1980      0      0 130325 130326      0      0      0      0      0      0 
    0    428     44     46    100     73      0      0      0      0   3201   1980      0      0 130325 130326      0      0      0      0     66     16 
    0    559     46     48    100     71      0      0      0      0   3201   1980      0      0 130325 130326      0      0      0      0     64     17 
    0    561     46     48    100     73      0      0      0      0   3201   1980      0      0 130325 130326      0      0      0      0     57     17 
# gpu    pwr  gtemp  mtemp     sm    mem    enc    dec    jpg    ofa   mclk   pclk  pviol  tviol     fb   bar1   ccpm  sbecc  dbecc    pci  rxpci  txpci 
# Idx      W      C      C      %      %      %      %      %      %    MHz    MHz      %   bool     MB     MB     MB   errs   errs   errs   MB/s   MB/s 
    0    485     45     48    100     73      0      0      0      0   3201   1980      0      0 130325 130326      0      0      0      0     51     16 
    0    470     45     49    100     73      0      0      0      0   3201   1980      0      0 130325 130326      0      0      0      0     57     15 
    0    244     38     38      0      0      0      0      0      0   3201   1980      0      0 130325 130326      0      0      0      0      0      0 
    0    411     44     49    100     73      0      0      0      0   3201   1980      0      0 130325 130326      0      0      0      0     51     16 
    0    294     38     37      0      0      0      0      0      0   3201   1980      0      0 130325 130326      0      0      0      0      0      0 
    0    358     44     47    100     76      0      0      0      0   3201   1980      0      0 130325 130326      0      0      0      0     55     16 
    0    559     45     47    100     71      0      0      0      0   3201   1980      0      0 130325 130326      0      0      0      0     98     17 
    0    564     46     50    100     73      0      0      0      0   3201   1980      0      0 130325 130326      0      0      0      0     58     15 
    0    559     46     50    100     73      0      0      0      0   3201   1980      0      0 130325 130326      0      0      0      0     75     18 
    0    558     46     49    100     76      0      0      0      0   3201   1980      0      0 130325 130326      0      0      0      0     51     16 
    0    295     43     46     98     74      0      0      0      0   3201   1980      0      0 130325 130326      0      0      0      0     51     16 
    0    549     46     49    100     73      0      0      0      0   3201   1980      0      0 130325 130326      0      0      0      0     58     16 
    0    555     47     50    100     72      0      0      0      0   3201   1980      0      0 130325 130326      0      0      0      0     58     17 
    0    480     45     49    100     73      0      0      0      0   3201   1980      0      0 130325 130326      0      0      0      0     58     16 
    0    551     46     50    100     73      0      0      0      0   3201   1980      0      0 130325 130326      0      0      0      0     71     17 
    0    433     41     41      0      0      0      0      0      0   3201   1980      0      0 130325 130326      0      0      0      0      0      0 
    0    273     44     47    100     73      0      0      0      0   3201   1980      0      0 130325 130326      0      0      0      0     50     16 
    0    555     46     48    100     74      0      0      0      0   3201   1980      0      0 130325 130326      0      0      0      0     58     16 
    0    503     43     44     78     60      0      0      0      0   3201   1980      0      0 130325 130326      0      0      0      0      0      0 
    0    301     46     48    100     72      0      0      0      0   3201   1980      0      0 130325 130326      0      0      0      0     57     16 
    0    453     43     47    100     76      0      0      0      0   3201   1980      0      0 130325 130326      0      0      0      0     52     16 
    0    559     46     51    100     73      0      0      0      0   3201   1980      0      0 130325 130326      0      0      0      0     58     16 
    0    497     46     50    100     73      0      0      0      0   3201   1980      0      0 130325 130326      0      0      0      0     52     16 
    0    404     45     49    100     76      0      0      0      0   3201   1980      0      0 130325 130326      0      0      0      0     52     18 
    0    471     41     42      0      0      0      0      0      0   3201   1980      0      0 130325 130326      0      0      0      0      0      0 
    0    537     46     50    100     76      0      0      0      0   3201   1980      0      0 130325 130326      0      0      0      0     52     16 
    0    559     46     51    100     73      0      0      0      0   3201   1980      0      0 130325 130326      0      0      0      0     52     16 
    0    254     39     38      0      0      0      0      0      0   3201   1980      0      0 130325 130326      0      0      0      0      0      0 
    0    499     46     49    100     74      0      0      0      0   3201   1980      0      0 130325 130326      0      0      0      0     51     16 
    0    554     46     51    100     73      0      0      0      0   3201   1980      0      0 130325 130326      0      0      0      0     55     18 
    0    553     46     50    100     73      0      0      0      0   3201   1980      0      0 130325 130326      0      0      0      0     72     16 
    0    559     46     51    100     76      0      0      0      0   3201   1980      0      0 130325 130326      0      0      0      0     66     16 
    0    557     47     51    100     76      0      0      0      0   3201   1980      0      0 130325 130326      0      0      0      0     58     16 
    0    560     47     51    100     73      0      0      0      0   3201   1980      0      0 130325 130326      0      0      0      0     50     16 
    0    372     42     42      0      0      0      0      0      0   3201   1980      0      0 130325 130326      0      0      0      0     52     19 
    0    555     46     49    100     76      0      0      0      0   3201   1980      0      0 130325 130326      0      0      0      0      0      0 
    0    381     46     50    100     76      0      0      0      0   3201   1980      0      0 130325 130326      0      0      0      0     52     11 
    0    502     46     50    100     71      0      0      0      0   3201   1980      0      0 130325 130326      0      0      0      0     58     16 
    0    373     40     40      0      0      0      0      0      0   3201   1980      0      0 130325 130326      0      0      0      0      0      6 
    0    542     46     50    100     76      0      0      0      0   3201   1980      0      0 130325 130326      0      0      0      0     48     15 
    0    287     39     39      0      0      0      0      0      0   3201   1980      0      0 130325 130326      0      0      0      0      0      1 
    0    134     38     37      0      0      0      0      0      0   3201   1980      0      0 130325 130326      0      0      0      0      0      0 
    0    138     38     36      0      0      0      0      0      0   3201   1980      0      0 130325 130326      0      0      0      0     61     16 
    0    419     39     39      0      0      0      0      0      0   3201   1980      0      0 130325 130326      0      0      0      0     52     16 
# gpu    pwr  gtemp  mtemp     sm    mem    enc    dec    jpg    ofa   mclk   pclk  pviol  tviol     fb   bar1   ccpm  sbecc  dbecc    pci  rxpci  txpci 
# Idx      W      C      C      %      %      %      %      %      %    MHz    MHz      %   bool     MB     MB     MB   errs   errs   errs   MB/s   MB/s 
    0    550     45     49    100     73      0      0      0      0   3201   1980      0      0 130325 130326      0      0      0      0     56     17 
    0    459     45     50    100     76      0      0      0      0   3201   1980      0      0 130325 130326      0      0      0      0     51     15 
    0    494     45     50    100     72      0      0      0      0   3201   1980      0      0 130325 130326      0      0      0      0     67     18 
    0    557     46     49    100     72      0      0      0      0   3201   1980      0      0 130325 130326      0      0      0      0     58     16 
    0    559     46     50    100     76      0      0      0      0   3201   1980      0      0 130325 130326      0      0      0      0     51     17 
    0    425     46     50    100     76      0      0      0      0   3201   1980      0      0 130325 130326      0      0      0      0     48     15 
    0    202     39     37      0      0      0      0      0      0   3201   1980      0      0 130325 130326      0      0      0      0      0      1 
    0    422     41     42     45     34      0      0      0      0   3201   1980      0      0 130325 130326      0      0      0      0      0      0 
    0    464     45     48    100     74      0      0      0      0   3201   1980      0      0 130325 130326      0      0      0      0     46     18 
    0    561     46     49    100     73      0      0      0      0   3201   1980      0      0 130325 130326      0      0      0      0     72     17 
    0    524     46     50    100     72      0      0      0      0   3201   1980      0      0 130325 130326      0      0      0      0     66     17 
    0    304     39     38      0      0      0      0      0      0   3201   1980      0      0 130325 130326      0      0      0      0     51     16 
    0    547     46     48    100     73      0      0      0      0   3201   1980      0      0 130325 130326      0      0      0      0     67     18 
    0    556     46     50    100     73      0      0      0      0   3201   1980      0      0 130325 130326      0      0      0      0     52     16 
    0    319     39     39      0      0      0      0      0      0   3201   1980      0      0 130325 130326      0      0      0      0     18     18 
    0    553     46     50    100     73      0      0      0      0   3201   1980      0      0 130325 130326      0      0      0      0     51     16 
    0    558     47     51    100     76      0      0      0      0   3201   1980      0      0 130325 130326      0      0      0      0     51     17 
    0    560     47     51    100     73      0      0      0      0   3201   1980      0      0 130325 130326      0      0      0      0     67     16 
    0    254     39     39      0      0      0      0      0      0   3201   1980      0      0 130325 130326      0      0      0      0     51     17 
    0    563     46     50    100     74      0      0      0      0   3201   1980      0      0 130325 130326      0      0      0      0     58     16 
    0    560     47     51    100     73      0      0      0      0   3201   1980      0      0 130325 130326      0      0      0      0     48     16 
    0    209     39     38      0      0      0      0      0      0   3201   1980      0      0 130325 130326      0      0      0      0      0      0 
