# gpu    pwr  gtemp  mtemp     sm    mem    enc    dec    jpg    ofa   mclk   pclk  pviol  tviol     fb   bar1   ccpm  sbecc  dbecc    pci  rxpci  txpci 
# Idx      W      C      C      %      %      %      %      %      %    MHz    MHz      %   bool     MB     MB     MB   errs   errs   errs   MB/s   MB/s 
    0    136     34     33      0      0      0      0      0      0   3201   1980      0      0 130319 130320      0      0      0      0      0      0 
    0    131     34     33      0      0      0      0      0      0   3201   1980      0      0 130319 130320      0      0      0      0      0      0 
    0    130     34     33      0      0      0      0      0      0   3201   1980      0      0 130319 130320      0      0      0      0      0      1 
    0    130     34     33      0      0      0      0      0      0   3201   1980      0      0 130319 130320      0      0      0      0      0      0 
    0    130     33     33      0      0      0      0      0      0   3201   1980      0      0 130319 130320      0      0      0      0      0      1 
    0    130     33     32      0      0      0      0      0      0   3201   1980      0      0 130319 130320      0      0      0      0      0      0 
    0    130     33     33      0      0      0      0      0      0   3201   1980      0      0 130319 130320      0      0      0      0      0      1 
    0    130     33     33      0      0      0      0      0      0   3201   1980      0      0 130319 130320      0      0      0      0      0      0 
    0    130     33     33      0      0      0      0      0      0   3201   1980      0      0 130319 130320      0      0      0      0      0      1 
    0    130     33     33      0      0      0      0      0      0   3201   1980      0      0 130319 130320      0      0      0      0      0      0 
    0    130     33     32      0      0      0      0      0      0   3201   1980      0      0 130319 130320      0      0      0      0      0      1 
    0    130     33     33      0      0      0      0      0      0   3201   1980      0      0 130319 130320      0      0      0      0      0      0 
    0    130     33     32      0      0      0      0      0      0   3201   1980      0      0 130319 130320      0      0      0      0      0      0 
    0    140     33     32     15      6      0      0      0      0   3201   1980      0      0 130325 130326      0      0      0      0     52     16 
    0    416     35     35      0      0      0      0      0      0   3201   1980      0      0 130325 130326      0      0      0      0      0      0 
    0    428     37     37      0      0      0      0      0      0   3201   1980      0      0 130325 130326      0      0      0      0      0      3 
    0    489     41     43     53     36      0      0      0      0   3201   1980      0      0 130325 130326      0      0      0      0     52     16 
    0    555     43     47    100     76      0      0      0      0   3201   1980      0      0 130325 130326      0      0      0      0     19      0 
    0    419     43     48    100     69      0      0      0      0   3201   1980      0      0 130325 130326      0      0      0      0     49     16 
    0    408     37     37      0      0      0      0      0      0   3201   1980      0      0 130325 130326      0      0      0      0      0      0 
    0    132     36     34      0      0      0      0      0      0   3201   1980      0      0 130325 130326      0      0      0      0      0      0 
    0    421     38     38      0      0      0      0      0      0   3201   1980      0      0 130325 130326      0      0      0      0      0      0 
    0    132     35     34      0      0      0      0      0      0   3201   1980      0      0 130325 130326      0      0      0      0      0      0 
    0    131     35     33      0      0      0      0      0      0   3201   1980      0      0 130325 130326      0      0      0      0      0      0 
    0    447     42     44    100     73      0      0      0      0   3201   1980      0      0 130325 130326      0      0      0      0     52     16 
    0    338     36     36      0      0      0      0      0      0   3201   1980      0      0 130325 130326      0      0      0      0      0      0 
    0    423     43     47     42     32      0      0      0      0   3201   1980      0      0 130325 130326      0      0      0      0     47     16 
    0    495     42     43    100     76      0      0      0      0   3201   1980      0      0 130325 130326      0      0      0      0     52     16 
    0    328     37     37      0      0      0      0      0      0   3201   1980      0      0 130325 130326      0      0      0      0      0      0 
    0    132     36     34      0      0      0      0      0      0   3201   1980      0      0 130325 130326      0      0      0      0      0      0 
    0    430     43     45    100     73      0      0      0      0   3201   1980     31      0 130325 130326      0      0      0      0     71     16 
    0    232     36     35      0      0      0      0      0      0   3201   1980      0      0 130325 130326      0      0      0      0      0      0 
    0    422     40     43    100     76      0      0      0      0   3201   1980      0      0 130325 130326      0      0      0      0      0      0 
    0    240     41     44    100     76      0      0      0      0   3201   1980      0      0 130325 130326      0      0      0      0     52     16 
    0    271     36     35      0      0      0      0      0      0   3201   1980      0      0 130325 130326      0      0      0      0      0      0 
    0    251     41     45    100     76      0      0      0      0   3201   1980      0      0 130325 130326      0      0      0      0     52     16 
    0    265     36     35      0      0      0      0      0      0   3201   1980      0      0 130325 130326      0      0      0      0      0      0 
    0    132     36     34      0      0      0      0      0      0   3201   1980      0      0 130325 130326      0      0      0      0      0      0 
    0    131     35     34      0      0      0      0      0      0   3201   1980      0      0 130325 130326      0      0      0      0      0      0 
    0    380     42     44    100     76      0      0      0      0   3201   1980      0      0 130325 130326      0      0      0      0     17      0 
    0    163     35     34      0      0      0      0      0      0   3201   1980      0      0 130325 130326      0      0      0      0     49     16 
    0    558     43     47    100     76      0      0      0      0   3201   1980      0      0 130325 130326      0      0      0      0     52     17 
    0    204     36     35      0      0      0      0      0      0   3201   1980      0      0 130325 130326      0      0      0      0     52     16 
    0    493     39     40      0      0      0      0      0      0   3201   1980      0      0 130325 130326      0      0      0      0      0      0 
# gpu    pwr  gtemp  mtemp     sm    mem    enc    dec    jpg    ofa   mclk   pclk  pviol  tviol     fb   bar1   ccpm  sbecc  dbecc    pci  rxpci  txpci 
# Idx      W      C      C      %      %      %      %      %      %    MHz    MHz      %   bool     MB     MB     MB   errs   errs   errs   MB/s   MB/s 
    0    500     44     45    100     76      0      0      0      0   3201   1980      0      0 130325 130326      0      0      0      0      0      0 
    0    133     36     35      0      0      0      0      0      0   3201   1980      0      0 130325 130326      0      0      0      0      0      1 
    0    132     36     34      0      0      0      0      0      0   3201   1980      0      0 130325 130326      0      0      0      0      0      9 
    0    504     43     47    100     76      0      0      0      0   3201   1980      0      0 130325 130326      0      0      0      0     52     17 
    0    557     44     47    100     73      0      0      0      0   3201   1980     27      0 130325 130326      0      0      0      0     52     16 
    0    262     37     36      0      0      0      0      0      0   3201   1980      0      0 130325 130326      0      0      0      0     53     17 
    0    560     44     48    100     76      0      0      0      0   3201   1980     33      0 130325 130326      0      0      0      0     52     16 
    0    502     44     48    100     73      0      0      0      0   3201   1980      0      0 130325 130326      0      0      0      0     58     17 
    0    458     44     47    100     76      0      0      0      0   3201   1980      0      0 130325 130326      0      0      0      0      6      0 
    0    451     45     49    100     76      0      0      0      0   3201   1980      0      0 130325 130326      0      0      0      0      0      1 
    0    430     41     43      0      0      0      0      0      0   3201   1980      0      0 130325 130326      0      0      0      0      0      0 
    0    133     37     36      0      0      0      0      0      0   3201   1980      0      0 130325 130326      0      0      0      0      0      1 
    0    132     36     35      0      0      0      0      0      0   3201   1980      0      0 130325 130326      0      0      0      0     48     16 
    0    430     38     38      0      0      0      0      0      0   3201   1980      0      0 130325 130326      0      0      0      0      0      1 
    0    533     44     45    100     76      0      0      0      0   3201   1980     34      0 130325 130326      0      0      0      0     52     16 
    0    481     40     41      0      0      0      0      0      0   3201   1980     30      0 130325 130326      0      0      0      0      0      1 
    0    461     44     46    100     73      0      0      0      0   3201   1980      0      0 130325 130326      0      0      0      0      0      0 
    0    398     44     48    100     76      0      0      0      0   3201   1980      0      0 130325 130326      0      0      0      0     29      0 
    0    385     45     46    100     73      0      0      0      0   3201   1965     32      0 130325 130326      0      0      0      0     67     16 
    0    557     45     49    100     75      0      0      0      0   3201   1980     42      0 130325 130326      0      0      0      0     52     16 
    0    506     45     49    100     76      0      0      0      0   3201   1980      0      0 130325 130326      0      0      0      0     58     16 
    0    436     40     40      0      0      0      0      0      0   3201   1980      0      0 130325 130326      0      0      0      0      0      0 
    0    133     37     36      0      0      0      0      0      0   3201   1980      0      0 130325 130326      0      0      0      0      0      0 
    0    133     37     35      0      0      0      0      0      0   3201   1980      0      0 130325 130326      0      0      0      0      0      0 
    0    132     36     35      0      0      0      0      0      0   3201   1980      0      0 130325 130326      0      0      0      0      0      0 
    0    430     44     46    100     67      0      0      0      0   3201   1965     36      0 130325 130326      0      0      0      0     58     17 
    0    410     43     39      0      0      0      0      0      0   3201   1980     14      0 130325 130326      0      0      0      0     49     16 
    0    562     45     47    100     76      0      0      0      0   3201   1980      0      0 130325 130326      0      0      0      0     58     16 
    0    560     45     49    100     75      0      0      0      0   3201   1980     30      0 130325 130326      0      0      0      0      0      0 
    0    438     45     50    100     73      0      0      0      0   3201   1980     27      0 130325 130326      0      0      0      0     52     16 
    0    494     40     41     68     52      0      0      0      0   3201   1980      0      0 130325 130326      0      0      0      0      0      0 
    0    234     43     44    100     67      0      0      0      0   3201   1965     15      0 130325 130326      0      0      0      0     52     16 
    0    388     38     38      0      0      0      0      0      0   3201   1980     16      0 130325 130326      0      0      0      0      0      0 
    0    298     44     48    100     73      0      0      0      0   3201   1980      0      0 130325 130326      0      0      0      0     56     16 
    0    325     38     37      0      0      0      0      0      0   3201   1980      0      0 130325 130326      0      0      0      0      0      0 
    0    133     37     35      0      0      0      0      0      0   3201   1980      0      0 130325 130326      0      0      0      0      0      0 
    0    133     36     35      0      0      0      0      0      0   3201   1980      0      0 130325 130326      0      0      0      0      0      0 
    0    416     46     46    100     76      0      0      0      0   3201   1980      0      0 130325 130326      0      0      0      0     52     16 
    0    427     38     38      0      0      0      0      0      0   3201   1980      0      0 130325 130326      0      0      0      0      0      0 
    0    133     36     35      0      0      0      0      0      0   3201   1980      0      0 130325 130326      0      0      0      0      4      0 
    0    132     36     34      0      0      0      0      0      0   3201   1980      0      0 130325 130326      0      0      0      0      0      0 
    0    305     42     45    100     76      0      0      0      0   3201   1980      0      0 130325 130326      0      0      0      0     52     16 
    0    458     43     46    100     76      0      0      0      0   3201   1980      0      0 130325 130326      0      0      0      0     50     16 
    0    277     42     43    100     73      0      0      0      0   3201   1965     16      0 130325 130326      0      0      0      0     58     16 
# gpu    pwr  gtemp  mtemp     sm    mem    enc    dec    jpg    ofa   mclk   pclk  pviol  tviol     fb   bar1   ccpm  sbecc  dbecc    pci  rxpci  txpci 
# Idx      W      C      C      %      %      %      %      %      %    MHz    MHz      %   bool     MB     MB     MB   errs   errs   errs   MB/s   MB/s 
    0    571     44     48    100     73      0      0      0      0   3201   1980     46      0 130325 130326      0      0      0      0     52     17 
    0    563     45     47    100     73      0      0      0      0   3201   1980     27      0 130325 130326      0      0      0      0     58     16 
    0    365     43     44      0      0      0      0      0      0   3201   1980      0      0 130325 130326      0      0      0      0     52     17 
    0    499     45     48    100     70      0      0      0      0   3201   1980      0      0 130325 130326      0      0      0      0     58     16 
    0    543     45     47    100     73      0      0      0      0   3201   1980      0      0 130325 130326      0      0      0      0     58     17 
    0    496     45     49    100     76      0      0      0      0   3201   1980      0      0 130325 130326      0      0      0      0     52     16 
    0    254     38     37      0      0      0      0      0      0   3201   1980      0      0 130325 130326      0      0      0      0      0      1 
    0    133     37     36      0      0      0      0      0      0   3201   1980      0      0 130325 130326      0      0      0      0      0      0 
    0    491     44     48    100     76      0      0      0      0   3201   1980     27      0 130325 130326      0      0      0      0     47     17 
    0    393     44     46    100     73      0      0      0      0   3201   1965     24      0 130325 130326      0      0      0      0     59     16 
    0    328     43     37      0      0      0      0      0      0   3201   1980      6      0 130325 130326      0      0      0      0     47     17 
    0    560     45     48    100     73      0      0      0      0   3201   1980      0      0 130325 130326      0      0      0      0     48     16 
    0    488     45     48    100     73      0      0      0      0   3201   1980      0      0 130325 130326      0      0      0      0     16      1 
    0    136     38     36      0      0      0      0      0      0   3201   1980      0      0 130325 130326      0      0      0      0      4     18 
    0    444     39     39     20     15      0      0      0      0   3201   1980     34      0 130325 130326      0      0      0      0      0      1 
    0    525     45     49    100     76      0      0      0      0   3201   1980      0      0 130325 130326      0      0      0      0     52     17 
    0    299     44     47    100     76      0      0      0      0   3201   1980      0      0 130325 130326      0      0      0      0     51     17 
    0    290     38     37      0      0      0      0      0      0   3201   1980      0      0 130325 130326      0      0      0      0      0      0 
    0    133     37     35      0      0      0      0      0      0   3201   1980      0      0 130325 130326      0      0      0      0      0      1 
    0    184     41     42     67     47      0      0      0      0   3201   1980      0      0 130325 130326      0      0      0      0     47     16 
    0    514     40     41     39     29      0      0      0      0   3201   1980      0      0 130325 130326      0      0      0      0     52     16 
    0    474     43     47      0      0      0      0      0      0   3201   1980      0      0 130325 130326      0      0      0      0     52     16 
    0    494     46     48    100     76      0      0      0      0   3201   1980      0      0 130325 130326      0      0      0      0     51     16 
    0    390     39     38      0      0      0      0      0      0   3201   1980      0      0 130325 130326      0      0      0      0      0      0 
    0    134     37     36      0      0      0      0      0      0   3201   1980      0      0 130325 130326      0      0      0      0      0      0 
    0    146     42     36      0      0      0      0      0      0   3201   1980      0      0 130325 130326      0      0      0      0     52     16 
    0    561     44     47    100     75      0      0      0      0   3201   1980      0      0 130325 130326      0      0      0      0     52     16 
    0    222     37     36      0      0      0      0      0      0   3201   1980      0      0 130325 130326      0      0      0      0      0      0 
    0    428     42     45    100     76      0      0      0      0   3201   1980      0      0 130325 130326      0      0      0      0      0      0 
    0    350     44     46    100     67      0      0      0      0   3201   1980      0      0 130325 130326      0      0      0      0     56     16 
    0    337     38     37      0      0      0      0      0      0   3201   1980      0      0 130325 130326      0      0      0      0      0      0 
    0    360     45     48    100     75      0      0      0      0   3201   1980      0      0 130325 130326      0      0      0      0     53     16 
    0    380     38     38      0      0      0      0      0      0   3201   1980      0      0 130325 130326      0      0      0      0      0      0 
    0    133     37     35      0      0      0      0      0      0   3201   1980      0      0 130325 130326      0      0      0      0     52     16 
    0    477     43     46     33     21      0      0      0      0   3201   1980      0      0 130325 130326      0      0      0      0     46     16 
    0    358     38     37      0      0      0      0      0      0   3201   1980      0      0 130325 130326      0      0      0      0      0      0 
    0    184     41     42     65     45      0      0      0      0   3201   1980      0      0 130325 130326      0      0      0      0     52     16 
    0    385     38     37      0      0      0      0      0      0   3201   1980      0      0 130325 130326      0      0      0      0     52     16 
    0    426     38     38      0      0      0      0      0      0   3201   1980      0      0 130325 130326      0      0      0      0      0      0 
    0    430     44     49    100     75      0      0      0      0   3201   1980      0      0 130325 130326      0      0      0      0     52     16 
    0    390     38     38      0      0      0      0      0      0   3201   1980      0      0 130325 130326      0      0      0      0      0      0 
    0    133     37     36      0      0      0      0      0      0   3201   1980      0      0 130325 130326      0      0      0      0      0      0 
    0    141     40     35      0      0      0      0      0      0   3201   1980      0      0 130325 130326      0      0      0      0     52     16 
    0    422     38     37      0      0      0      0      0      0   3201   1980      0      0 130325 130326      0      0      0      0     52     16 
# gpu    pwr  gtemp  mtemp     sm    mem    enc    dec    jpg    ofa   mclk   pclk  pviol  tviol     fb   bar1   ccpm  sbecc  dbecc    pci  rxpci  txpci 
# Idx      W      C      C      %      %      %      %      %      %    MHz    MHz      %   bool     MB     MB     MB   errs   errs   errs   MB/s   MB/s 
    0    562     44     49    100     76      0      0      0      0   3201   1980      0      0 130325 130326      0      0      0      0     49     17 
    0    463     45     48    100     73      0      0      0      0   3201   1980      0      0 130325 130326      0      0      0      0     65     17 
    0    406     43     47     44     29      0      0      0      0   3201   1980      0      0 130325 130326      0      0      0      0     52     17 
    0    509     40     41    100     76      0      0      0      0   3201   1980     28      0 130325 130326      0      0      0      0      0      8 
    0    549     45     50    100     73      0      0      0      0   3201   1980     30      0 130325 130326      0      0      0      0     53     16 
    0    506     44     43      0      0      0      0      0      0   3201   1980      0      0 130325 130326      0      0      0      0     52     16 
    0    473     45     47     79     56      0      0      0      0   3201   1980      0      0 130325 130326      0      0      0      0     52     16 
    0    491     45     49    100     76      0      0      0      0   3201   1980      0      0 130325 130326      0      0      0      0     52     16 
    0    403     45     47    100     76      0      0      0      0   3201   1980      0      0 130325 130326      0      0      0      0     52     16 
    0    408     45     47    100     75      0      0      0      0   3201   1980      0      0 130325 130326      0      0      0      0     49     16 
    0    505     41     42    100     76      0      0      0      0   3201   1980     32      0 130325 130326      0      0      0      0      0      0 
    0    135     38     37      0      0      0      0      0      0   3201   1980      0      0 130325 130326      0      0      0      0      0      0 
    0    412     45     46    100     73      0      0      0      0   3201   1980      0      0 130325 130326      0      0      0      0     58     16 
    0    564     45     50    100     76      0      0      0      0   3201   1980      0      0 130325 130326      0      0      0      0     30      0 
    0    152     38     37      0      0      0      0      0      0   3201   1980      0      0 130325 130326      0      0      0      0      0      0 
    0    319     44     48    100     76      0      0      0      0   3201   1980      0      0 130325 130326      0      0      0      0     47     16 
    0    213     37     36      0      0      0      0      0      0   3201   1980      0      0 130325 130326      0      0      0      0      0      0 
    0    431     39     40      0      0      0      0      0      0   3201   1980      0      0 130325 130326      0      0      0      0      0      0 
    0    441     44     47    100     73      0      0      0      0   3201   1980     32      0 130325 130326      0      0      0      0     52     16 
    0    188     37     36      0      0      0      0      0      0   3201   1980      0      0 130325 130326      0      0      0      0      0      0 
    0    203     42     44    100     76      0      0      0      0   3201   1980      0      0 130325 130326      0      0      0      0     46     16 
    0    365     38     37      0      0      0      0      0      0   3201   1980      0      0 130325 130326      0      0      0      0     41     16 
    0    437     38     38      0      0      0      0      0      0   3201   1980      0      0 130325 130326      0      0      0      0      0      0 
    0    133     37     35      0      0      0      0      0      0   3201   1980      0      0 130325 130326      0      0      0      0      0      0 
    0    132     36     35      0      0      0      0      0      0   3201   1980      0      0 130325 130326      0      0      0      0      0      0 
    0    132     36     34      0      0      0      0      0      0   3201   1980      0      0 130325 130326      0      0      0      0      0      0 
    0    132     36     34      0      0      0      0      0      0   3201   1980      0      0 130325 130326      0      0      0      0      0      0 
    0    131     35     33      0      0      0      0      0      0   3201   1980      0      0 130325 130326      0      0      0      0      0      1 
    0    312     41     46    100     73      0      0      0      0   3201   1965     27      0 130325 130326      0      0      0      0     55     16 
    0    332     36     35      0      0      0      0      0      0   3201   1980      4      0 130325 130326      0      0      0      0      0      1 
    0    272     42     43    100     76      0      0      0      0   3201   1980      0      0 130325 130326      0      0      0      0     58     16 
    0    458     42     46      6      3      0      0      0      0   3201   1980      8      0 130325 130326      0      0      0      0     51     17 
    0    378     37     37      0      0      0      0      0      0   3201   1980     23      0 130325 130326      0      0      0      0      0      0 
    0    229     41     43    100     76      0      0      0      0   3201   1980      0      0 130325 130326      0      0      0      0     49     17 
    0    297     37     36      0      0      0      0      0      0   3201   1980      0      0 130325 130326      0      0      0      0      0      0 
    0    409     43     48    100     76      0      0      0      0   3201   1980      0      0 130325 130326      0      0      0      0      0      1 
    0    524     44     48    100     73      0      0      0      0   3201   1965     28      0 130325 130326      0      0      0      0     58     16 
    0    353     41     42     16      8      0      0      0      0   3201   1980      2      0 130325 130326      0      0      0      0     52     17 
    0    565     45     48    100     76      0      0      0      0   3201   1980      0      0 130325 130326      0      0      0      0     52     16 
    0    311     43     46    100     72      0      0      0      0   3201   1980      0      0 130325 130326      0      0      0      0     52     17 
    0    280     37     37      0      0      0      0      0      0   3201   1980      0      0 130325 130326      0      0      0      0      0      0 
    0    273     43     44    100     76      0      0      0      0   3201   1980      0      0 130325 130326      0      0      0      0     52     18 
    0    255     37     36      0      0      0      0      0      0   3201   1980      0      0 130325 130326      0      0      0      0      0      0 
    0    132     36     35      0      0      0      0      0      0   3201   1980      0      0 130325 130326      0      0      0      0      0      1 
# gpu    pwr  gtemp  mtemp     sm    mem    enc    dec    jpg    ofa   mclk   pclk  pviol  tviol     fb   bar1   ccpm  sbecc  dbecc    pci  rxpci  txpci 
# Idx      W      C      C      %      %      %      %      %      %    MHz    MHz      %   bool     MB     MB     MB   errs   errs   errs   MB/s   MB/s 
    0    132     36     34      0      0      0      0      0      0   3201   1980      0      0 130325 130326      0      0      0      0      0      0 
    0    421     40     42     97     75      0      0      0      0   3201   1980      0      0 130325 130326      0      0      0      0      0      0 
    0    132     36     35      0      0      0      0      0      0   3201   1980      0      0 130325 130326      0      0      0      0      0      0 
    0    505     43     47    100     74      0      0      0      0   3201   1980     34      0 130325 130326      0      0      0      0     52     16 
    0    304     41     43      0      0      0      0      0      0   3201   1980      0      0 130325 130326      0      0      0      0     69     16 
    0    544     44     48    100     73      0      0      0      0   3201   1980      0      0 130325 130326      0      0      0      0     82     18 
    0    464     39     40      0      0      0      0      0      0   3201   1980     32      0 130325 130326      0      0      0      0      0      0 
    0    332     43     47    100     69      0      0      0      0   3201   1965     19      0 130325 130326      0      0      0      0     51     16 
    0    528     42     45    100     76      0      0      0      0   3201   1980      9      0 130325 130326      0      0      0      0     21      0 
    0    133     37     36      0      0      0      0      0      0   3201   1980      0      0 130325 130326      0      0      0      0      0      0 
    0    218     41     43    100     76      0      0      0      0   3201   1980      0      0 130325 130326      0      0      0      0     53     16 
    0    335     41     39      0      0      0      0      0      0   3201   1980      0      0 130325 130326      0      0      0      0     51     16 
    0    511     40     41    100     76      0      0      0      0   3201   1980     30      0 130325 130326      0      0      0      0      0      0 
    0    460     43     43     17      9      0      0      0      0   3201   1980      0      0 130325 130326      0      0      0      0     52     16 
    0    519     41     43     76     58      0      0      0      0   3201   1980      0      0 130325 130326      0      0      0      0      0      0 
    0    133     37     36      0      0      0      0      0      0   3201   1980      0      0 130325 130326      0      0      0      0      0      0 
    0    195     41     43      0      0      0      0      0      0   3201   1980      0      0 130325 130326      0      0      0      0     52     16 
    0    445     43     47    100     76      0      0      0      0   3201   1980      0      0 130325 130326      0      0      0      0     52     16 
    0    520     44     49    100     76      0      0      0      0   3201   1980      0      0 130325 130326      0      0      0      0     52     16 
    0    466     44     48    100     75      0      0      0      0   3201   1980      0      0 130325 130326      0      0      0      0      0      0 
    0    301     44     46    100     76      0      0      0      0   3201   1980      0      0 130325 130326      0      0      0      0     59     16 
    0    563     45     49    100     67      0      0      0      0   3201   1965     13      0 130325 130326      0      0      0      0     64     17 
    0    393     39     39      0      0      0      0      0      0   3201   1980     19      0 130325 130326      0      0      0      0      0      1 
    0    134     37     36      0      0      0      0      0      0   3201   1980      0      0 130325 130326      0      0      0      0      0      0 
    0    259     42     43    100     76      0      0      0      0   3201   1980      0      0 130325 130326      0      0      0      0     49     18 
    0    282     37     36      0      0      0      0      0      0   3201   1980      0      0 130325 130326      0      0      0      0     52     16 
    0    565     45     47    100     73      0      0      0      0   3201   1965     39      0 130325 130326      0      0      0      0     58     17 
    0    558     45     48    100     67      0      0      0      0   3201   1965     75      0 130325 130326      0      0      0      0     46     16 
    0    337     38     38      0      0      0      0      0      0   3201   1980     10      0 130325 130326      0      0      0      0      0      1 
