# gpu    pwr  gtemp  mtemp     sm    mem    enc    dec    jpg    ofa   mclk   pclk  pviol  tviol     fb   bar1   ccpm  sbecc  dbecc    pci  rxpci  txpci 
# Idx      W      C      C      %      %      %      %      %      %    MHz    MHz      %   bool     MB     MB     MB   errs   errs   errs   MB/s   MB/s 
    0    152     37     38      7      5      0      0      0      0   3201   1980      0      0 130319 130320      0      0      0      0      0      0 
    0    130     34     33      0      0      0      0      0      0   3201   1980      0      0 130319 130320      0      0      0      0      0      0 
    0    130     33     33      0      0      0      0      0      0   3201   1980      0      0 130319 130320      0      0      0      0      0      0 
    0    130     33     33      0      0      0      0      0      0   3201   1980      0      0 130319 130320      0      0      0      0      0      0 
    0    130     33     33      0      0      0      0      0      0   3201   1980      0      0 130319 130320      0      0      0      0      0     16 
    0    130     33     32      0      0      0      0      0      0   3201   1980      0      0 130319 130320      0      0      0      0      0      0 
    0    130     33     32      0      0      0      0      0      0   3201   1980      0      0 130319 130320      0      0      0      0      0      0 
    0    130     33     32      0      0      0      0      0      0   3201   1980      0      0 130319 130320      0      0      0      0      0      0 
    0    130     33     32      0      0      0      0      0      0   3201   1980      0      0 130319 130320      0      0      0      0      0      0 
    0    130     33     32      0      0      0      0      0      0   3201   1980      0      0 130319 130320      0      0      0      0      0      0 
    0    130     33     32      0      0      0      0      0      0   3201   1980      0      0 130319 130320      0      0      0      0      4      0 
    0    130     33     32      0      0      0      0      0      0   3201   1980      0      0 130319 130320      0      0      0      0      0      0 
    0    130     33     32      0      0      0      0      0      0   3201   1980      0      0 130319 130320      0      0      0      0      0      0 
    0    130     33     32      0      0      0      0      0      0   3201   1980      0      0 130325 130326      0      0      0      0      0      7 
    0    326     38     40      0      0      0      0      0      0   3201   1980     32      0 130325 130326      0      0      0      0     51     10 
    0    349     35     35     24     18      0      0      0      0   3201   1980      0      0 130325 130326      0      0      0      0     72     16 
    0    296     35     34      0      0      0      0      0      0   3201   1980      0      0 130325 130326      0      0      0      0      0      1 
    0    215     34     33      0      0      0      0      0      0   3201   1980      0      0 130325 130326      0      0      0      0      0      0 
    0    130     34     33      0      0      0      0      0      0   3201   1980      1      0 130325 130326      0      0      0      0     51     16 
    0    282     41     35      0      0      0      0      0      0   3201   1980     29      0 130325 130326      0      0      0      0     51     16 
    0    372     38     40    100     76      0      0      0      0   3201   1980      0      0 130325 130326      0      0      0      0      0      0 
    0    136     34     33      0      0      0      0      0      0   3201   1980      0      0 130325 130326      0      0      0      0     63     18 
    0    280     35     33      0      0      0      0      0      0   3201   1980     40      0 130325 130326      0      0      0      0     51     16 
    0    297     37     38     95     67      0      0      0      0   3201   1980      0      0 130325 130326      0      0      0      0      0      0 
    0    214     36     35     23     18      0      0      0      0   3201   1980      0      0 130325 130326      0      0      0      0      0      0 
    0    131     34     33      0      0      0      0      0      0   3201   1980      0      0 130325 130326      0      0      0      0      0      0 
    0    216     35     34      0      0      0      0      0      0   3201   1980      0      0 130325 130326      0      0      0      0      0      0 
    0    301     36     35    100     76      0      0      0      0   3201   1980      0      0 130325 130326      0      0      0      0      0      0 
    0    288     39     40     27     15      0      0      0      0   3201   1980     37      0 130325 130326      0      0      0      0     52     17 
    0    184     35     33      0      0      0      0      0      0   3201   1980     27      0 130325 130326      0      0      0      0      0      0 
    0    303     37     38    100     71      0      0      0      0   3201   1980      0      0 130325 130326      0      0      0      0     46     16 
    0    329     40     42    100     75      0      0      0      0   3201   1980     36      0 130325 130326      0      0      0      0      0      0 
    0    331     36     36      0      0      0      0      0      0   3201   1980     66      0 130325 130326      0      0      0      0     65     16 
    0    319     40     39      0      0      0      0      0      0   3201   1980     32      0 130325 130326      0      0      0      0     51     16 
    0    192     35     33      0      0      0      0      0      0   3201   1980      0      0 130325 130326      0      0      0      0      0      0 
    0    239     41     36      0      0      0      0      0      0   3201   1980      0      0 130325 130326      0      0      0      0     51     12 
    0    336     36     35      0      0      0      0      0      0   3201   1980     37      0 130325 130326      0      0      0      0     58     16 
    0    321     36     35      0      0      0      0      0      0   3201   1980     31      0 130325 130326      0      0      0      0      0      9 
    0    473     38     38     95     72      0      0      0      0   3201   1980     73      0 130325 130326      0      0      0      0     13     17 
    0    294     36     35      0      0      0      0      0      0   3201   1980     27      0 130325 130326      0      0      0      0      0      0 
    0    131     35     34      0      0      0      0      0      0   3201   1980      0      0 130325 130326      0      0      0      0      0      0 
    0    349     42     44    100     73      0      0      0      0   3201   1965     49      0 130325 130326      0      0      0      0      0      0 
    0    430     45     43    100     76      0      0      0      0   3201   1965     61      0 130325 130326      0      0      0      0     64     16 
    0    425     46     43    100     69      0      0      0      0   3201   1965     68      0 130325 130326      0      0      0      0     51      2 
# gpu    pwr  gtemp  mtemp     sm    mem    enc    dec    jpg    ofa   mclk   pclk  pviol  tviol     fb   bar1   ccpm  sbecc  dbecc    pci  rxpci  txpci 
# Idx      W      C      C      %      %      %      %      %      %    MHz    MHz      %   bool     MB     MB     MB   errs   errs   errs   MB/s   MB/s 
    0    262     42     44    100     73      0      0      0      0   3201   1965     45      0 130325 130326      0      0      0      0      0      0 
    0    247     38     37    100     74      0      0      0      0   3201   1980     42      0 130325 130326      0      0      0      0      0      0 
    0    132     35     33      0      0      0      0      0      0   3201   1980      0      0 130325 130326      0      0      0      0      0      0 
    0    276     41     43      1      1      0      0      0      0   3201   1980      0      0 130325 130326      0      0      0      0      0      0 
    0    132     35     33      0      0      0      0      0      0   3201   1980      0      0 130325 130326      0      0      0      0      0      0 
    0    213     37     36     33     25      0      0      0      0   3201   1980      0      0 130325 130326      0      0      0      0      0      0 
    0    348     43     42    100     59      0      0      0      0   3201   1950     26      0 130325 130326      0      0      0      0     51     16 
    0    527     40     41    100     64      0      0      0      0   3201   1965    100      0 130325 130326      0      0      0      0      0      0 
    0    372     43     46    100     74      0      0      0      0   3201   1980      0      0 130325 130326      0      0      0      0      0      0 
    0    339     38     38     22     16      0      0      0      0   3201   1980     46      0 130325 130326      0      0      0      0      0      0 
    0    170     40     40      0      0      0      0      0      0   3201   1980      0      0 130325 130326      0      0      0      0     48     15 
    0    391     39     41    100     64      0      0      0      0   3201   1965     32      0 130325 130326      0      0      0      0      0      0 
    0    345     37     37      0      0      0      0      0      0   3201   1980     50      0 130325 130326      0      0      0      0     61     16 
    0    286     42     38     25     11      0      0      0      0   3201   1935     48      0 130325 130326      0      0      0      0     59     12 
    0    313     37     36      6      4      0      0      0      0   3201   1980     49      0 130325 130326      0      0      0      0      0      0 
    0    216     36     35      0      0      0      0      0      0   3201   1980     31      0 130325 130326      0      0      0      0      0      1 
    0    234     43     42    100     76      0      0      0      0   3201   1965     22      0 130325 130326      0      0      0      0     46     16 
    0    355     41     44    100     75      0      0      0      0   3201   1980     33      0 130325 130326      0      0      0      0      0      1 
    0    279     36     35      0      0      0      0      0      0   3201   1980     35      0 130325 130326      0      0      0      0      0      0 
    0    207     40     43      4      2      0      0      0      0   3201   1980      0      0 130325 130326      0      0      0      0     22     17 
    0    231     36     34      0      0      0      0      0      0   3201   1980      5      0 130325 130326      0      0      0      0     52     16 
    0    337     38     38    100     78      0      0      0      0   3201   1980     27      0 130325 130326      0      0      0      0      0      0 
    0    300     41     45     55     37      0      0      0      0   3201   1965     51      0 130325 130326      0      0      0      0      0      0 
    0    194     40     43      0      0      0      0      0      0   3201   1965     26      0 130325 130326      0      0      0      0      0      0 
    0    214     36     34      0      0      0      0      0      0   3201   1980     40      0 130325 130326      0      0      0      0      0      0 
    0    269     40     42     49     32      0      0      0      0   3201   1980      0      0 130325 130326      0      0      0      0      0      0 
    0    299     41     45     40     25      0      0      0      0   3201   1980     32      0 130325 130326      0      0      0      0      0      0 
    0    132     35     34      0      0      0      0      0      0   3201   1980      0      0 130325 130326      0      0      0      0      0      0 
    0    298     41     44    100     77      0      0      0      0   3201   1965     51      0 130325 130326      0      0      0      0      0      6 
    0    401     40     43    100     78      0      0      0      0   3201   1965     87      0 130325 130326      0      0      0      0      0      0 
    0    362     41     44      0      0      0      0      0      0   3201   1980      0      0 130325 130326      0      0      0      0      0      0 
    0    441     42     45      7      3      0      0      0      0   3201   1980     55      0 130325 130326      0      0      0      0      0      0 
    0    300     37     37      0      0      0      0      0      0   3201   1980     30      0 130325 130326      0      0      0      0      0      0 
    0    318     38     38     35     27      0      0      0      0   3201   1980      0      0 130325 130326      0      0      0      0     52     17 
    0    157     36     34      0      0      0      0      0      0   3201   1980      0      0 130325 130326      0      0      0      0     56     16 
    0    388     37     36      0      0      0      0      0      0   3201   1980      0      0 130325 130326      0      0      0      0      0      1 
    0    214     37     36      0      0      0      0      0      0   3201   1980      0      0 130325 130326      0      0      0      0      0      0 
    0    217     36     35      0      0      0      0      0      0   3201   1980      0      0 130325 130326      0      0      0      0     73     18 
    0    224     36     34      0      0      0      0      0      0   3201   1980     33      0 130325 130326      0      0      0      0      0      0 
    0    265     40     42      0      0      0      0      0      0   3201   1980     32      0 130325 130326      0      0      0      0      0      1 
    0    134     35     34      0      0      0      0      0      0   3201   1980      0      0 130325 130326      0      0      0      0      0      0 
    0    131     35     33      0      0      0      0      0      0   3201   1980      0      0 130325 130326      0      0      0      0      0      1 
    0    131     35     33      0      0      0      0      0      0   3201   1980      0      0 130325 130326      0      0      0      0      0      0 
    0    262     35     34      0      0      0      0      0      0   3201   1980     33      0 130325 130326      0      0      0      0      0      1 
# gpu    pwr  gtemp  mtemp     sm    mem    enc    dec    jpg    ofa   mclk   pclk  pviol  tviol     fb   bar1   ccpm  sbecc  dbecc    pci  rxpci  txpci 
# Idx      W      C      C      %      %      %      %      %      %    MHz    MHz      %   bool     MB     MB     MB   errs   errs   errs   MB/s   MB/s 
    0    391     41     44    100     75      0      0      0      0   3201   1965     55      0 130325 130326      0      0      0      0      0      0 
    0    217     38     38     87     68      0      0      0      0   3201   1965     39      0 130325 130326      0      0      0      0      0      1 
    0    263     40     41      0      0      0      0      0      0   3201   1965      9      0 130325 130326      0      0      0      0     52     16 
    0    364     41     43     22     11      0      0      0      0   3201   1980     53      0 130325 130326      0      0      0      0      0      8 
    0    303     37     37     17     13      0      0      0      0   3201   1980      0      0 130325 130326      0      0      0      0      0      0 
    0    213     37     36     38     30      0      0      0      0   3201   1980      0      0 130325 130326      0      0      0      0      0      1 
    0    131     35     33      0      0      0      0      0      0   3201   1980      0      0 130325 130326      0      0      0      0      0      0 
    0    217     35     34      0      0      0      0      0      0   3201   1980      0      0 130325 130326      0      0      0      0      0      1 
    0    319     37     36      0      0      0      0      0      0   3201   1980     33      0 130325 130326      0      0      0      0      0      0 
    0    408     43     43    100     56      0      0      0      0   3201   1950     33      0 130325 130326      0      0      0      0     19      1 
    0    318     43     43    100     76      0      0      0      0   3201   1965     50      0 130325 130326      0      0      0      0     47     16 
    0    185     36     34      0      0      0      0      0      0   3201   1980     20      0 130325 130326      0      0      0      0      0      1 
    0    331     42     41    100     65      0      0      0      0   3201   1965     11      0 130325 130326      0      0      0      0     51     16 
    0    348     46     44    100     78      0      0      0      0   3201   1965     31      0 130325 130326      0      0      0      0     52     17 
    0    160     35     34      0      0      0      0      0      0   3201   1980     18      0 130325 130326      0      0      0      0      0      0 
    0    301     38     38    100     78      0      0      0      0   3201   1980      0      0 130325 130326      0      0      0      0      0     17 
    0    300     36     35      0      0      0      0      0      0   3201   1980     33      0 130325 130326      0      0      0      0      0      0 
    0    496     43     45    100     76      0      0      0      0   3201   1965     24      0 130325 130326      0      0      0      0      0      0 
    0    132     36     34      0      0      0      0      0      0   3201   1980      5      0 130325 130326      0      0      0      0      0      0 
    0    288     40     43      0      0      0      0      0      0   3201   1965     20      0 130325 130326      0      0      0      0      0      0 
    0    456     38     39     30     23      0      0      0      0   3201   1965     97      0 130325 130326      0      0      0      0      0      0 
