# gpu    pwr  gtemp  mtemp     sm    mem    enc    dec    jpg    ofa   mclk   pclk  pviol  tviol     fb   bar1   ccpm  sbecc  dbecc    pci  rxpci  txpci 
# Idx      W      C      C      %      %      %      %      %      %    MHz    MHz      %   bool     MB     MB     MB   errs   errs   errs   MB/s   MB/s 
    0    164     36     37      0      0      0      0      0      0   3201   1980      0      0 130319 130320      0      0      0      0      0      0 
    0    139     34     33      0      0      0      0      0      0   3201   1980      0      0 130319 130320      0      0      0      0      0      0 
    0    130     33     33      0      0      0      0      0      0   3201   1980      0      0 130319 130320      0      0      0      0      0      0 
    0    130     33     33      0      0      0      0      0      0   3201   1980      0      0 130319 130320      0      0      0      0      0      1 
    0    130     33     33      0      0      0      0      0      0   3201   1980      0      0 130319 130320      0      0      0      0      0      0 
    0    130     33     32      0      0      0      0      0      0   3201   1980      0      0 130319 130320      0      0      0      0      0      1 
    0    130     33     32      0      0      0      0      0      0   3201   1980      0      0 130319 130320      0      0      0      0      0      0 
    0    130     33     32      0      0      0      0      0      0   3201   1980      0      0 130319 130320      0      0      0      0      0      1 
    0    130     33     32      0      0      0      0      0      0   3201   1980      0      0 130319 130320      0      0      0      0      0      0 
    0    130     33     32      0      0      0      0      0      0   3201   1980      0      0 130319 130320      0      0      0      0      0      1 
    0    130     33     32      0      0      0      0      0      0   3201   1980      0      0 130319 130320      0      0      0      0      0      0 
    0    130     33     32      0      0      0      0      0      0   3201   1980      0      0 130319 130320      0      0      0      0      0      1 
    0    130     33     32      0      0      0      0      0      0   3201   1980      0      0 130319 130320      0      0      0      0      0      0 
    0    358     39     43    100     76      0      0      0      0   3201   1980      0      0 130325 130326      0      0      0      0     53     16 
    0    557     42     46    100     67      0      0      0      0   3201   1980     25      0 130325 130326      0      0      0      0     53     16 
    0    564     45     45    100     76      0      0      0      0   3201   1980      0      0 130325 130326      0      0      0      0     52     16 
    0    385     38     35      0      0      0      0      0      0   3201   1980      0      0 130325 130326      0      0      0      0     51     16 
    0    402     37     36      0      0      0      0      0      0   3201   1980      0      0 130325 130326      0      0      0      0      0      1 
    0    335     42     43    100     73      0      0      0      0   3201   1980      0      0 130325 130326      0      0      0      0     58     16 
    0    531     43     48    100     75      0      0      0      0   3201   1980      0      0 130325 130326      0      0      0      0     56     17 
    0    552     44     49    100     76      0      0      0      0   3201   1980      0      0 130325 130326      0      0      0      0      0      0 
    0    320     43     44    100     73      0      0      0      0   3201   1965     29      0 130325 130326      0      0      0      0     72     18 
    0    488     44     48    100     76      0      0      0      0   3201   1980      0      0 130325 130326      0      0      0      0     51     16 
    0    508     44     48    100     76      0      0      0      0   3201   1980      0      0 130325 130326      0      0      0      0      0      1 
    0    425     40     42    100     76      0      0      0      0   3201   1980      0      0 130325 130326      0      0      0      0      0      0 
    0    133     37     35      0      0      0      0      0      0   3201   1980      0      0 130325 130326      0      0      0      0      0      1 
    0    495     43     45     52     35      0      0      0      0   3201   1980      0      0 130325 130326      0      0      0      0     49     15 
    0    541     41     43     82     62      0      0      0      0   3201   1980     27      0 130325 130326      0      0      0      0     57     16 
    0    556     45     50    100     73      0      0      0      0   3201   1980      0      0 130325 130326      0      0      0      0     58     16 
    0    251     38     37      0      0      0      0      0      0   3201   1980      0      0 130325 130326      0      0      0      0     46     17 
    0    562     45     48    100     73      0      0      0      0   3201   1965     48      0 130325 130326      0      0      0      0     58     16 
    0    551     45     49    100     73      0      0      0      0   3201   1965     28      0 130325 130326      0      0      0      0     51     17 
    0    563     45     49    100     73      0      0      0      0   3201   1980     35      0 130325 130326      0      0      0      0     51     18 
    0    567     46     50    100     74      0      0      0      0   3201   1980      0      0 130325 130326      0      0      0      0     51     17 
    0    246     42     42    100     76      0      0      0      0   3201   1980      0      0 130325 130326      0      0      0      0     48     15 
    0    567     45     50    100     67      0      0      0      0   3201   1965     32      0 130325 130326      0      0      0      0     57     18 
    0    560     46     50    100     73      0      0      0      0   3201   1980     32      0 130325 130326      0      0      0      0     51     16 
    0    572     46     49    100     67      0      0      0      0   3201   1965     20      0 130325 130326      0      0      0      0     72     18 
    0    563     47     48    100     73      0      0      0      0   3201   1980     60      0 130325 130326      0      0      0      0     51     16 
    0    393     40     40      0      0      0      0      0      0   3201   1980      0      0 130325 130326      0      0      0      0      0      0 
    0    134     38     37      0      0      0      0      0      0   3201   1980      0      0 130325 130326      0      0      0      0      0     10 
    0    546     46     49    100     67      0      0      0      0   3201   1980     36      0 130325 130326      0      0      0      0     58     16 
    0    569     46     49    100     73      0      0      0      0   3201   1980     30      0 130325 130326      0      0      0      0     64     19 
    0    569     46     51    100     74      0      0      0      0   3201   1980     31      0 130325 130326      0      0      0      0     51     16 
# gpu    pwr  gtemp  mtemp     sm    mem    enc    dec    jpg    ofa   mclk   pclk  pviol  tviol     fb   bar1   ccpm  sbecc  dbecc    pci  rxpci  txpci 
# Idx      W      C      C      %      %      %      %      %      %    MHz    MHz      %   bool     MB     MB     MB   errs   errs   errs   MB/s   MB/s 
    0    501     46     50    100     73      0      0      0      0   3201   1980      0      0 130325 130326      0      0      0      0      0      0 
    0    475     46     49    100     73      0      0      0      0   3201   1980      0      0 130325 130326      0      0      0      0      0      1 
    0    135     38     37      0      0      0      0      0      0   3201   1980      0      0 130325 130326      0      0      0      0      0      5 
    0    533     45     50    100     76      0      0      0      0   3201   1980      0      0 130325 130326      0      0      0      0     51      3 
    0    149     38     37      0      0      0      0      0      0   3201   1980      0      0 130325 130326      0      0      0      0      0      0 
    0    468     45     49    100     73      0      0      0      0   3201   1980      0      0 130325 130326      0      0      0      0     51     17 
    0    582     46     47    100     66      0      0      0      0   3201   1980     29      0 130325 130326      0      0      0      0     93     18 
    0    571     46     51    100     74      0      0      0      0   3201   1980     32      0 130325 130326      0      0      0      0     51     17 
    0    567     46     49    100     73      0      0      0      0   3201   1965     27      0 130325 130326      0      0      0      0     66     16 
    0    522     43     45     90     69      0      0      0      0   3201   1980      3      0 130325 130326      0      0      0      0      0      1 
    0    384     45     47    100     73      0      0      0      0   3201   1980      0      0 130325 130326      0      0      0      0     59     16 
    0    564     47     48    100     70      0      0      0      0   3201   1965     43      0 130325 130326      0      0      0      0     81     18 
    0    564     46     48    100     73      0      0      0      0   3201   1980     76      0 130325 130326      0      0      0      0     57     16 
    0    495     46     49    100     73      0      0      0      0   3201   1980     29      0 130325 130326      0      0      0      0     58     18 
    0    563     46     49    100     76      0      0      0      0   3201   1965     27      0 130325 130326      0      0      0      0     51     16 
    0    323     40     39      0      0      0      0      0      0   3201   1980      4      0 130325 130326      0      0      0      0      0      1 
    0    437     46     46    100     67      0      0      0      0   3201   1980      0      0 130325 130326      0      0      0      0     53     16 
    0    568     48     50    100     71      0      0      0      0   3201   1980      0      0 130325 130326      0      0      0      0     51     17 
    0    353     40     40      0      0      0      0      0      0   3201   1980      0      0 130325 130326      0      0      0      0      0      0 
    0    415     45     48    100     73      0      0      0      0   3201   1980      0      0 130325 130326      0      0      0      0     51     17 
    0    471     46     51    100     76      0      0      0      0   3201   1980      0      0 130325 130326      0      0      0      0     51     16 
    0    561     46     51    100     74      0      0      0      0   3201   1980      0      0 130325 130326      0      0      0      0      0      1 
    0    555     46     50    100     76      0      0      0      0   3201   1980     31      0 130325 130326      0      0      0      0      0      0 
    0    414     46     49    100     73      0      0      0      0   3201   1965     21      0 130325 130326      0      0      0      0     56     17 
    0    409     44     46    100     73      0      0      0      0   3201   1980      4      0 130325 130326      0      0      0      0     49     16 
    0    560     46     51    100     76      0      0      0      0   3201   1980      0      0 130325 130326      0      0      0      0     58     18 
    0    561     47     50    100     76      0      0      0      0   3201   1980     32      0 130325 130326      0      0      0      0      0      0 
    0    198     43     43    100     74      0      0      0      0   3201   1980      0      0 130325 130326      0      0      0      0     51     16 
    0    563     46     50    100     73      0      0      0      0   3201   1980      0      0 130325 130326      0      0      0      0     51     17 
    0    574     47     49    100     67      0      0      0      0   3201   1965     53      0 130325 130326      0      0      0      0     58     16 
    0    567     50     50    100     67      0      0      0      0   3201   1965     48      0 130325 130326      0      0      0      0     62     17 
    0    561     47     50    100     73      0      0      0      0   3201   1980     21      0 130325 130326      0      0      0      0     51     16 
    0    567     47     52    100     75      0      0      0      0   3201   1980     31      0 130325 130326      0      0      0      0     51     16 
    0    566     47     52    100     73      0      0      0      0   3201   1980     32      0 130325 130326      0      0      0      0     48     15 
    0    392     47     48    100     69      0      0      0      0   3201   1980      0      0 130325 130326      0      0      0      0     56     17 
    0    464     42     43      0      0      0      0      0      0   3201   1980      0      0 130325 130326      0      0      0      0      0      0 
    0    434     43     44      0      0      0      0      0      0   3201   1980      0      0 130325 130326      0      0      0      0     51     16 
    0    567     47     51    100     73      0      0      0      0   3201   1980     31      0 130325 130326      0      0      0      0     89     16 
    0    329     45     48    100     75      0      0      0      0   3201   1980      0      0 130325 130326      0      0      0      0     47     15 
    0    561     46     52    100     76      0      0      0      0   3201   1980     34      0 130325 130326      0      0      0      0     51     14 
    0    140     39     38      0      0      0      0      0      0   3201   1980      0      0 130325 130326      0      0      0      0      0      0 
    0    134     38     37      0      0      0      0      0      0   3201   1980      0      0 130325 130326      0      0      0      0      0      0 
    0    253     43     46    100     68      0      0      0      0   3201   1980      0      0 130325 130326      0      0      0      0     58     15 
    0    435     44     46    100     73      0      0      0      0   3201   1980      0      0 130325 130326      0      0      0      0     58     15 
# gpu    pwr  gtemp  mtemp     sm    mem    enc    dec    jpg    ofa   mclk   pclk  pviol  tviol     fb   bar1   ccpm  sbecc  dbecc    pci  rxpci  txpci 
# Idx      W      C      C      %      %      %      %      %      %    MHz    MHz      %   bool     MB     MB     MB   errs   errs   errs   MB/s   MB/s 
    0    559     46     50    100     73      0      0      0      0   3201   1980     34      0 130325 130326      0      0      0      0     12      0 
    0    446     46     51    100     76      0      0      0      0   3201   1980      0      0 130325 130326      0      0      0      0      9     16 
    0    537     47     48    100     67      0      0      0      0   3201   1980      0      0 130325 130326      0      0      0      0     58     17 
    0    561     46     50    100     73      0      0      0      0   3201   1980     62      0 130325 130326      0      0      0      0     51     16 
    0    554     46     50     91     69      0      0      0      0   3201   1980      0      0 130325 130326      0      0      0      0      0      0 
    0    437     43     44     87     67      0      0      0      0   3201   1980      0      0 130325 130326      0      0      0      0      0      0 
    0    135     39     38      0      0      0      0      0      0   3201   1980      0      0 130325 130326      0      0      0      0     51     16 
    0    447     44     43     35     16      0      0      0      0   3201   1950      8      0 130325 130326      0      0      0      0     55     16 
    0    565     47     50    100     68      0      0      0      0   3201   1980     22      0 130325 130326      0      0      0      0     58     16 
    0    563     46     49    100     73      0      0      0      0   3201   1980     54      0 130325 130326      0      0      0      0     58     15 
    0    543     46     51    100     73      0      0      0      0   3201   1980     31      0 130325 130326      0      0      0      0     51     15 
    0    302     45     49    100     75      0      0      0      0   3201   1980      0      0 130325 130326      0      0      0      0     51     16 
    0    567     47     48    100     69      0      0      0      0   3201   1980     38      0 130325 130326      0      0      0      0     62     16 
    0    559     46     49    100     73      0      0      0      0   3201   1980      0      0 130325 130326      0      0      0      0     51     16 
    0    287     45     48     59     41      0      0      0      0   3201   1980      0      0 130325 130326      0      0      0      0     51     16 
    0    564     46     52    100     75      0      0      0      0   3201   1980      0      0 130325 130326      0      0      0      0     51     16 
    0    567     47     50    100     68      0      0      0      0   3201   1965     63      0 130325 130326      0      0      0      0     59     16 
    0    568     47     52    100     73      0      0      0      0   3201   1980     28      0 130325 130326      0      0      0      0      0      0 
    0    251     45     49    100     76      0      0      0      0   3201   1980      0      0 130325 130326      0      0      0      0     51     16 
    0    576     50     49    100     67      0      0      0      0   3201   1950     70      0 130325 130326      0      0      0      0     69     18 
    0    571     45     48    100     75      0      0      0      0   3201   1980     26      0 130325 130326      0      0      0      0      0      0 
