# gpu    pwr  gtemp  mtemp     sm    mem    enc    dec    jpg    ofa   mclk   pclk  pviol  tviol     fb   bar1   ccpm  sbecc  dbecc    pci  rxpci  txpci 
# Idx      W      C      C      %      %      %      %      %      %    MHz    MHz      %   bool     MB     MB     MB   errs   errs   errs   MB/s   MB/s 
    0    157     37     38      0      0      0      0      0      0   3201   1980      0      0 130319 130320      0      0      0      0      0      0 
    0    149     34     33      0      0      0      0      0      0   3201   1980      0      0 130319 130320      0      0      0      0      0      0 
    0    130     34     33      0      0      0      0      0      0   3201   1980      0      0 130319 130320      0      0      0      0      0      0 
    0    130     34     33      0      0      0      0      0      0   3201   1980      0      0 130319 130320      0      0      0      0      0      0 
    0    130     34     33      0      0      0      0      0      0   3201   1980      0      0 130319 130320      0      0      0      0      0      0 
    0    130     33     33      0      0      0      0      0      0   3201   1980      0      0 130319 130320      0      0      0      0      0      0 
    0    130     33     33      0      0      0      0      0      0   3201   1980      0      0 130319 130320      0      0      0      0      0      0 
    0    130     33     33      0      0      0      0      0      0   3201   1980      0      0 130319 130320      0      0      0      0      0      0 
    0    130     33     32      0      0      0      0      0      0   3201   1980      0      0 130319 130320      0      0      0      0      0      0 
    0    130     33     32      0      0      0      0      0      0   3201   1980      0      0 130319 130320      0      0      0      0      0      0 
    0    130     33     32      0      0      0      0      0      0   3201   1980      0      0 130319 130320      0      0      0      0      0      0 
    0    130     33     32      0      0      0      0      0      0   3201   1980      0      0 130319 130320      0      0      0      0      0      0 
    0    130     33     32      0      0      0      0      0      0   3201   1980      0      0 130319 130320      0      0      0      0      0      0 
    0    170     37     38      0      0      0      0      0      0   3201   1980      0      0 130325 130326      0      0      0      0     52     16 
    0    558     42     44    100     65      0      0      0      0   3201   1980     34      0 130325 130326      0      0      0      0     57     16 
    0    554     42     44    100     73      0      0      0      0   3201   1980     57      0 130325 130326      0      0      0      0     69     17 
    0    547     43     46    100     73      0      0      0      0   3201   1980     60      0 130325 130326      0      0      0      0     59     16 
    0    552     43     48    100     76      0      0      0      0   3201   1980      0      0 130325 130326      0      0      0      0     52     17 
    0    293     42     38      0      0      0      0      0      0   3201   1980      0      0 130325 130326      0      0      0      0     52     16 
    0    551     43     46    100     73      0      0      0      0   3201   1980     33      0 130325 130326      0      0      0      0     57     16 
    0    554     44     47    100     74      0      0      0      0   3201   1980     67      0 130325 130326      0      0      0      0     59     16 
    0    475     39     40     49     37      0      0      0      0   3201   1980      2      0 130325 130326      0      0      0      0     69     16 
    0    577     47     47    100     72      0      0      0      0   3201   1950     53      0 130325 130326      0      0      0      0     70     18 
    0    561     45     48    100     73      0      0      0      0   3201   1980     24      0 130325 130326      0      0      0      0     52     16 
    0    568     45     50    100     76      0      0      0      0   3201   1965     34      0 130325 130326      0      0      0      0     49     16 
    0    434     39     40      0      0      0      0      0      0   3201   1980      0      0 130325 130326      0      0      0      0      0      0 
    0    353     44     49    100     76      0      0      0      0   3201   1980      0      0 130325 130326      0      0      0      0     52     16 
    0    565     45     48    100     73      0      0      0      0   3201   1980     33      0 130325 130326      0      0      0      0     52     17 
    0    572     50     46    100     73      0      0      0      0   3201   1890     53      0 130325 130326      0      0      0      0     64     17 
    0    558     46     50    100     73      0      0      0      0   3201   1980     28      0 130325 130326      0      0      0      0      0      1 
    0    434     50     49    100     73      0      0      0      0   3201   1965     54      0 130325 130326      0      0      0      0     64     17 
    0    571     46     50    100     64      0      0      0      0   3201   1965     17      0 130325 130326      0      0      0      0     58     17 
    0    565     46     49    100     74      0      0      0      0   3201   1980     87      0 130325 130326      0      0      0      0     73     17 
    0    565     46     52    100     73      0      0      0      0   3201   1980     78      0 130325 130326      0      0      0      0     58     18 
    0    540     44     47    100     76      0      0      0      0   3201   1980     20      0 130325 130326      0      0      0      0      0      0 
    0    426     47     49    100     67      0      0      0      0   3201   1980     32      0 130325 130326      0      0      0      0     53     17 
    0    585     49     47    100     73      0      0      0      0   3201   1980     61      0 130325 130326      0      0      0      0     72     17 
    0    570     47     51    100     74      0      0      0      0   3201   1980     63      0 130325 130326      0      0      0      0     57     17 
    0    586     47     51    100     74      0      0      0      0   3201   1965     91      0 130325 130326      0      0      0      0     86     16 
    0    566     47     52    100     73      0      0      0      0   3201   1980     61      0 130325 130326      0      0      0      0     52     18 
    0    284     40     39      0      0      0      0      0      0   3201   1980      0      0 130325 130326      0      0      0      0      0      0 
    0    364     46     48    100     64      0      0      0      0   3201   1965     49      0 130325 130326      0      0      0      0     73     18 
    0    596     52     46    100     65      0      0      0      0   3201   1860     72      0 130325 130326      0      0      0      0     73     19 
    0    586     48     49    100     65      0      0      0      0   3201   1935     77      0 130325 130326      0      0      0      0     72     21 
# gpu    pwr  gtemp  mtemp     sm    mem    enc    dec    jpg    ofa   mclk   pclk  pviol  tviol     fb   bar1   ccpm  sbecc  dbecc    pci  rxpci  txpci 
# Idx      W      C      C      %      %      %      %      %      %    MHz    MHz      %   bool     MB     MB     MB   errs   errs   errs   MB/s   MB/s 
    0    569     47     50    100     67      0      0      0      0   3201   1965     48      0 130325 130326      0      0      0      0     58     16 
    0    565     47     50    100     73      0      0      0      0   3201   1965     40      0 130325 130326      0      0      0      0     78     17 
    0    428     41     41      0      0      0      0      0      0   3201   1980      2      0 130325 130326      0      0      0      0      0      0 
    0    353     46     49    100     68      0      0      0      0   3201   1965     52      0 130325 130326      0      0      0      0     57     18 
    0    477     41     42     70     53      0      0      0      0   3201   1980     12      0 130325 130326      0      0      0      0      0      0 
    0    299     45     48    100     76      0      0      0      0   3201   1980      0      0 130325 130326      0      0      0      0     52     16 
    0    586     53     49    100     65      0      0      0      0   3201   1935     60      0 130325 130326      0      0      0      0     68     19 
    0    591     47     51    100     75      0      0      0      0   3201   1965    100      0 130325 130326      0      0      0      0     79     20 
    0    566     47     52    100     64      0      0      0      0   3201   1965     68      0 130325 130326      0      0      0      0     58     17 
    0    575     47     49    100     73      0      0      0      0   3201   1980     85      0 130325 130326      0      0      0      0     67     17 
    0    459     46     48     67     46      0      0      0      0   3201   1980      0      0 130325 130326      0      0      0      0     52     16 
    0    578     47     52    100     74      0      0      0      0   3201   1965     74      0 130325 130326      0      0      0      0     67     17 
    0    590     49     51    100     74      0      0      0      0   3201   1980     44      0 130325 130326      0      0      0      0     77     18 
    0    574     48     50    100     73      0      0      0      0   3201   1950     50      0 130325 130326      0      0      0      0     62     17 
    0    575     47     52    100     74      0      0      0      0   3201   1980     72      0 130325 130326      0      0      0      0     56     17 
    0    560     47     51    100     75      0      0      0      0   3201   1980     36      0 130325 130326      0      0      0      0     52     16 
    0    325     46     49     96     68      0      0      0      0   3201   1920      6      0 130325 130326      0      0      0      0     57     16 
    0    556     47     51    100     65      0      0      0      0   3201   1965     50      0 130325 130326      0      0      0      0     57     16 
    0    572     47     52    100     73      0      0      0      0   3201   1980     54      0 130325 130326      0      0      0      0     58     16 
    0    371     45     49    100     76      0      0      0      0   3201   1965     25      0 130325 130326      0      0      0      0     53     16 
    0    559     47     51    100     75      0      0      0      0   3201   1950     12      0 130325 130326      0      0      0      0     57     16 
    0    561     47     50    100     67      0      0      0      0   3201   1965     77      0 130325 130326      0      0      0      0     59     17 
    0    559     47     51    100     73      0      0      0      0   3201   1965     55      0 130325 130326      0      0      0      0     51     16 
    0    563     48     52    100     74      0      0      0      0   3201   1965     30      0 130325 130326      0      0      0      0     48     15 
    0    558     47     52    100     74      0      0      0      0   3201   1980     48      0 130325 130326      0      0      0      0     52     16 
    0    575     48     52    100     76      0      0      0      0   3201   1965     51      0 130325 130326      0      0      0      0     59     16 
    0    568     48     52    100     73      0      0      0      0   3201   1965     38      0 130325 130326      0      0      0      0     59     16 
    0    485     43     43      0      0      0      0      0      0   3201   1980     12      0 130325 130326      0      0      0      0      0      0 
    0    424     47     50    100     65      0      0      0      0   3201   1965     22      0 130325 130326      0      0      0      0     58     16 
    0    578     48     52    100     73      0      0      0      0   3201   1965     90      0 130325 130326      0      0      0      0     63     17 
    0    580     49     50    100     74      0      0      0      0   3201   1980     52      0 130325 130326      0      0      0      0     58     17 
    0    588     48     50    100     73      0      0      0      0   3201   1965     73      0 130325 130326      0      0      0      0     73     17 
    0    570     48     51    100     74      0      0      0      0   3201   1965     76      0 130325 130326      0      0      0      0     52     16 
    0    567     49     52    100     73      0      0      0      0   3201   1950     71      0 130325 130326      0      0      0      0     67     18 
    0    534     44     46     77     59      0      0      0      0   3201   1980     21      0 130325 130326      0      0      0      0     51     16 
    0    568     48     50    100     73      0      0      0      0   3201   1980     64      0 130325 130326      0      0      0      0     67     16 
    0    553     48     52    100     76      0      0      0      0   3201   1980      0      0 130325 130326      0      0      0      0     52     16 
    0    568     48     51    100     76      0      0      0      0   3201   1980     41      0 130325 130326      0      0      0      0     58     17 
    0    553     48     51    100     73      0      0      0      0   3201   1980     33      0 130325 130326      0      0      0      0     20      0 
    0    498     48     52    100     65      0      0      0      0   3201   1965     20      0 130325 130326      0      0      0      0     53     16 
    0    526     44     46     80     61      0      0      0      0   3201   1980      7      0 130325 130326      0      0      0      0      0      0 
    0    136     40     39      0      0      0      0      0      0   3201   1980      0      0 130325 130326      0      0      0      0      0      0 
    0    135     39     38      0      0      0      0      0      0   3201   1980      0      0 130325 130326      0      0      0      0      0      0 
    0    519     46     50    100     73      0      0      0      0   3201   1980     36      0 130325 130326      0      0      0      0     59     16 
# gpu    pwr  gtemp  mtemp     sm    mem    enc    dec    jpg    ofa   mclk   pclk  pviol  tviol     fb   bar1   ccpm  sbecc  dbecc    pci  rxpci  txpci 
# Idx      W      C      C      %      %      %      %      %      %    MHz    MHz      %   bool     MB     MB     MB   errs   errs   errs   MB/s   MB/s 
    0    579     47     48    100     64      0      0      0      0   3201   1965     64      0 130325 130326      0      0      0      0     62     18 
    0    556     47     52    100     73      0      0      0      0   3201   1965     43      0 130325 130326      0      0      0      0     52     16 
    0    573     51     51    100     74      0      0      0      0   3201   1920     42      0 130325 130326      0      0      0      0     51     16 
    0    575     47     50    100     74      0      0      0      0   3201   1965     80      0 130325 130326      0      0      0      0     77     17 
    0    571     47     52    100     73      0      0      0      0   3201   1965     64      0 130325 130326      0      0      0      0     59     16 
    0    567     47     52    100     75      0      0      0      0   3201   1980     32      0 130325 130326      0      0      0      0     50     16 
    0    433     42     42      0      0      0      0      0      0   3201   1980      0      0 130325 130326      0      0      0      0      0      0 
    0    392     46     50    100     76      0      0      0      0   3201   1980      0      0 130325 130326      0      0      0      0     49     16 
    0    580     47     50    100     73      0      0      0      0   3201   1980     57      0 130325 130326      0      0      0      0     65     17 
    0    595     48     51    100     66      0      0      0      0   3201   1965     80      0 130325 130326      0      0      0      0     75     19 
    0    577     48     50    100     64      0      0      0      0   3201   1965     50      0 130325 130326      0      0      0      0     67     16 
    0    532     47     52    100     76      0      0      0      0   3201   1980     25      0 130325 130326      0      0      0      0      0      0 
    0    500     51     49    100     57      0      0      0      0   3201   1965     54      0 130325 130326      0      0      0      0     73     17 
    0    587     49     50    100     64      0      0      0      0   3201   1965     45      0 130325 130326      0      0      0      0     67     16 
    0    545     47     52    100     73      0      0      0      0   3201   1980     21      0 130325 130326      0      0      0      0      0      0 
    0    500     47     51    100     73      0      0      0      0   3201   1980     57      0 130325 130326      0      0      0      0     72     16 
    0    568     48     52    100     73      0      0      0      0   3201   1980     69      0 130325 130326      0      0      0      0     59     16 
    0    577     48     52    100     64      0      0      0      0   3201   1965     95      0 130325 130326      0      0      0      0     68     19 
    0    487     43     43    100     75      0      0      0      0   3201   1980      2      0 130325 130326      0      0      0      0      0      0 
    0    528     48     51    100     73      0      0      0      0   3201   1980      0      0 130325 130326      0      0      0      0     59     16 
    0    586     48     50    100     72      0      0      0      0   3201   1965     91      0 130325 130326      0      0      0      0     69     19 
    0    445     42     42      7      6      0      0      0      0   3201   1980      2      0 130325 130326      0      0      0      0      0      0 
