# gpu    pwr  gtemp  mtemp     sm    mem    enc    dec    jpg    ofa   mclk   pclk  pviol  tviol     fb   bar1   ccpm  sbecc  dbecc    pci  rxpci  txpci 
# Idx      W      C      C      %      %      %      %      %      %    MHz    MHz      %   bool     MB     MB     MB   errs   errs   errs   MB/s   MB/s 
    0    144     34     33      0      0      0      0      0      0   3201   1980      0      0 130319 130320      0      0      0      0      0      1 
    0    130     34     33      0      0      0      0      0      0   3201   1980      0      0 130319 130320      0      0      0      0      0      0 
    0    130     33     33      0      0      0      0      0      0   3201   1980      0      0 130319 130320      0      0      0      0      0      1 
    0    130     33     33      0      0      0      0      0      0   3201   1980      0      0 130319 130320      0      0      0      0      0      0 
    0    130     33     33      0      0      0      0      0      0   3201   1980      0      0 130319 130320      0      0      0      0      0      1 
    0    130     33     32      0      0      0      0      0      0   3201   1980      0      0 130319 130320      0      0      0      0      0      0 
    0    130     33     32      0      0      0      0      0      0   3201   1980      0      0 130319 130320      0      0      0      0      0      1 
    0    130     33     32      0      0      0      0      0      0   3201   1980      0      0 130319 130320      0      0      0      0      0      0 
    0    130     33     32      0      0      0      0      0      0   3201   1980      0      0 130319 130320      0      0      0      0      0      1 
    0    130     33     32      0      0      0      0      0      0   3201   1980      0      0 130319 130320      0      0      0      0      0      0 
    0    130     33     32      0      0      0      0      0      0   3201   1980      0      0 130319 130320      0      0      0      0      0      0 
    0    130     33     32      0      0      0      0      0      0   3201   1980      0      0 130319 130320      0      0      0      0      0      0 
    0    130     33     32      0      0      0      0      0      0   3201   1980      0      0 130319 130320      0      0      0      0      0      0 
    0    524     42     43    100     61      0      0      0      0   3201   1965     28      0 130325 130326      0      0      0      0    110     20 
    0    603     44     45    100     61      0      0      0      0   3201   1980     63      0 130325 130326      0      0      0      0    105     18 
    0    630     45     46    100     60      0      0      0      0   3201   1950    100      0 130325 130326      0      0      0      0    123     23 
    0    653     49     45    100     50      0      0      0      0   3201   1875    100      0 130325 130326      0      0      0      0    155     26 
    0    636     49     46    100     35      0      0      0      0   3201   1935    100      0 130325 130326      0      0      0      0    143     22 
    0    645     51     46    100     73      0      0      0      0   3201   1950    100      0 130325 130326      0      0      0      0    153     22 
    0    630     47     49    100     62      0      0      0      0   3201   1965    100      0 130325 130326      0      0      0      0     86     20 
    0    636     48     48    100     56      0      0      0      0   3201   1935    100      0 130325 130326      0      0      0      0    132     25 
    0    624     47     49    100     74      0      0      0      0   3201   1980     98      0 130325 130326      0      0      0      0     92     18 
    0    619     48     50    100     64      0      0      0      0   3201   1965     82      0 130325 130326      0      0      0      0    125     25 
    0    634     51     49    100     70      0      0      0      0   3201   1815    100      0 130325 130326      0      0      0      0    160     21 
    0    659     50     49    100     69      0      0      0      0   3201   1890    100      0 130325 130326      0      0      0      0    118     25 
