# gpu    pwr  gtemp  mtemp     sm    mem    enc    dec    jpg    ofa   mclk   pclk  pviol  tviol     fb   bar1   ccpm  sbecc  dbecc    pci  rxpci  txpci 
# Idx      W      C      C      %      %      %      %      %      %    MHz    MHz      %   bool     MB     MB     MB   errs   errs   errs   MB/s   MB/s 
    0    164     36     37      0      0      0      0      0      0   3201   1980      0      0 130319 130320      0      0      0      0      0      0 
    0    133     34     33      0      0      0      0      0      0   3201   1980      0      0 130319 130320      0      0      0      0      0      0 
    0    130     34     33      0      0      0      0      0      0   3201   1980      0      0 130319 130320      0      0      0      0      0      0 
    0    130     33     33      0      0      0      0      0      0   3201   1980      0      0 130319 130320      0      0      0      0      0      1 
    0    130     33     33      0      0      0      0      0      0   3201   1980      0      0 130319 130320      0      0      0      0      0      0 
    0    130     33     33      0      0      0      0      0      0   3201   1980      0      0 130319 130320      0      0      0      0      0      1 
    0    130     33     32      0      0      0      0      0      0   3201   1980      0      0 130319 130320      0      0      0      0      0      0 
    0    130     33     32      0      0      0      0      0      0   3201   1980      0      0 130319 130320      0      0      0      0      0      1 
    0    130     33     32      0      0      0      0      0      0   3201   1980      0      0 130319 130320      0      0      0      0      0      0 
    0    130     33     32      0      0      0      0      0      0   3201   1980      0      0 130319 130320      0      0      0      0      0      1 
    0    130     33     32      0      0      0      0      0      0   3201   1980      0      0 130319 130320      0      0      0      0      0      0 
    0    130     33     32      0      0      0      0      0      0   3201   1980      0      0 130319 130320      0      0      0      0      0      1 
    0    130     33     32      0      0      0      0      0      0   3201   1980      0      0 130319 130320      0      0      0      0     15     10 
    0    525     41     43    100     73      0      0      0      0   3201   1980     27      0 130325 130326      0      0      0      0     87     18 
    0    574     43     47    100     67      0      0      0      0   3201   1980     27      0 130325 130326      0      0      0      0     81     19 
    0    587     43     45    100     66      0      0      0      0   3201   1965     65      0 130325 130326      0      0      0      0     66     18 
    0    579     44     47    100     67      0      0      0      0   3201   1965     39      0 130325 130326      0      0      0      0     72     19 
    0    586     45     50    100     68      0      0      0      0   3201   1965     96      0 130325 130326      0      0      0      0     81     21 
    0    585     45     48    100     72      0      0      0      0   3201   1950     98      0 130325 130326      0      0      0      0     78     19 
    0    595     45     48    100     75      0      0      0      0   3201   1980     73      0 130325 130326      0      0      0      0    103     18 
    0    613     46     50    100     75      0      0      0      0   3201   1965    100      0 130325 130326      0      0      0      0     95     19 
    0    569     45     49    100     73      0      0      0      0   3201   1980     65      0 130325 130326      0      0      0      0     66     17 
    0    624     48     49    100     63      0      0      0      0   3201   1965     77      0 130325 130326      0      0      0      0    141     21 
    0    606     48     49    100     61      0      0      0      0   3201   1935     85      0 130325 130326      0      0      0      0     99     20 
    0    591     48     49    100     73      0      0      0      0   3201   1965     90      0 130325 130326      0      0      0      0     86     18 
    0    579     47     51    100     67      0      0      0      0   3201   1965     86      0 130325 130326      0      0      0      0     85     18 
    0    584     48     50    100     73      0      0      0      0   3201   1980     15      0 130325 130326      0      0      0      0     65     19 
    0    575     48     49    100     73      0      0      0      0   3201   1980     38      0 130325 130326      0      0      0      0     76     20 
    0    606     48     48    100     67      0      0      0      0   3201   1965     89      0 130325 130326      0      0      0      0     98     20 
    0    592     47     52    100     73      0      0      0      0   3201   1965     98      0 130325 130326      0      0      0      0     81     18 
    0    574     47     51    100     73      0      0      0      0   3201   1980     40      0 130325 130326      0      0      0      0     53     16 
    0    525     48     49    100     68      0      0      0      0   3201   1980      0      0 130325 130326      0      0      0      0     78     21 
    0    586     48     52    100     73      0      0      0      0   3201   1980     72      0 130325 130326      0      0      0      0     94     18 
    0    581     52     51    100     73      0      0      0      0   3201   1965     59      0 130325 130326      0      0      0      0     98     16 
    0    600     50     48    100     58      0      0      0      0   3201   1965    100      0 130325 130326      0      0      0      0     97     19 
    0    595     49     50    100     66      0      0      0      0   3201   1950     96      0 130325 130326      0      0      0      0     85     20 
    0    591     48     49    100     73      0      0      0      0   3201   1965     84      0 130325 130326      0      0      0      0     78     20 
    0    345     41     40      0      0      0      0      0      0   3201   1980      2      0 130325 130326      0      0      0      0      0      1 
