# gpu    pwr  gtemp  mtemp     sm    mem    enc    dec    jpg    ofa   mclk   pclk  pviol  tviol     fb   bar1   ccpm  sbecc  dbecc    pci  rxpci  txpci 
# Idx      W      C      C      %      %      %      %      %      %    MHz    MHz      %   bool     MB     MB     MB   errs   errs   errs   MB/s   MB/s 
    0    135     34     33      0      0      0      0      0      0   3201   1980      0      0 130319 130320      0      0      0      0      0      0 
    0    132     34     33      0      0      0      0      0      0   3201   1980      0      0 130319 130320      0      0      0      0      0      0 
    0    130     34     33      0      0      0      0      0      0   3201   1980      0      0 130319 130320      0      0      0      0      0      0 
    0    130     33     33      0      0      0      0      0      0   3201   1980      0      0 130319 130320      0      0      0      0      0      0 
    0    130     33     33      0      0      0      0      0      0   3201   1980      0      0 130319 130320      0      0      0      0      0      0 
    0    130     33     32      0      0      0      0      0      0   3201   1980      0      0 130319 130320      0      0      0      0      0      0 
    0    130     33     33      0      0      0      0      0      0   3201   1980      0      0 130319 130320      0      0      0      0      0      0 
    0    130     33     32      0      0      0      0      0      0   3201   1980      0      0 130319 130320      0      0      0      0      0      0 
    0    130     33     32      0      0      0      0      0      0   3201   1980      0      0 130319 130320      0      0      0      0      0      0 
    0    130     33     32      0      0      0      0      0      0   3201   1980      0      0 130319 130320      0      0      0      0      0      0 
    0    130     33     32      0      0      0      0      0      0   3201   1980      0      0 130319 130320      0      0      0      0      0      0 
    0    130     33     32      0      0      0      0      0      0   3201   1980      0      0 130319 130320      0      0      0      0      0      0 
    0    130     33     32      0      0      0      0      0      0   3201   1980      0      0 130319 130320      0      0      0      0      0      0 
    0    470     41     44    100     67      0      0      0      0   3201   1965     28      0 130325 130326      0      0      0      0     67     19 
    0    566     42     44    100     73      0      0      0      0   3201   1980     58      0 130325 130326      0      0      0      0     51     17 
    0    508     42     45     81     58      0      0      0      0   3201   1965      6      0 130325 130326      0      0      0      0     53     16 
    0    556     43     46    100     73      0      0      0      0   3201   1965     55      0 130325 130326      0      0      0      0     58     17 
    0    569     44     45    100     73      0      0      0      0   3201   1965     64      0 130325 130326      0      0      0      0     66     17 
    0    560     44     48    100     75      0      0      0      0   3201   1965     36      0 130325 130326      0      0      0      0     48     16 
    0    457     45     45    100     76      0      0      0      0   3201   1965      7      0 130325 130326      0      0      0      0     58     15 
    0    572     45     45    100     60      0      0      0      0   3201   1965     96      0 130325 130326      0      0      0      0     70     19 
    0    562     45     49    100     67      0      0      0      0   3201   1980     35      0 130325 130326      0      0      0      0     62     18 
    0    577     46     50    100     69      0      0      0      0   3201   1965     46      0 130325 130326      0      0      0      0     88     19 
    0    559     46     47    100     76      0      0      0      0   3201   1980      6      0 130325 130326      0      0      0      0     47     15 
    0    578     46     49    100     62      0      0      0      0   3201   1965     23      0 130325 130326      0      0      0      0     62     20 
    0    587     48     47    100     72      0      0      0      0   3201   1980     53      0 130325 130326      0      0      0      0     78     20 
    0    434     40     40      0      0      0      0      0      0   3201   1980      0      0 130325 130326      0      0      0      0     53     18 
    0    590     46     50    100     64      0      0      0      0   3201   1965     70      0 130325 130326      0      0      0      0     97     19 
    0    579     46     48    100     72      0      0      0      0   3201   1965     64      0 130325 130326      0      0      0      0     58     17 
    0    483     41     42      0      0      0      0      0      0   3201   1980     28      0 130325 130326      0      0      0      0     21     16 
    0    515     43     44     78     59      0      0      0      0   3201   1980      0      0 130325 130326      0      0      0      0      0      1 
    0    560     47     50    100     65      0      0      0      0   3201   1965     70      0 130325 130326      0      0      0      0     91     17 
    0    591     48     49    100     73      0      0      0      0   3201   1935     88      0 130325 130326      0      0      0      0     78     19 
    0    574     47     52    100     73      0      0      0      0   3201   1980     38      0 130325 130326      0      0      0      0     58     16 
    0    579     47     50    100     67      0      0      0      0   3201   1965     59      0 130325 130326      0      0      0      0     80     18 
    0    575     47     49    100     73      0      0      0      0   3201   1980     79      0 130325 130326      0      0      0      0     67     17 
    0    521     47     51    100     69      0      0      0      0   3201   1980      0      0 130325 130326      0      0      0      0     65     18 
    0    571     47     50    100     73      0      0      0      0   3201   1980      0      0 130325 130326      0      0      0      0     58     16 
    0    551     47     52    100     73      0      0      0      0   3201   1965     52      0 130325 130326      0      0      0      0     51     18 
    0    561     47     50    100     73      0      0      0      0   3201   1965     80      0 130325 130326      0      0      0      0     51     16 
    0    561     51     50    100     73      0      0      0      0   3201   1980     54      0 130325 130326      0      0      0      0     58     17 
    0    569     47     52    100     73      0      0      0      0   3201   1980     28      0 130325 130326      0      0      0      0     58     16 
    0    546     48     51    100     68      0      0      0      0   3201   1980      0      0 130325 130326      0      0      0      0     79     21 
    0    593     52     51    100     71      0      0      0      0   3201   1965     98      0 130325 130326      0      0      0      0     72     19 
# gpu    pwr  gtemp  mtemp     sm    mem    enc    dec    jpg    ofa   mclk   pclk  pviol  tviol     fb   bar1   ccpm  sbecc  dbecc    pci  rxpci  txpci 
# Idx      W      C      C      %      %      %      %      %      %    MHz    MHz      %   bool     MB     MB     MB   errs   errs   errs   MB/s   MB/s 
    0    575     48     52    100     74      0      0      0      0   3201   1965     27      0 130325 130326      0      0      0      0     67     18 
    0    572     48     50    100     67      0      0      0      0   3201   1965     43      0 130325 130326      0      0      0      0     77     18 
    0    565     48     52    100     76      0      0      0      0   3201   1980     22      0 130325 130326      0      0      0      0     56     17 
    0    567     48     52    100     73      0      0      0      0   3201   1980     34      0 130325 130326      0      0      0      0     50     16 
    0    532     44     46    100     76      0      0      0      0   3201   1980     31      0 130325 130326      0      0      0      0      0      1 
    0    216     45     47    100     68      0      0      0      0   3201   1965     13      0 130325 130326      0      0      0      0     51     16 
    0    561     47     51    100     73      0      0      0      0   3201   1965     77      0 130325 130326      0      0      0      0     70     19 
    0    578     48     51    100     73      0      0      0      0   3201   1965     15      0 130325 130326      0      0      0      0     71     17 
    0    560     47     52    100     73      0      0      0      0   3201   1965     85      0 130325 130326      0      0      0      0     50     16 
    0    472     42     42      0      0      0      0      0      0   3201   1980      0      0 130325 130326      0      0      0      0     51     16 
    0    572     49     49    100     73      0      0      0      0   3201   1980     42      0 130325 130326      0      0      0      0     78     19 
    0    589     48     50    100     73      0      0      0      0   3201   1980     93      0 130325 130326      0      0      0      0     67     17 
    0    576     48     50    100     66      0      0      0      0   3201   1965     66      0 130325 130326      0      0      0      0     80     18 
    0    575     48     52    100     68      0      0      0      0   3201   1980     36      0 130325 130326      0      0      0      0     47     15 
    0    583     49     51    100     68      0      0      0      0   3201   1935     18      0 130325 130326      0      0      0      0     59     20 
    0    569     48     52    100     74      0      0      0      0   3201   1980     49      0 130325 130326      0      0      0      0     45     16 
    0    580     48     52    100     72      0      0      0      0   3201   1980     78      0 130325 130326      0      0      0      0     70     19 
    0    263     40     40      0      0      0      0      0      0   3201   1980      0      0 130325 130326      0      0      0      0      0      0 
