# gpu    pwr  gtemp  mtemp     sm    mem    enc    dec    jpg    ofa   mclk   pclk  pviol  tviol     fb   bar1   ccpm  sbecc  dbecc    pci  rxpci  txpci 
# Idx      W      C      C      %      %      %      %      %      %    MHz    MHz      %   bool     MB     MB     MB   errs   errs   errs   MB/s   MB/s 
    0    134     33     33      0      0      0      0      0      0   3201   1980      0      0 130319 130320      0      0      0      0      0      0 
    0    130     33     32      0      0      0      0      0      0   3201   1980      0      0 130319 130320      0      0      0      0      0      0 
    0    130     33     32      0      0      0      0      0      0   3201   1980      0      0 130319 130320      0      0      0      0      0      0 
    0    130     33     32      0      0      0      0      0      0   3201   1980      0      0 130319 130320      0      0      0      0      0      0 
    0    130     33     32      0      0      0      0      0      0   3201   1980      0      0 130319 130320      0      0      0      0      0      0 
    0    130     33     32      0      0      0      0      0      0   3201   1980      0      0 130319 130320      0      0      0      0      0      0 
    0    130     33     32      0      0      0      0      0      0   3201   1980      0      0 130319 130320      0      0      0      0      0      0 
    0    130     33     32      0      0      0      0      0      0   3201   1980      0      0 130319 130320      0      0      0      0      0      0 
    0    130     33     32      0      0      0      0      0      0   3201   1980      0      0 130319 130320      0      0      0      0      0      0 
    0    130     33     32      0      0      0      0      0      0   3201   1980      0      0 130319 130320      0      0      0      0      0      0 
    0    130     33     32      0      0      0      0      0      0   3201   1980      0      0 130319 130320      0      0      0      0      0      1 
    0    130     33     32      0      0      0      0      0      0   3201   1980      0      0 130319 130320      0      0      0      0      0      0 
    0    130     33     32      0      0      0      0      0      0   3201   1980      0      0 130319 130320      0      0      0      0      0      1 
    0    467     40     44     97     72      0      0      0      0   3201   1980      0      0 130325 130326      0      0      0      0     58     16 
    0    550     42     43    100     73      0      0      0      0   3201   1980      0      0 130325 130326      0      0      0      0     80     19 
    0    550     43     46    100     72      0      0      0      0   3201   1980      0      0 130325 130326      0      0      0      0     73     19 
    0    550     43     47    100     73      0      0      0      0   3201   1980      0      0 130325 130326      0      0      0      0     80     19 
    0    564     43     48    100     73      0      0      0      0   3201   1980      0      0 130325 130326      0      0      0      0     67     17 
    0    553     44     46    100     73      0      0      0      0   3201   1980      0      0 130325 130326      0      0      0      0     67     18 
    0    554     44     47    100     73      0      0      0      0   3201   1980      0      0 130325 130326      0      0      0      0     72     17 
    0    571     45     49    100     72      0      0      0      0   3201   1980      0      0 130325 130326      0      0      0      0     80     19 
    0    563     45     48    100     73      0      0      0      0   3201   1980      0      0 130325 130326      0      0      0      0     94     20 
    0    561     45     50    100     73      0      0      0      0   3201   1980      0      0 130325 130326      0      0      0      0     85     20 
    0    562     46     48    100     73      0      0      0      0   3201   1980      0      0 130325 130326      0      0      0      0     84     19 
    0    561     45     50    100     73      0      0      0      0   3201   1980      0      0 130325 130326      0      0      0      0     66     18 
    0    551     46     49    100     74      0      0      0      0   3201   1980      0      0 130325 130326      0      0      0      0     58     16 
    0    550     45     51    100     73      0      0      0      0   3201   1980      0      0 130325 130326      0      0      0      0     66     18 
    0    556     46     49    100     73      0      0      0      0   3201   1980      0      0 130325 130326      0      0      0      0     78     18 
    0    560     46     47    100     72      0      0      0      0   3201   1980      0      0 130325 130326      0      0      0      0     75     20 
    0    558     46     50    100     73      0      0      0      0   3201   1980      0      0 130325 130326      0      0      0      0     78     18 
    0    571     46     49    100     72      0      0      0      0   3201   1980      0      0 130325 130326      0      0      0      0     80     19 
    0    564     47     51     98     73      0      0      0      0   3201   1980      0      0 130325 130326      0      0      0      0     76     18 
    0    571     47     49    100     76      0      0      0      0   3201   1980      0      0 130325 130326      0      0      0      0     76     17 
    0    573     47     52    100     73      0      0      0      0   3201   1980      0      0 130325 130326      0      0      0      0     87     18 
    0    575     47     51    100     73      0      0      0      0   3201   1980      0      0 130325 130326      0      0      0      0     72     17 
    0    564     47     52    100     73      0      0      0      0   3201   1980      0      0 130325 130326      0      0      0      0     80     18 
    0    567     47     49    100     71      0      0      0      0   3201   1980      0      0 130325 130326      0      0      0      0     94     18 
    0    579     48     51    100     75      0      0      0      0   3201   1980      0      0 130325 130326      0      0      0      0    106     19 
    0    581     48     52    100     76      0      0      0      0   3201   1980      0      0 130325 130326      0      0      0      0    106     20 
    0    573     48     52    100     72      0      0      0      0   3201   1980      0      0 130325 130326      0      0      0      0     94     18 
    0    561     49     50    100     72      0      0      0      0   3201   1980      0      0 130325 130326      0      0      0      0     80     17 
    0    566     48     52    100     72      0      0      0      0   3201   1980      0      0 130325 130326      0      0      0      0     74     22 
    0    581     48     52    100     74      0      0      0      0   3201   1980      0      0 130325 130326      0      0      0      0    125     21 
    0    580     48     50    100     75      0      0      0      0   3201   1980      0      0 130325 130326      0      0      0      0     87     20 
# gpu    pwr  gtemp  mtemp     sm    mem    enc    dec    jpg    ofa   mclk   pclk  pviol  tviol     fb   bar1   ccpm  sbecc  dbecc    pci  rxpci  txpci 
# Idx      W      C      C      %      %      %      %      %      %    MHz    MHz      %   bool     MB     MB     MB   errs   errs   errs   MB/s   MB/s 
    0    574     48     51    100     77      0      0      0      0   3201   1980      0      0 130325 130326      0      0      0      0     95     20 
    0    573     48     49    100     73      0      0      0      0   3201   1980      0      0 130325 130326      0      0      0      0     72     17 
    0    557     48     51    100     72      0      0      0      0   3201   1980      0      0 130325 130326      0      0      0      0     67     17 
    0    561     47     52    100     73      0      0      0      0   3201   1980      0      0 130325 130326      0      0      0      0     58     16 
    0    549     47     52    100     73      0      0      0      0   3201   1980      0      0 130325 130326      0      0      0      0     57     17 
    0    559     48     51    100     73      0      0      0      0   3201   1980      0      0 130325 130326      0      0      0      0     58     15 
    0    573     49     52    100     76      0      0      0      0   3201   1980      0      0 130325 130326      0      0      0      0    107     21 
    0    585     49     52    100     76      0      0      0      0   3201   1980      0      0 130325 130326      0      0      0      0    119     21 
    0    583     48     51    100     75      0      0      0      0   3201   1980      0      0 130325 130326      0      0      0      0    118     21 
    0    580     48     52    100     73      0      0      0      0   3201   1980      0      0 130325 130326      0      0      0      0     87     18 
    0    568     48     50    100     73      0      0      0      0   3201   1980      0      0 130325 130326      0      0      0      0     90     19 
    0    581     48     51    100     72      0      0      0      0   3201   1980      0      0 130325 130326      0      0      0      0     78     19 
    0    581     49     51    100     77      0      0      0      0   3201   1980      0      0 130325 130326      0      0      0      0     75     19 
    0    586     49     53    100     74      0      0      0      0   3201   1980      0      0 130325 130326      0      0      0      0     99     18 
    0    578     48     52    100     73      0      0      0      0   3201   1980      0      0 130325 130326      0      0      0      0     94     19 
    0    564     48     52    100     73      0      0      0      0   3201   1980      0      0 130325 130326      0      0      0      0     58     17 
    0    559     48     52    100     73      0      0      0      0   3201   1980      0      0 130325 130326      0      0      0      0     72     18 
    0    566     48     51    100     72      0      0      0      0   3201   1980      0      0 130325 130326      0      0      0      0     73     19 
    0    564     48     52    100     73      0      0      0      0   3201   1980      0      0 130325 130326      0      0      0      0     76     18 
    0    567     48     52    100     73      0      0      0      0   3201   1980      0      0 130325 130326      0      0      0      0     62     18 
    0    558     49     52    100     72      0      0      0      0   3201   1980      0      0 130325 130326      0      0      0      0     73     17 
    0    570     48     52    100     71      0      0      0      0   3201   1980      0      0 130325 130326      0      0      0      0     79     18 
    0    568     48     52    100     73      0      0      0      0   3201   1980      0      0 130325 130326      0      0      0      0     68     18 
    0    571     48     50    100     73      0      0      0      0   3201   1980      0      0 130325 130326      0      0      0      0     73     18 
    0    560     48     52    100     73      0      0      0      0   3201   1980      0      0 130325 130326      0      0      0      0     64     17 
    0    562     48     52    100     73      0      0      0      0   3201   1980      0      0 130325 130326      0      0      0      0     62     18 
    0    564     48     52    100     73      0      0      0      0   3201   1980      0      0 130325 130326      0      0      0      0     72     17 
    0    560     48     52    100     73      0      0      0      0   3201   1980      0      0 130325 130326      0      0      0      0     67     17 
    0    559     49     52    100     71      0      0      0      0   3201   1980      0      0 130325 130326      0      0      0      0     68     21 
    0    568     49     52    100     75      0      0      0      0   3201   1980      0      0 130325 130326      0      0      0      0     76     19 
    0    586     49     52    100     76      0      0      0      0   3201   1980      0      0 130325 130326      0      0      0      0    106     19 
    0    581     49     52    100     76      0      0      0      0   3201   1980      0      0 130325 130326      0      0      0      0     82     19 
    0    572     49     52    100     74      0      0      0      0   3201   1980      0      0 130325 130326      0      0      0      0     76     19 
    0    571     48     52    100     73      0      0      0      0   3201   1980      0      0 130325 130326      0      0      0      0     69     18 
    0    564     49     52    100     72      0      0      0      0   3201   1980      0      0 130325 130326      0      0      0      0     87     17 
    0    557     48     52    100     73      0      0      0      0   3201   1980      0      0 130325 130326      0      0      0      0     76     18 
    0    560     49     51    100     73      0      0      0      0   3201   1980      0      0 130325 130326      0      0      0      0     80     18 
    0    564     48     52    100     73      0      0      0      0   3201   1980      0      0 130325 130326      0      0      0      0     73     17 
    0    565     48     51    100     73      0      0      0      0   3201   1980      0      0 130325 130326      0      0      0      0     70     18 
    0    563     48     52    100     73      0      0      0      0   3201   1980      0      0 130325 130326      0      0      0      0     75     19 
    0    553     48     53    100     73      0      0      0      0   3201   1980      0      0 130325 130326      0      0      0      0     53     16 
    0    539     48     51     70     53      0      0      0      0   3201   1980      0      0 130325 130326      0      0      0      0      0      1 
    0    370     47     51    100     73      0      0      0      0   3201   1980      0      0 130325 130326      0      0      0      0     58     16 
    0    553     48     50    100     73      0      0      0      0   3201   1980      0      0 130325 130326      0      0      0      0     72     18 
# gpu    pwr  gtemp  mtemp     sm    mem    enc    dec    jpg    ofa   mclk   pclk  pviol  tviol     fb   bar1   ccpm  sbecc  dbecc    pci  rxpci  txpci 
# Idx      W      C      C      %      %      %      %      %      %    MHz    MHz      %   bool     MB     MB     MB   errs   errs   errs   MB/s   MB/s 
    0    566     48     52    100     73      0      0      0      0   3201   1980      0      0 130325 130326      0      0      0      0     73     21 
    0    581     49     51    100     72      0      0      0      0   3201   1980      0      0 130325 130326      0      0      0      0     87     19 
    0    556     48     51    100     73      0      0      0      0   3201   1980      0      0 130325 130326      0      0      0      0     80     17 
    0    570     48     52    100     73      0      0      0      0   3201   1980      0      0 130325 130326      0      0      0      0     93     19 
    0    566     48     51    100     73      0      0      0      0   3201   1980      0      0 130325 130326      0      0      0      0     80     18 
    0    566     48     50    100     73      0      0      0      0   3201   1980      0      0 130325 130326      0      0      0      0     66     18 
    0    557     48     51    100     72      0      0      0      0   3201   1980      0      0 130325 130326      0      0      0      0     58     15 
    0    558     48     51    100     72      0      0      0      0   3201   1980      0      0 130325 130326      0      0      0      0     72     17 
    0    566     48     52    100     73      0      0      0      0   3201   1980      0      0 130325 130326      0      0      0      0    107     20 
    0    587     49     50    100     76      0      0      0      0   3201   1980      0      0 130325 130326      0      0      0      0     87     21 
    0    585     49     52    100     77      0      0      0      0   3201   1980      0      0 130325 130326      0      0      0      0     99     18 
    0    577     49     51    100     73      0      0      0      0   3201   1980      0      0 130325 130326      0      0      0      0     64     18 
    0    573     49     51    100     73      0      0      0      0   3201   1980      0      0 130325 130326      0      0      0      0     78     18 
    0    572     49     52    100     73      0      0      0      0   3201   1980      0      0 130325 130326      0      0      0      0     79     20 
    0    567     49     51    100     72      0      0      0      0   3201   1980      0      0 130325 130326      0      0      0      0     75     18 
    0    570     49     52    100     72      0      0      0      0   3201   1980      0      0 130325 130326      0      0      0      0     63     19 
    0    576     50     53    100     72      0      0      0      0   3201   1980      0      0 130325 130326      0      0      0      0     91     18 
    0    575     49     52    100     73      0      0      0      0   3201   1980      0      0 130325 130326      0      0      0      0     80     19 
    0    572     49     52    100     73      0      0      0      0   3201   1980      0      0 130325 130326      0      0      0      0     87     18 
    0    579     49     52    100     71      0      0      0      0   3201   1980      0      0 130325 130326      0      0      0      0     75     23 
    0    566     49     52    100     73      0      0      0      0   3201   1980      0      0 130325 130326      0      0      0      0     94     18 
    0    575     49     51    100     72      0      0      0      0   3201   1980      0      0 130325 130326      0      0      0      0     81     19 
    0    477     43     43     15     11      0      0      0      0   3201   1980      0      0 130325 130326      0      0      0      0      0      2 
