# gpu    pwr  gtemp  mtemp     sm    mem    enc    dec    jpg    ofa   mclk   pclk  pviol  tviol     fb   bar1   ccpm  sbecc  dbecc    pci  rxpci  txpci 
# Idx      W      C      C      %      %      %      %      %      %    MHz    MHz      %   bool     MB     MB     MB   errs   errs   errs   MB/s   MB/s 
    0    149     37     35     49     27      0      0      0      0   3201   1980      0      0 124645 124646      0      0      0      0      0      1 
    0    133     37     35      0      0      0      0      0      0   3201   1980      0      0 124645 124646      0      0      0      0      0      0 
    0    132     37     35      0      0      0      0      0      0   3201   1980      0      0 124645 124646      0      0      0      0      0      1 
    0    132     36     35      0      0      0      0      0      0   3201   1980      0      0 124645 124646      0      0      0      0      0      0 
    0    132     36     34      0      0      0      0      0      0   3201   1980      0      0 124645 124646      0      0      0      0      0      0 
    0    132     36     34      0      0      0      0      0      0   3201   1980      0      0 124645 124646      0      0      0      0      0      0 
    0    132     36     34      0      0      0      0      0      0   3201   1980      0      0 124645 124646      0      0      0      0      0      0 
    0    132     36     34      0      0      0      0      0      0   3201   1980      0      0 124645 124646      0      0      0      0      0      0 
    0    132     36     34      0      0      0      0      0      0   3201   1980      0      0 124645 124646      0      0      0      0      0      0 
    0    132     36     34      0      0      0      0      0      0   3201   1980      0      0 124645 124646      0      0      0      0      0      0 
    0    132     36     34      0      0      0      0      0      0   3201   1980      0      0 124645 124646      0      0      0      0      0      0 
    0    132     36     34      0      0      0      0      0      0   3201   1980      0      0 124645 124646      0      0      0      0      0      0 
    0    132     36     34      0      0      0      0      0      0   3201   1980      0      0 124645 124646      0      0      0      0      0      0 
    0    383     41     41    100     49      0      0      0      0   3201   1980      0      0 124651 124652      0      0      0      0     84     18 
    0    407     41     41      9      3      0      0      0      0   3201   1980      0      0 124651 124652      0      0      0      0     60     16 
    0    325     42     43     99     50      0      0      0      0   3201   1980      0      0 124651 124652      0      0      0      0     72     17 
    0    451     43     43     99     52      0      0      0      0   3201   1980      0      0 124651 124652      0      0      0      0      0      0 
    0    395     43     44    100     52      0      0      0      0   3201   1980      0      0 124651 124652      0      0      0      0    105     17 
    0    421     44     43     99     52      0      0      0      0   3201   1980      0      0 124651 124652      0      0      0      0      0      0 
    0    305     44     45    100     52      0      0      0      0   3201   1980      0      0 124651 124652      0      0      0      0     67     17 
    0    452     44     45    100     50      0      0      0      0   3201   1980      0      0 124651 124652      0      0      0      0     72     17 
    0    373     44     45    100     48      0      0      0      0   3201   1980      0      0 124651 124652      0      0      0      0     72     17 
    0    453     45     46    100     48      0      0      0      0   3201   1980      0      0 124651 124652      0      0      0      0     72     17 
    0    366     42     40      0      0      0      0      0      0   3201   1980      0      0 124651 124652      0      0      0      0     63     16 
    0    451     45     44    100     48      0      0      0      0   3201   1980      0      0 124651 124652      0      0      0      0     83     18 
    0    463     47     46    100     47      0      0      0      0   3201   1980      0      0 124651 124652      0      0      0      0     67     17 
    0    244     40     39      0      0      0      0      0      0   3201   1980      0      0 124651 124652      0      0      0      0     74     23 
    0    467     45     47    100     48      0      0      0      0   3201   1980      0      0 124651 124652      0      0      0      0    126     20 
    0    446     45     47    100     50      0      0      0      0   3201   1980      0      0 124651 124652      0      0      0      0    104     17 
    0    299     40     39      0      0      0      0      0      0   3201   1980      0      0 124651 124652      0      0      0      0     60     16 
    0    302     40     39      0      0      0      0      0      0   3201   1980      0      0 124651 124652      0      0      0      0     60     16 
    0    462     46     44     94     43      0      0      0      0   3201   1980      0      0 124651 124652      0      0      0      0    157     21 
    0    458     46     45    100     48      0      0      0      0   3201   1980      0      0 124651 124652      0      0      0      0     92     18 
    0    390     45     45    100     50      0      0      0      0   3201   1980      0      0 124651 124652      0      0      0      0    122     18 
    0    457     46     47    100     48      0      0      0      0   3201   1980      0      0 124651 124652      0      0      0      0     72     17 
    0    448     46     46    100     48      0      0      0      0   3201   1980      0      0 124651 124652      0      0      0      0     60     16 
    0    337     46     45    100     48      0      0      0      0   3201   1980      0      0 124651 124652      0      0      0      0     72     17 
    0    398     43     43      0      0      0      0      0      0   3201   1980      0      0 124651 124652      0      0      0      0      0      0 
    0    444     46     46     99     52      0      0      0      0   3201   1980      0      0 124651 124652      0      0      0      0     67     22 
    0    454     46     48    100     50      0      0      0      0   3201   1980      0      0 124651 124652      0      0      0      0      0      1 
    0    407     46     45     99     52      0      0      0      0   3201   1980      0      0 124651 124652      0      0      0      0     60     16 
    0    461     47     45     99     52      0      0      0      0   3201   1980      0      0 124651 124652      0      0      0      0      0      1 
    0    363     46     45    100     50      0      0      0      0   3201   1980      0      0 124651 124652      0      0      0      0    128     18 
    0    460     47     48    100     46      0      0      0      0   3201   1980      0      0 124651 124652      0      0      0      0     92     19 
# gpu    pwr  gtemp  mtemp     sm    mem    enc    dec    jpg    ofa   mclk   pclk  pviol  tviol     fb   bar1   ccpm  sbecc  dbecc    pci  rxpci  txpci 
# Idx      W      C      C      %      %      %      %      %      %    MHz    MHz      %   bool     MB     MB     MB   errs   errs   errs   MB/s   MB/s 
    0    458     47     46     99     51      0      0      0      0   3201   1980      0      0 124651 124652      0      0      0      0     72     17 
    0    424     46     46    100     50      0      0      0      0   3201   1980      0      0 124651 124652      0      0      0      0     74     19 
    0    425     47     48     99     51      0      0      0      0   3201   1980      0      0 124651 124652      0      0      0      0     60     16 
    0    405     46     44     38     18      0      0      0      0   3201   1980      0      0 124651 124652      0      0      0      0     60     17 
    0    303     42     41      0      0      0      0      0      0   3201   1980      0      0 124651 124652      0      0      0      0      0      0 
    0    205     44     43     99     50      0      0      0      0   3201   1980      0      0 124651 124652      0      0      0      0     70     18 
    0    436     46     46    100     50      0      0      0      0   3201   1980      0      0 124651 124652      0      0      0      0     59     16 
    0    467     47     47    100     46      0      0      0      0   3201   1980      0      0 124651 124652      0      0      0      0     83     19 
    0    439     47     47     53     28      0      0      0      0   3201   1980      0      0 124651 124652      0      0      0      0     60     16 
    0    289     42     41     32     15      0      0      0      0   3201   1980      0      0 124651 124652      0      0      0      0     60     18 
    0    444     47     45    100     46      0      0      0      0   3201   1980      0      0 124651 124652      0      0      0      0    155     18 
    0    460     47     47    100     48      0      0      0      0   3201   1980      0      0 124651 124652      0      0      0      0     60     17 
    0    401     47     47    100     48      0      0      0      0   3201   1980      0      0 124651 124652      0      0      0      0     89     17 
    0    386     46     44    100     52      0      0      0      0   3201   1980      0      0 124651 124652      0      0      0      0     69     18 
    0    456     47     46    100     48      0      0      0      0   3201   1980      0      0 124651 124652      0      0      0      0     92     22 
    0    380     46     43     90     46      0      0      0      0   3201   1980      0      0 124651 124652      0      0      0      0     60     18 
    0    455     47     47     90     47      0      0      0      0   3201   1980      0      0 124651 124652      0      0      0      0      0      0 
