# gpu    pwr  gtemp  mtemp     sm    mem    enc    dec    jpg    ofa   mclk   pclk  pviol  tviol     fb   bar1   ccpm  sbecc  dbecc    pci  rxpci  txpci 
# Idx      W      C      C      %      %      %      %      %      %    MHz    MHz      %   bool     MB     MB     MB   errs   errs   errs   MB/s   MB/s 
    0    139     37     35      0      0      0      0      0      0   3201   1980      0      0 124645 124646      0      0      0      0      0      1 
    0    132     37     35      0      0      0      0      0      0   3201   1980      0      0 124645 124646      0      0      0      0      0      0 
    0    132     36     34      0      0      0      0      0      0   3201   1980      0      0 124645 124646      0      0      0      0      0      1 
    0    132     36     35      0      0      0      0      0      0   3201   1980      0      0 124645 124646      0      0      0      0      0      0 
    0    132     36     34      0      0      0      0      0      0   3201   1980      0      0 124645 124646      0      0      0      0      0      0 
    0    132     36     34      0      0      0      0      0      0   3201   1980      0      0 124645 124646      0      0      0      0      0      0 
    0    132     36     34      0      0      0      0      0      0   3201   1980      0      0 124645 124646      0      0      0      0      0      0 
    0    132     36     34      0      0      0      0      0      0   3201   1980      0      0 124645 124646      0      0      0      0      0      0 
    0    132     36     34      0      0      0      0      0      0   3201   1980      0      0 124645 124646      0      0      0      0      0      0 
    0    132     36     34      0      0      0      0      0      0   3201   1980      0      0 124645 124646      0      0      0      0      0      0 
    0    132     36     34      0      0      0      0      0      0   3201   1980      0      0 124645 124646      0      0      0      0      0      0 
    0    132     36     34      0      0      0      0      0      0   3201   1980      0      0 124645 124646      0      0      0      0      0      0 
    0    132     36     34      0      0      0      0      0      0   3201   1980      0      0 124645 124646      0      0      0      0      0      0 
    0    272     38     37     27     14      0      0      0      0   3201   1980      0      0 124651 124652      0      0      0      0     60     17 
    0    446     42     44     90     45      0      0      0      0   3201   1980      0      0 124651 124652      0      0      0      0     60     21 
    0    430     43     44    100     52      0      0      0      0   3201   1980      0      0 124651 124652      0      0      0      0     61     17 
    0    243     40     38     23     11      0      0      0      0   3201   1980      0      0 124651 124652      0      0      0      0     63     17 
    0    244     37     36      0      0      0      0      0      0   3201   1980      0      0 124651 124652      0      0      0      0      0      0 
    0    296     42     43     99     48      0      0      0      0   3201   1980      0      0 124651 124652      0      0      0      0     60     17 
    0    347     43     43     99     52      0      0      0      0   3201   1980      0      0 124651 124652      0      0      0      0     60     16 
    0    359     39     38      0      0      0      0      0      0   3201   1980      0      0 124651 124652      0      0      0      0      0      0 
    0    272     43     42    100     48      0      0      0      0   3201   1980      0      0 124651 124652      0      0      0      0     74     17 
    0    287     40     40    100     52      0      0      0      0   3201   1980      0      0 124651 124652      0      0      0      0      0      0 
    0    275     39     38      0      0      0      0      0      0   3201   1980      0      0 124651 124652      0      0      0      0      0      1 
    0    275     38     37      0      0      0      0      0      0   3201   1980      0      0 124651 124652      0      0      0      0      0      0 
    0    133     37     36      0      0      0      0      0      0   3201   1980      0      0 124651 124652      0      0      0      0      0      5 
    0    331     42     43      3      1      0      0      0      0   3201   1980      0      0 124651 124652      0      0      0      0     64     17 
    0    357     41     40      0      0      0      0      0      0   3201   1980      0      0 124651 124652      0      0      0      0     71     18 
    0    401     41     42     94     49      0      0      0      0   3201   1980      0      0 124651 124652      0      0      0      0      0      0 
    0    152     40     36      0      0      0      0      0      0   3201   1980      0      0 124651 124652      0      0      0      0     60     18 
    0    455     44     46    100     50      0      0      0      0   3201   1980      0      0 124651 124652      0      0      0      0     63     18 
    0    364     44     43    100     50      0      0      0      0   3201   1980      0      0 124651 124652      0      0      0      0     62     18 
    0    432     44     47    100     52      0      0      0      0   3201   1980      0      0 124651 124652      0      0      0      0     60     17 
    0    413     42     43     95     50      0      0      0      0   3201   1980      0      0 124651 124652      0      0      0      0      0      1 
    0    178     42     43      0      0      0      0      0      0   3201   1980      0      0 124651 124652      0      0      0      0     60     17 
    0    408     44     47    100     50      0      0      0      0   3201   1980      0      0 124651 124652      0      0      0      0     71     19 
    0    394     44     45    100     50      0      0      0      0   3201   1980      0      0 124651 124652      0      0      0      0      0     13 
    0    395     45     44    100     48      0      0      0      0   3201   1980      0      0 124651 124652      0      0      0      0     85     20 
    0    454     45     45     99     52      0      0      0      0   3201   1980      0      0 124651 124652      0      0      0      0     60     17 
    0    234     40     39      0      0      0      0      0      0   3201   1980      0      0 124651 124652      0      0      0      0      0      1 
    0    134     39     37      0      0      0      0      0      0   3201   1980      0      0 124651 124652      0      0      0      0     60     17 
    0    428     44     44     99     52      0      0      0      0   3201   1980      0      0 124651 124652      0      0      0      0     65     18 
    0    439     43     44    100     49      0      0      0      0   3201   1980      0      0 124651 124652      0      0      0      0     60     17 
    0    409     42     42    100     52      0      0      0      0   3201   1980      0      0 124651 124652      0      0      0      0      0      0 
# gpu    pwr  gtemp  mtemp     sm    mem    enc    dec    jpg    ofa   mclk   pclk  pviol  tviol     fb   bar1   ccpm  sbecc  dbecc    pci  rxpci  txpci 
# Idx      W      C      C      %      %      %      %      %      %    MHz    MHz      %   bool     MB     MB     MB   errs   errs   errs   MB/s   MB/s 
    0    292     41     40      0      0      0      0      0      0   3201   1980      0      0 124651 124652      0      0      0      0      0      0 
    0    292     40     39      0      0      0      0      0      0   3201   1980      0      0 124651 124652      0      0      0      0      1      0 
    0    134     39     38      0      0      0      0      0      0   3201   1980      0      0 124651 124652      0      0      0      0     61     17 
    0    380     41     40     63     33      0      0      0      0   3201   1980      0      0 124651 124652      0      0      0      0      0      1 
    0    134     39     37      0      0      0      0      0      0   3201   1980      0      0 124651 124652      0      0      0      0      0      0 
    0    390     44     47    100     52      0      0      0      0   3201   1980      0      0 124651 124652      0      0      0      0      0      1 
    0    379     45     45    100     49      0      0      0      0   3201   1980      0      0 124651 124652      0      0      0      0     74     19 
    0    407     45     47     15      7      0      0      0      0   3201   1980      0      0 124651 124652      0      0      0      0     60     18 
    0    457     45     45    100     50      0      0      0      0   3201   1980      0      0 124651 124652      0      0      0      0     69     17 
    0    329     41     40      0      0      0      0      0      0   3201   1980      0      0 124651 124652      0      0      0      0      0      1 
    0    323     45     46    100     50      0      0      0      0   3201   1980      0      0 124651 124652      0      0      0      0     34      0 
    0    360     44     46      0      0      0      0      0      0   3201   1980      0      0 124651 124652      0      0      0      0     72     17 
    0    435     45     47    100     50      0      0      0      0   3201   1980      0      0 124651 124652      0      0      0      0      0      0 
    0    289     42     41     27     13      0      0      0      0   3201   1980      0      0 124651 124652      0      0      0      0     60     17 
    0    388     45     45     99     52      0      0      0      0   3201   1980      0      0 124651 124652      0      0      0      0     60     17 
    0    183     40     39      0      0      0      0      0      0   3201   1980      0      0 124651 124652      0      0      0      0      5      1 
    0    362     45     45    100     51      0      0      0      0   3201   1980      0      0 124651 124652      0      0      0      0     60     17 
    0    458     46     44     99     49      0      0      0      0   3201   1980      0      0 124651 124652      0      0      0      0     65     18 
    0    213     40     39      0      0      0      0      0      0   3201   1980      0      0 124651 124652      0      0      0      0      0      0 
    0    356     45     45    100     52      0      0      0      0   3201   1980      0      0 124651 124652      0      0      0      0      0      1 
    0    279     42     42     62     33      0      0      0      0   3201   1980      0      0 124651 124652      0      0      0      0      0      0 
    0    337     41     40      0      0      0      0      0      0   3201   1980      0      0 124651 124652      0      0      0      0      0     10 
    0    367     41     40      0      0      0      0      0      0   3201   1980      0      0 124651 124652      0      0      0      0      0      0 
    0    344     45     44     83     42      0      0      0      0   3201   1980      0      0 124651 124652      0      0      0      0     65     18 
    0    256     44     45    100     53      0      0      0      0   3201   1980      0      0 124651 124652      0      0      0      0     61     17 
    0    347     41     41      0      0      0      0      0      0   3201   1980      0      0 124651 124652      0      0      0      0     60     18 
    0    374     41     40      0      0      0      0      0      0   3201   1980      0      0 124651 124652      0      0      0      0      0      0 
    0    179     43     43      0      0      0      0      0      0   3201   1980      0      0 124651 124652      0      0      0      0     60     18 
    0    430     46     45     99     52      0      0      0      0   3201   1980      0      0 124651 124652      0      0      0      0     17     22 
    0    424     47     47     99     52      0      0      0      0   3201   1980      0      0 124651 124652      0      0      0      0     72     18 
    0    453     46     46     99     49      0      0      0      0   3201   1980      0      0 124651 124652      0      0      0      0     83     18 
    0    459     46     48     77     39      0      0      0      0   3201   1980      0      0 124651 124652      0      0      0      0     60     18 
    0    429     46     47     99     52      0      0      0      0   3201   1980      0      0 124651 124652      0      0      0      0     60     14 
    0    392     44     43     68     36      0      0      0      0   3201   1980      0      0 124651 124652      0      0      0      0      0      0 
    0    298     45     46     99     49      0      0      0      0   3201   1980      0      0 124651 124652      0      0      0      0     88     17 
    0    288     41     40      0      0      0      0      0      0   3201   1980      0      0 124651 124652      0      0      0      0      0      0 
    0    318     44     42     32     15      0      0      0      0   3201   1980      0      0 124651 124652      0      0      0      0     63     16 
    0    391     45     45    100     50      0      0      0      0   3201   1980      0      0 124651 124652      0      0      0      0      0      0 
    0    202     44     44     81     41      0      0      0      0   3201   1980      0      0 124651 124652      0      0      0      0     64     16 
    0    333     42     41     79     41      0      0      0      0   3201   1980      0      0 124651 124652      0      0      0      0      0      0 
    0    136     40     38      0      0      0      0      0      0   3201   1980      0      0 124651 124652      0      0      0      0      0      0 
    0    135     39     38      0      0      0      0      0      0   3201   1980      0      0 124651 124652      0      0      0      0      0      0 
    0    228     43     44    100     50      0      0      0      0   3201   1980      0      0 124651 124652      0      0      0      0     72     17 
    0    275     44     46    100     50      0      0      0      0   3201   1980      0      0 124651 124652      0      0      0      0     72     17 
# gpu    pwr  gtemp  mtemp     sm    mem    enc    dec    jpg    ofa   mclk   pclk  pviol  tviol     fb   bar1   ccpm  sbecc  dbecc    pci  rxpci  txpci 
# Idx      W      C      C      %      %      %      %      %      %    MHz    MHz      %   bool     MB     MB     MB   errs   errs   errs   MB/s   MB/s 
    0    382     41     41     94     49      0      0      0      0   3201   1980      0      0 124651 124652      0      0      0      0      0      0 
    0    281     40     39      0      0      0      0      0      0   3201   1980      0      0 124651 124652      0      0      0      0     61     17 
    0    451     45     44    100     49      0      0      0      0   3201   1980      0      0 124651 124652      0      0      0      0     72     17 
    0    417     46     49    100     52      0      0      0      0   3201   1980      0      0 124651 124652      0      0      0      0      0      0 
    0    287     41     40      0      0      0      0      0      0   3201   1980      0      0 124651 124652      0      0      0      0      0      0 
    0    278     40     39      0      0      0      0      0      0   3201   1980      0      0 124651 124652      0      0      0      0      0      0 
    0    135     39     38      0      0      0      0      0      0   3201   1980      0      0 124651 124652      0      0      0      0     61     16 
    0    283     44     40      0      0      0      0      0      0   3201   1980      0      0 124651 124652      0      0      0      0     72     17 
    0    392     45     43      0      0      0      0      0      0   3201   1980      0      0 124651 124652      0      0      0      0     74     18 
    0    398     42     41      7      3      0      0      0      0   3201   1980      0      0 124651 124652      0      0      0      0      0      0 
    0    384     45     47     99     52      0      0      0      0   3201   1980      0      0 124651 124652      0      0      0      0      0      1 
    0    227     44     43     87     44      0      0      0      0   3201   1980      0      0 124651 124652      0      0      0      0     60     16 
    0    394     44     44     99     49      0      0      0      0   3201   1980      0      0 124651 124652      0      0      0      0     65     18 
    0    418     43     43     53     28      0      0      0      0   3201   1980      0      0 124651 124652      0      0      0      0      0      0 
    0    202     44     45     99     52      0      0      0      0   3201   1980      0      0 124651 124652      0      0      0      0     60     17 
    0    453     46     44    100     52      0      0      0      0   3201   1980      0      0 124651 124652      0      0      0      0     65     16 
    0    385     45     45     99     52      0      0      0      0   3201   1980      0      0 124651 124652      0      0      0      0     72     18 
    0    369     42     41      0      0      0      0      0      0   3201   1980      0      0 124651 124652      0      0      0      0      0      0 
    0    229     44     43    100     52      0      0      0      0   3201   1980      0      0 124651 124652      0      0      0      0     60     18 
    0    381     48     47     99     49      0      0      0      0   3201   1980      0      0 124651 124652      0      0      0      0     83     19 
    0    365     42     41      0      0      0      0      0      0   3201   1980      0      0 124651 124652      0      0      0      0      0      1 
