# gpu    pwr  gtemp  mtemp     sm    mem    enc    dec    jpg    ofa   mclk   pclk  pviol  tviol     fb   bar1   ccpm  sbecc  dbecc    pci  rxpci  txpci 
# Idx      W      C      C      %      %      %      %      %      %    MHz    MHz      %   bool     MB     MB     MB   errs   errs   errs   MB/s   MB/s 
    0    142     36     34     25     14      0      0      0      0   3201   1980      0      0 124645 124646      0      0      0      0      0      0 
    0    132     36     34      0      0      0      0      0      0   3201   1980      0      0 124645 124646      0      0      0      0      0      0 
    0    132     36     34      0      0      0      0      0      0   3201   1980      0      0 124645 124646      0      0      0      0      0      0 
    0    132     36     34      0      0      0      0      0      0   3201   1980      0      0 124645 124646      0      0      0      0      0      0 
    0    132     36     34      0      0      0      0      0      0   3201   1980      0      0 124645 124646      0      0      0      0      0      0 
    0    132     36     34      0      0      0      0      0      0   3201   1980      0      0 124645 124646      0      0      0      0      0      0 
    0    132     36     34      0      0      0      0      0      0   3201   1980      0      0 124645 124646      0      0      0      0      0      0 
    0    132     36     34      0      0      0      0      0      0   3201   1980      0      0 124645 124646      0      0      0      0      0      0 
    0    132     36     34      0      0      0      0      0      0   3201   1980      0      0 124645 124646      0      0      0      0      0      0 
    0    132     36     34      0      0      0      0      0      0   3201   1980      0      0 124645 124646      0      0      0      0      0      0 
    0    131     36     34      0      0      0      0      0      0   3201   1980      0      0 124645 124646      0      0      0      0      0      0 
    0    131     35     33      0      0      0      0      0      0   3201   1980      0      0 124645 124646      0      0      0      0      0      0 
    0    131     35     34      0      0      0      0      0      0   3201   1980      0      0 124645 124646      0      0      0      0     26      5 
    0    407     41     43    100     49      0      0      0      0   3201   1980      0      0 124651 124652      0      0      0      0     72     18 
    0    435     42     43    100     48      0      0      0      0   3201   1980      0      0 124651 124652      0      0      0      0     82     19 
    0    446     43     44    100     48      0      0      0      0   3201   1980      0      0 124651 124652      0      0      0      0     90     19 
    0    439     43     43    100     48      0      0      0      0   3201   1980      0      0 124651 124652      0      0      0      0     74     17 
    0    451     44     43    100     52      0      0      0      0   3201   1980      0      0 124651 124652      0      0      0      0     63     16 
    0    444     43     43    100     49      0      0      0      0   3201   1980      0      0 124651 124652      0      0      0      0     71     17 
    0    441     44     44    100     48      0      0      0      0   3201   1980      0      0 124651 124652      0      0      0      0     91     19 
    0    439     44     44    100     48      0      0      0      0   3201   1980      0      0 124651 124652      0      0      0      0     71     17 
    0    447     45     45    100     48      0      0      0      0   3201   1980      0      0 124651 124652      0      0      0      0     82     20 
    0    449     45     44    100     48      0      0      0      0   3201   1980      0      0 124651 124652      0      0      0      0     96     19 
    0    438     45     47    100     50      0      0      0      0   3201   1980      0      0 124651 124652      0      0      0      0     71     18 
    0    448     45     46     99     52      0      0      0      0   3201   1980      0      0 124651 124652      0      0      0      0     60     17 
    0    399     44     46     99     52      0      0      0      0   3201   1980      0      0 124651 124652      0      0      0      0     60     17 
    0    451     45     45    100     48      0      0      0      0   3201   1980      0      0 124651 124652      0      0      0      0     84     18 
    0    439     45     44    100     48      0      0      0      0   3201   1980      0      0 124651 124652      0      0      0      0     90     20 
    0    448     46     46    100     48      0      0      0      0   3201   1980      0      0 124651 124652      0      0      0      0     93     19 
    0    444     46     45    100     49      0      0      0      0   3201   1980      0      0 124651 124652      0      0      0      0     71     18 
    0    439     46     45    100     48      0      0      0      0   3201   1980      0      0 124651 124652      0      0      0      0     91     20 
    0    454     46     47    100     47      0      0      0      0   3201   1980      0      0 124651 124652      0      0      0      0    104     20 
    0    449     46     45    100     48      0      0      0      0   3201   1980      0      0 124651 124652      0      0      0      0     92     20 
    0    448     46     48     99     48      0      0      0      0   3201   1980      0      0 124651 124652      0      0      0      0     75     20 
    0    440     46     47    100     50      0      0      0      0   3201   1980      0      0 124651 124652      0      0      0      0     60     17 
    0    447     47     46    100     48      0      0      0      0   3201   1980      0      0 124651 124652      0      0      0      0     82     20 
    0    452     47     48    100     48      0      0      0      0   3201   1980      0      0 124651 124652      0      0      0      0    104     19 
    0    453     48     48     92     45      0      0      0      0   3201   1980      0      0 124651 124652      0      0      0      0    109     22 
    0    455     47     48    100     49      0      0      0      0   3201   1980      0      0 124651 124652      0      0      0      0    108     21 
    0    450     47     49    100     50      0      0      0      0   3201   1980      0      0 124651 124652      0      0      0      0     71     17 
    0    332     46     47    100     47      0      0      0      0   3201   1980      0      0 124651 124652      0      0      0      0     90     19 
    0    449     47     48    100     48      0      0      0      0   3201   1980      0      0 124651 124652      0      0      0      0    109     22 
    0    467     48     46    100     50      0      0      0      0   3201   1980      0      0 124651 124652      0      0      0      0    115     22 
    0    470     47     46    100     47      0      0      0      0   3201   1980      0      0 124651 124652      0      0      0      0    101     20 
# gpu    pwr  gtemp  mtemp     sm    mem    enc    dec    jpg    ofa   mclk   pclk  pviol  tviol     fb   bar1   ccpm  sbecc  dbecc    pci  rxpci  txpci 
# Idx      W      C      C      %      %      %      %      %      %    MHz    MHz      %   bool     MB     MB     MB   errs   errs   errs   MB/s   MB/s 
    0    453     47     45    100     48      0      0      0      0   3201   1980      0      0 124651 124652      0      0      0      0     83     19 
    0    444     47     48    100     50      0      0      0      0   3201   1980      0      0 124651 124652      0      0      0      0     69     17 
    0    429     47     48     99     52      0      0      0      0   3201   1980      0      0 124651 124652      0      0      0      0     60     18 
    0    438     47     49    100     49      0      0      0      0   3201   1980      0      0 124651 124652      0      0      0      0     66     17 
    0    414     44     43     26     14      0      0      0      0   3201   1980      0      0 124651 124652      0      0      0      0     64     16 
    0    447     47     47    100     49      0      0      0      0   3201   1980      0      0 124651 124652      0      0      0      0     90     19 
    0    460     48     48    100     50      0      0      0      0   3201   1980      0      0 124651 124652      0      0      0      0    124     23 
    0    476     48     47    100     51      0      0      0      0   3201   1980      0      0 124651 124652      0      0      0      0    109     23 
    0    458     48     49    100     48      0      0      0      0   3201   1980      0      0 124651 124652      0      0      0      0    115     20 
    0    451     48     46    100     48      0      0      0      0   3201   1980      0      0 124651 124652      0      0      0      0     75     19 
    0    446     47     47    100     48      0      0      0      0   3201   1980      0      0 124651 124652      0      0      0      0     92     18 
    0    452     48     48    100     48      0      0      0      0   3201   1980      0      0 124651 124652      0      0      0      0    112     20 
    0    455     48     48    100     48      0      0      0      0   3201   1980      0      0 124651 124652      0      0      0      0    105     19 
    0    455     48     48    100     48      0      0      0      0   3201   1980      0      0 124651 124652      0      0      0      0    100     20 
    0    452     48     48    100     48      0      0      0      0   3201   1980      0      0 124651 124652      0      0      0      0     86     20 
    0    454     48     49     99     52      0      0      0      0   3201   1980      0      0 124651 124652      0      0      0      0     74     17 
    0    442     48     49    100     48      0      0      0      0   3201   1980      0      0 124651 124652      0      0      0      0     91     19 
    0    453     48     50    100     48      0      0      0      0   3201   1980      0      0 124651 124652      0      0      0      0     92     18 
    0    447     48     48    100     50      0      0      0      0   3201   1980      0      0 124651 124652      0      0      0      0     84     18 
    0    441     48     49    100     49      0      0      0      0   3201   1980      0      0 124651 124652      0      0      0      0     66     17 
    0    444     48     48    100     48      0      0      0      0   3201   1980      0      0 124651 124652      0      0      0      0     93     18 
    0    444     48     48    100     49      0      0      0      0   3201   1980      0      0 124651 124652      0      0      0      0     92     18 
    0    447     48     48    100     50      0      0      0      0   3201   1980      0      0 124651 124652      0      0      0      0     71     19 
    0    444     48     48    100     49      0      0      0      0   3201   1980      0      0 124651 124652      0      0      0      0     69     17 
    0    442     48     50    100     48      0      0      0      0   3201   1980      0      0 124651 124652      0      0      0      0     73     18 
    0    443     48     47    100     48      0      0      0      0   3201   1980      0      0 124651 124652      0      0      0      0     95     18 
    0    445     48     48    100     49      0      0      0      0   3201   1980      0      0 124651 124652      0      0      0      0     71     18 
    0    450     48     51     99     52      0      0      0      0   3201   1980      0      0 124651 124652      0      0      0      0     62     19 
    0    446     48     49    100     47      0      0      0      0   3201   1980      0      0 124651 124652      0      0      0      0    102     21 
    0    453     49     49    100     48      0      0      0      0   3201   1980      0      0 124651 124652      0      0      0      0    100     21 
    0    461     49     48     99     48      0      0      0      0   3201   1980      0      0 124651 124652      0      0      0      0    119     23 
    0    457     49     47    100     48      0      0      0      0   3201   1980      0      0 124651 124652      0      0      0      0    100     21 
    0    451     48     49    100     48      0      0      0      0   3201   1980      0      0 124651 124652      0      0      0      0     84     20 
    0    448     48     47    100     48      0      0      0      0   3201   1980      0      0 124651 124652      0      0      0      0     82     19 
    0    449     48     48    100     48      0      0      0      0   3201   1980      0      0 124651 124652      0      0      0      0     83     19 
    0    447     48     51    100     48      0      0      0      0   3201   1980      0      0 124651 124652      0      0      0      0     84     18 
    0    448     48     50    100     49      0      0      0      0   3201   1980      0      0 124651 124652      0      0      0      0     71     18 
    0    445     48     50     99     48      0      0      0      0   3201   1980      0      0 124651 124652      0      0      0      0     82     19 
    0    446     48     50    100     48      0      0      0      0   3201   1980      0      0 124651 124652      0      0      0      0     65     18 
    0    442     48     48     99     49      0      0      0      0   3201   1980      0      0 124651 124652      0      0      0      0     68     17 
    0    403     44     43     38     20      0      0      0      0   3201   1980      0      0 124651 124652      0      0      0      0      0      1 
    0    138     42     41      0      0      0      0      0      0   3201   1980      0      0 124651 124652      0      0      0      0      0      0 
    0    322     47     47    100     49      0      0      0      0   3201   1980      0      0 124651 124652      0      0      0      0     64     18 
    0    446     48     49    100     48      0      0      0      0   3201   1980      0      0 124651 124652      0      0      0      0    116     26 
# gpu    pwr  gtemp  mtemp     sm    mem    enc    dec    jpg    ofa   mclk   pclk  pviol  tviol     fb   bar1   ccpm  sbecc  dbecc    pci  rxpci  txpci 
# Idx      W      C      C      %      %      %      %      %      %    MHz    MHz      %   bool     MB     MB     MB   errs   errs   errs   MB/s   MB/s 
    0    448     48     47    100     49      0      0      0      0   3201   1980      0      0 124651 124652      0      0      0      0    104     20 
    0    446     48     49    100     49      0      0      0      0   3201   1980      0      0 124651 124652      0      0      0      0     71     17 
    0    448     48     48    100     48      0      0      0      0   3201   1980      0      0 124651 124652      0      0      0      0    102     20 
    0    455     48     49    100     48      0      0      0      0   3201   1980      0      0 124651 124652      0      0      0      0    104     19 
    0    446     48     48    100     48      0      0      0      0   3201   1980      0      0 124651 124652      0      0      0      0     74     20 
    0    448     48     47     99     52      0      0      0      0   3201   1980      0      0 124651 124652      0      0      0      0     62     16 
    0    427     48     47     99     52      0      0      0      0   3201   1980      0      0 124651 124652      0      0      0      0     60     18 
    0    458     48     49    100     48      0      0      0      0   3201   1980      0      0 124651 124652      0      0      0      0     92     18 
    0    450     49     50    100     48      0      0      0      0   3201   1980      0      0 124651 124652      0      0      0      0    109     22 
    0    468     49     49    100     48      0      0      0      0   3201   1980      0      0 124651 124652      0      0      0      0    120     21 
    0    461     48     50    100     48      0      0      0      0   3201   1980      0      0 124651 124652      0      0      0      0     75     19 
    0    446     48     48    100     50      0      0      0      0   3201   1980      0      0 124651 124652      0      0      0      0     85     18 
    0    453     49     47    100     48      0      0      0      0   3201   1980      0      0 124651 124652      0      0      0      0    102     20 
    0    457     48     50    100     48      0      0      0      0   3201   1980      0      0 124651 124652      0      0      0      0     84     18 
    0    444     48     48    100     49      0      0      0      0   3201   1980      0      0 124651 124652      0      0      0      0     71     17 
    0    442     49     47    100     48      0      0      0      0   3201   1980      0      0 124651 124652      0      0      0      0     90     19 
    0    452     49     50    100     48      0      0      0      0   3201   1980      0      0 124651 124652      0      0      0      0    125     21 
    0    452     49     48    100     48      0      0      0      0   3201   1980      0      0 124651 124652      0      0      0      0    104     19 
    0    450     49     50     99     52      0      0      0      0   3201   1980      0      0 124651 124652      0      0      0      0     63     18 
    0    449     49     50    100     48      0      0      0      0   3201   1980      0      0 124651 124652      0      0      0      0    124     20 
    0    455     49     50    100     49      0      0      0      0   3201   1980      0      0 124651 124652      0      0      0      0    104     19 
    0    367     44     43      0      0      0      0      0      0   3201   1980      0      0 124651 124652      0      0      0      0      0      0 
