# gpu    pwr  gtemp  mtemp     sm    mem    enc    dec    jpg    ofa   mclk   pclk  pviol  tviol     fb   bar1   ccpm  sbecc  dbecc    pci  rxpci  txpci 
# Idx      W      C      C      %      %      %      %      %      %    MHz    MHz      %   bool     MB     MB     MB   errs   errs   errs   MB/s   MB/s 
    0    133     37     35      0      0      0      0      0      0   3201   1980      0      0 124645 124646      0      0      0      0      0      0 
    0    133     37     35      0      0      0      0      0      0   3201   1980      0      0 124645 124646      0      0      0      0      0      0 
    0    132     37     35      0      0      0      0      0      0   3201   1980      0      0 124645 124646      0      0      0      0      0      1 
    0    132     37     35      0      0      0      0      0      0   3201   1980      0      0 124645 124646      0      0      0      0      0      0 
    0    132     36     35      0      0      0      0      0      0   3201   1980      0      0 124645 124646      0      0      0      0      0      1 
    0    132     36     34      0      0      0      0      0      0   3201   1980      0      0 124645 124646      0      0      0      0      0      0 
    0    132     36     34      0      0      0      0      0      0   3201   1980      0      0 124645 124646      0      0      0      0      0      1 
    0    132     36     34      0      0      0      0      0      0   3201   1980      0      0 124645 124646      0      0      0      0      0      0 
    0    132     36     34      0      0      0      0      0      0   3201   1980      0      0 124645 124646      0      0      0      0      0      1 
    0    132     36     34      0      0      0      0      0      0   3201   1980      0      0 124645 124646      0      0      0      0      0      0 
    0    136     36     34      0      0      0      0      0      0   3201   1980      0      0 124645 124646      0      0      0      0      0      0 
    0    136     36     34      0      0      0      0      0      0   3201   1980      0      0 124645 124646      0      0      0      0      0      0 
    0    136     36     34      0      0      0      0      0      0   3201   1980      0      0 124645 124646      0      0      0      0      0      0 
    0    173     36     35      0      0      0      0      0      0   3201   1980      0      0 124651 124652      0      0      0      0      0      0 
    0    215     37     35      4      2      0      0      0      0   3201   1980      0      0 124651 124652      0      0      0      0     62     18 
    0    235     37     36      9      5      0      0      0      0   3201   1980      0      0 124651 124652      0      0      0      0     84     17 
    0    172     36     35      0      0      0      0      0      0   3201   1980      0      0 124651 124652      0      0      0      0      0      1 
    0    172     36     35      0      0      0      0      0      0   3201   1980      0      0 124651 124652      0      0      0      0      0      0 
    0    169     37     36     95     51      0      0      0      0   3201   1980      0      0 124651 124652      0      0      0      0     51      1 
    0    179     37     36      0      0      0      0      0      0   3201   1980      0      0 124651 124652      0      0      0      0      0      4 
    0    210     37     35      0      0      0      0      0      0   3201   1980      0      0 124651 124652      0      0      0      0      0      1 
    0    213     39     38     93     40      0      0      0      0   3201   1980      0      0 124651 124652      0      0      0      0      0      0 
    0    174     37     36     81     44      0      0      0      0   3201   1980      0      0 124651 124652      0      0      0      0      0      1 
    0    173     36     35      0      0      0      0      0      0   3201   1980      0      0 124651 124652      0      0      0      0      0      0 
    0    174     36     35      0      0      0      0      0      0   3201   1980      0      0 124651 124652      0      0      0      0      0      1 
    0    132     36     34      0      0      0      0      0      0   3201   1980      0      0 124651 124652      0      0      0      0      0      0 
    0    168     36     34      0      0      0      0      0      0   3201   1980      0      0 124651 124652      0      0      0      0     34     19 
    0    208     36     35      0      0      0      0      0      0   3201   1980      0      0 124651 124652      0      0      0      0      0      0 
    0    265     38     36      0      0      0      0      0      0   3201   1980      0      0 124651 124652      0      0      0      0      0      0 
    0    132     36     34      0      0      0      0      0      0   3201   1980      0      0 124651 124652      0      0      0      0      0      0 
    0    293     41     40     99     53      0      0      0      0   3201   1980      0      0 124651 124652      0      0      0      0      0      0 
    0    189     40     35     20     11      0      0      0      0   3201   1980      0      0 124651 124652      0      0      0      0      0      0 
    0    216     38     37     52     29      0      0      0      0   3201   1980      0      0 124651 124652      0      0      0      0      0      0 
    0    208     38     36     21     11      0      0      0      0   3201   1980      0      0 124651 124652      0      0      0      0      0      0 
    0    132     36     35      0      0      0      0      0      0   3201   1980      0      0 124651 124652      0      0      0      0      0      0 
    0    247     40     39     63     34      0      0      0      0   3201   1980      0      0 124651 124652      0      0      0      0      0      0 
    0    230     38     37     29     16      0      0      0      0   3201   1980      0      0 124651 124652      0      0      0      0      0      0 
    0    217     40     41     67     35      0      0      0      0   3201   1980      0      0 124651 124652      0      0      0      0     61     18 
    0    279     39     38     28     13      0      0      0      0   3201   1980      0      0 124651 124652      0      0      0      0      0      3 
    0    170     37     35      0      0      0      0      0      0   3201   1980      0      0 124651 124652      0      0      0      0      0      0 
    0    132     36     35      0      0      0      0      0      0   3201   1980      0      0 124651 124652      0      0      0      0      0      0 
    0    265     37     36      0      0      0      0      0      0   3201   1980      0      0 124651 124652      0      0      0      0     67     17 
    0    337     39     38     98     52      0      0      0      0   3201   1980      0      0 124651 124652      0      0      0      0      0      0 
    0    274     38     37     53     29      0      0      0      0   3201   1980      0      0 124651 124652      0      0      0      0      0      0 
# gpu    pwr  gtemp  mtemp     sm    mem    enc    dec    jpg    ofa   mclk   pclk  pviol  tviol     fb   bar1   ccpm  sbecc  dbecc    pci  rxpci  txpci 
# Idx      W      C      C      %      %      %      %      %      %    MHz    MHz      %   bool     MB     MB     MB   errs   errs   errs   MB/s   MB/s 
    0    196     37     36      0      0      0      0      0      0   3201   1980      0      0 124651 124652      0      0      0      0      0      0 
    0    196     37     36      0      0      0      0      0      0   3201   1980      0      0 124651 124652      0      0      0      0      0      0 
    0    133     37     35      0      0      0      0      0      0   3201   1980      0      0 124651 124652      0      0      0      0      0      0 
    0    211     37     35      0      0      0      0      0      0   3201   1980      0      0 124651 124652      0      0      0      0      0      0 
    0    132     37     35      0      0      0      0      0      0   3201   1980      0      0 124651 124652      0      0      0      0      0      0 
    0    210     40     40     49     25      0      0      0      0   3201   1980      0      0 124651 124652      0      0      0      0      0      1 
    0    287     42     40     99     53      0      0      0      0   3201   1980      0      0 124651 124652      0      0      0      0     64     16 
    0    262     37     36      0      0      0      0      0      0   3201   1980      0      0 124651 124652      0      0      0      0     62     19 
    0    271     41     41     16      7      0      0      0      0   3201   1980      0      0 124651 124652      0      0      0      0     62     18 
    0    201     37     36      0      0      0      0      0      0   3201   1980      0      0 124651 124652      0      0      0      0      0      1 
    0    213     40     41     23     13      0      0      0      0   3201   1980      0      0 124651 124652      0      0      0      0      0      0 
    0    199     37     36      0      0      0      0      0      0   3201   1980      0      0 124651 124652      0      0      0      0      0     14 
    0    297     38     37     30     16      0      0      0      0   3201   1980      0      0 124651 124652      0      0      0      0      0      0 
    0    176     38     36      0      0      0      0      0      0   3201   1980      0      0 124651 124652      0      0      0      0      0      1 
    0    228     41     37      0      0      0      0      0      0   3201   1980      0      0 124651 124652      0      0      0      0     62      6 
    0    162     37     35      0      0      0      0      0      0   3201   1980      0      0 124651 124652      0      0      0      0      0      1 
    0    206     38     36      0      0      0      0      0      0   3201   1980      0      0 124651 124652      0      0      0      0      0      0 
    0    219     37     36      0      0      0      0      0      0   3201   1980      0      0 124651 124652      0      0      0      0     33     14 
    0    179     37     35      0      0      0      0      0      0   3201   1980      0      0 124651 124652      0      0      0      0      0      0 
    0    209     41     42      0      0      0      0      0      0   3201   1980      0      0 124651 124652      0      0      0      0      0      1 
    0    171     37     36      0      0      0      0      0      0   3201   1980      0      0 124651 124652      0      0      0      0      0      0 
    0    212     37     36      0      0      0      0      0      0   3201   1980      0      0 124651 124652      0      0      0      0      0      1 
    0    210     37     35      0      0      0      0      0      0   3201   1980      0      0 124651 124652      0      0      0      0      0      0 
    0    174     37     36      0      0      0      0      0      0   3201   1980      0      0 124651 124652      0      0      0      0     62     19 
    0    155     37     35      0      0      0      0      0      0   3201   1980      0      0 124651 124652      0      0      0      0     67     17 
    0    205     37     36      0      0      0      0      0      0   3201   1980      0      0 124651 124652      0      0      0      0      0      1 
    0    213     37     35      0      0      0      0      0      0   3201   1980      0      0 124651 124652      0      0      0      0      0      0 
    0    132     37     35      0      0      0      0      0      0   3201   1980      0      0 124651 124652      0      0      0      0      0     11 
    0    251     39     38     92     50      0      0      0      0   3201   1980      0      0 124651 124652      0      0      0      0      0      0 
    0    219     37     36      0      0      0      0      0      0   3201   1980      0      0 124651 124652      0      0      0      0     62     19 
    0    273     45     42      0      0      0      0      0      0   3201   1980      0      0 124651 124652      0      0      0      0     65     10 
    0    237     37     36      0      0      0      0      0      0   3201   1980      0      0 124651 124652      0      0      0      0     67     17 
    0    225     41     39     48     25      0      0      0      0   3201   1980      0      0 124651 124652      0      0      0      0      0      0 
    0    215     38     37      0      0      0      0      0      0   3201   1980      0      0 124651 124652      0      0      0      0      0      1 
    0    176     38     37     73     39      0      0      0      0   3201   1980      0      0 124651 124652      0      0      0      0     67     17 
    0    213     37     35      0      0      0      0      0      0   3201   1980      0      0 124651 124652      0      0      0      0      0      1 
    0    174     37     35      0      0      0      0      0      0   3201   1980      0      0 124651 124652      0      0      0      0      0      0 
    0    229     39     39     96     51      0      0      0      0   3201   1980      0      0 124651 124652      0      0      0      0      0      1 
    0    144     37     35      0      0      0      0      0      0   3201   1980      0      0 124651 124652      0      0      0      0     61     18 
    0    209     37     36      5      3      0      0      0      0   3201   1980      0      0 124651 124652      0      0      0      0      0      1 
    0    132     37     35      0      0      0      0      0      0   3201   1980      0      0 124651 124652      0      0      0      0      0      0 
    0    132     36     34      0      0      0      0      0      0   3201   1980      0      0 124651 124652      0      0      0      0      0      1 
    0    191     42     38      0      0      0      0      0      0   3201   1980      0      0 124651 124652      0      0      0      0     64      7 
    0    164     36     35      0      0      0      0      0      0   3201   1980      0      0 124651 124652      0      0      0      0     62     18 
# gpu    pwr  gtemp  mtemp     sm    mem    enc    dec    jpg    ofa   mclk   pclk  pviol  tviol     fb   bar1   ccpm  sbecc  dbecc    pci  rxpci  txpci 
# Idx      W      C      C      %      %      %      %      %      %    MHz    MHz      %   bool     MB     MB     MB   errs   errs   errs   MB/s   MB/s 
    0    221     37     36      0      0      0      0      0      0   3201   1980      0      0 124651 124652      0      0      0      0      0      0 
    0    175     37     35      0      0      0      0      0      0   3201   1980      0      0 124651 124652      0      0      0      0      0      0 
    0    251     42     38     11      6      0      0      0      0   3201   1980      0      0 124651 124652      0      0      0      0      0      0 
    0    229     40     40      0      0      0      0      0      0   3201   1980      0      0 124651 124652      0      0      0      0      0      0 
    0    170     37     35      0      0      0      0      0      0   3201   1980      0      0 124651 124652      0      0      0      0      0      0 
    0    172     37     35      0      0      0      0      0      0   3201   1980      0      0 124651 124652      0      0      0      0      0      0 
    0    132     36     34      0      0      0      0      0      0   3201   1980      0      0 124651 124652      0      0      0      0      0      0 
    0    172     36     34      0      0      0      0      0      0   3201   1980      0      0 124651 124652      0      0      0      0      0      0 
    0    229     37     35      0      0      0      0      0      0   3201   1980      0      0 124651 124652      0      0      0      0     62     20 
    0    296     38     36      0      0      0      0      0      0   3201   1980      0      0 124651 124652      0      0      0      0      0      0 
    0    255     38     36     26     14      0      0      0      0   3201   1980      0      0 124651 124652      0      0      0      0      0      0 
    0    145     37     35      0      0      0      0      0      0   3201   1980      0      0 124651 124652      0      0      0      0      0      0 
    0    213     37     36      0      0      0      0      0      0   3201   1980      0      0 124651 124652      0      0      0      0      0      0 
    0    253     38     36      0      0      0      0      0      0   3201   1980      0      0 124651 124652      0      0      0      0      0      1 
    0    153     38     35      0      0      0      0      0      0   3201   1980      0      0 124651 124652      0      0      0      0     61      1 
    0    234     39     39      0      0      0      0      0      0   3201   1980      0      0 124651 124652      0      0      0      0      0      1 
    0    211     40     40     81     42      0      0      0      0   3201   1980      0      0 124651 124652      0      0      0      0     78     17 
    0    293     38     36      0      0      0      0      0      0   3201   1980      0      0 124651 124652      0      0      0      0      0      1 
    0    171     40     39      0      0      0      0      0      0   3201   1980      0      0 124651 124652      0      0      0      0     39      0 
    0    210     40     38      0      0      0      0      0      0   3201   1980      0      0 124651 124652      0      0      0      0     67     18 
    0    243     37     36      0      0      0      0      0      0   3201   1980      0      0 124651 124652      0      0      0      0      0      0 
