# gpu    pwr  gtemp  mtemp     sm    mem    enc    dec    jpg    ofa   mclk   pclk  pviol  tviol     fb   bar1   ccpm  sbecc  dbecc    pci  rxpci  txpci 
# Idx      W      C      C      %      %      %      %      %      %    MHz    MHz      %   bool     MB     MB     MB   errs   errs   errs   MB/s   MB/s 
    0    133     37     35      0      0      0      0      0      0   3201   1980      0      0 124645 124646      0      0      0      0      0      0 
    0    136     37     35      0      0      0      0      0      0   3201   1980      0      0 124645 124646      0      0      0      0      0      1 
    0    133     37     35      0      0      0      0      0      0   3201   1980      0      0 124645 124646      0      0      0      0      0      0 
    0    133     37     35      0      0      0      0      0      0   3201   1980      0      0 124645 124646      0      0      0      0      0      0 
    0    132     37     35      0      0      0      0      0      0   3201   1980      0      0 124645 124646      0      0      0      0      0      0 
    0    132     37     35      0      0      0      0      0      0   3201   1980      0      0 124645 124646      0      0      0      0      0      0 
    0    132     37     35      0      0      0      0      0      0   3201   1980      0      0 124645 124646      0      0      0      0      0      0 
    0    132     37     35      0      0      0      0      0      0   3201   1980      0      0 124645 124646      0      0      0      0      0      0 
    0    132     36     35      0      0      0      0      0      0   3201   1980      0      0 124645 124646      0      0      0      0      0      0 
    0    132     36     35      0      0      0      0      0      0   3201   1980      0      0 124645 124646      0      0      0      0      0      0 
    0    132     36     35      0      0      0      0      0      0   3201   1980      0      0 124645 124646      0      0      0      0      0      0 
    0    132     36     35      0      0      0      0      0      0   3201   1980      0      0 124645 124646      0      0      0      0      0      0 
    0    132     36     34      0      0      0      0      0      0   3201   1980      0      0 124645 124646      0      0      0      0      0      0 
    0    184     40     40    100     52      0      0      0      0   3201   1980      0      0 124651 124652      0      0      0      0     60     16 
    0    219     37     35      0      0      0      0      0      0   3201   1980      0      0 124651 124652      0      0      0      0     65     17 
    0    297     40     37     21     10      0      0      0      0   3201   1980      0      0 124651 124652      0      0      0      0     62     16 
    0    345     42     41     99     52      0      0      0      0   3201   1980      0      0 124651 124652      0      0      0      0     16      0 
    0    288     38     37      0      0      0      0      0      0   3201   1980      0      0 124651 124652      0      0      0      0      0      0 
    0    340     42     43    100     52      0      0      0      0   3201   1980      0      0 124651 124652      0      0      0      0     60     16 
    0    172     37     36      0      0      0      0      0      0   3201   1980      0      0 124651 124652      0      0      0      0      0      0 
    0    151     37     35      0      0      0      0      0      0   3201   1980      0      0 124651 124652      0      0      0      0     63     16 
    0    227     37     36      0      0      0      0      0      0   3201   1980      0      0 124651 124652      0      0      0      0      0      0 
    0    133     37     35      0      0      0      0      0      0   3201   1980      0      0 124651 124652      0      0      0      0      0      0 
    0    132     37     35      0      0      0      0      0      0   3201   1980      0      0 124651 124652      0      0      0      0      0      0 
    0    404     42     42     99     52      0      0      0      0   3201   1980      0      0 124651 124652      0      0      0      0      0      0 
    0    133     37     36      0      0      0      0      0      0   3201   1980      0      0 124651 124652      0      0      0      0      0      0 
    0    322     41     41     99     52      0      0      0      0   3201   1980      0      0 124651 124652      0      0      0      0     60     17 
    0    324     43     43    100     52      0      0      0      0   3201   1980      0      0 124651 124652      0      0      0      0      0      0 
    0    148     38     36      0      0      0      0      0      0   3201   1980      0      0 124651 124652      0      0      0      0      0      1 
    0    133     37     35      0      0      0      0      0      0   3201   1980      0      0 124651 124652      0      0      0      0      0      0 
    0    340     39     39      0      0      0      0      0      0   3201   1980      0      0 124651 124652      0      0      0      0      0      1 
    0    133     37     36      0      0      0      0      0      0   3201   1980      0      0 124651 124652      0      0      0      0     40     16 
    0    274     38     36      0      0      0      0      0      0   3201   1980      0      0 124651 124652      0      0      0      0      0      1 
    0    271     40     41      0      0      0      0      0      0   3201   1980      0      0 124651 124652      0      0      0      0      0      0 
    0    133     37     36      0      0      0      0      0      0   3201   1980      0      0 124651 124652      0      0      0      0      0      1 
    0    274     40     39     66     35      0      0      0      0   3201   1980      0      0 124651 124652      0      0      0      0      0      0 
    0    133     37     36      0      0      0      0      0      0   3201   1980      0      0 124651 124652      0      0      0      0      0      1 
    0    133     37     35      0      0      0      0      0      0   3201   1980      0      0 124651 124652      0      0      0      0      0      0 
    0    133     37     35      0      0      0      0      0      0   3201   1980      0      0 124651 124652      0      0      0      0      0      0 
    0    271     38     37      0      0      0      0      0      0   3201   1980      0      0 124651 124652      0      0      0      0      0      0 
    0    210     41     40     99     52      0      0      0      0   3201   1980      0      0 124651 124652      0      0      0      0     63     16 
    0    311     39     38      0      0      0      0      0      0   3201   1980      0      0 124651 124652      0      0      0      0      0      0 
    0    190     41     41     99     50      0      0      0      0   3201   1980      0      0 124651 124652      0      0      0      0     69     17 
    0    262     38     37      0      0      0      0      0      0   3201   1980      0      0 124651 124652      0      0      0      0     69     17 
# gpu    pwr  gtemp  mtemp     sm    mem    enc    dec    jpg    ofa   mclk   pclk  pviol  tviol     fb   bar1   ccpm  sbecc  dbecc    pci  rxpci  txpci 
# Idx      W      C      C      %      %      %      %      %      %    MHz    MHz      %   bool     MB     MB     MB   errs   errs   errs   MB/s   MB/s 
    0    293     38     37      0      0      0      0      0      0   3201   1980      0      0 124651 124652      0      0      0      0      0      0 
    0    133     38     36      0      0      0      0      0      0   3201   1980      0      0 124651 124652      0      0      0      0      0      0 
    0    169     40     38     98     50      0      0      0      0   3201   1980      0      0 124651 124652      0      0      0      0     60     16 
    0    361     43     44    100     52      0      0      0      0   3201   1980      0      0 124651 124652      0      0      0      0      0      0 
    0    383     41     41     44     23      0      0      0      0   3201   1980      0      0 124651 124652      0      0      0      0      0      0 
    0    164     41     37      0      0      0      0      0      0   3201   1980      0      0 124651 124652      0      0      0      0     65     17 
    0    356     41     41      0      0      0      0      0      0   3201   1980      0      0 124651 124652      0      0      0      0      0      0 
    0    283     40     39      0      0      0      0      0      0   3201   1980      0      0 124651 124652      0      0      0      0      0      0 
    0    277     39     38      0      0      0      0      0      0   3201   1980      0      0 124651 124652      0      0      0      0      0      0 
    0    272     39     38      0      0      0      0      0      0   3201   1980      0      0 124651 124652      0      0      0      0     12     17 
    0    272     39     38      0      0      0      0      0      0   3201   1980      0      0 124651 124652      0      0      0      0      0      0 
    0    134     39     37      0      0      0      0      0      0   3201   1980      0      0 124651 124652      0      0      0      0      0      0 
    0    187     42     43     60     30      0      0      0      0   3201   1980      0      0 124651 124652      0      0      0      0     61     16 
    0    224     39     37      0      0      0      0      0      0   3201   1980      0      0 124651 124652      0      0      0      0     65     16 
    0    408     41     40     63     32      0      0      0      0   3201   1980      0      0 124651 124652      0      0      0      0     60     16 
    0    253     39     38      0      0      0      0      0      0   3201   1980      0      0 124651 124652      0      0      0      0      0      0 
    0    296     40     38      0      0      0      0      0      0   3201   1980      0      0 124651 124652      0      0      0      0      0      0 
    0    273     40     39      0      0      0      0      0      0   3201   1980      0      0 124651 124652      0      0      0      0      0      1 
    0    376     44     44     99     51      0      0      0      0   3201   1980      0      0 124651 124652      0      0      0      0     69     17 
    0    426     44     44      7      3      0      0      0      0   3201   1980      0      0 124651 124652      0      0      0      0      0      1 
    0    336     44     44     75     38      0      0      0      0   3201   1980      0      0 124651 124652      0      0      0      0     65     16 
    0    222     40     38      0      0      0      0      0      0   3201   1980      0      0 124651 124652      0      0      0      0      0      1 
    0    134     39     37      0      0      0      0      0      0   3201   1980      0      0 124651 124652      0      0      0      0      0      0 
    0    134     39     37      0      0      0      0      0      0   3201   1980      0      0 124651 124652      0      0      0      0      0      1 
    0    134     39     37      0      0      0      0      0      0   3201   1980      0      0 124651 124652      0      0      0      0      0      0 
    0    399     44     43    100     50      0      0      0      0   3201   1980      0      0 124651 124652      0      0      0      0     65     18 
    0    263     44     45    100     50      0      0      0      0   3201   1980      0      0 124651 124652      0      0      0      0     71     17 
    0    397     45     44    100     49      0      0      0      0   3201   1980      0      0 124651 124652      0      0      0      0     72     18 
    0    300     40     39      0      0      0      0      0      0   3201   1980      0      0 124651 124652      0      0      0      0      0      0 
    0    411     46     47    100     52      0      0      0      0   3201   1980      0      0 124651 124652      0      0      0      0     60     16 
    0    241     40     39      0      0      0      0      0      0   3201   1980      0      0 124651 124652      0      0      0      0      0      0 
    0    256     44     45    100     50      0      0      0      0   3201   1980      0      0 124651 124652      0      0      0      0     61     18 
    0    165     40     38      0      0      0      0      0      0   3201   1980      0      0 124651 124652      0      0      0      0      0      0 
    0    292     44     44    100     50      0      0      0      0   3201   1980      0      0 124651 124652      0      0      0      0      0      0 
    0    136     39     38      0      0      0      0      0      0   3201   1980      0      0 124651 124652      0      0      0      0      0      0 
    0    135     39     37      0      0      0      0      0      0   3201   1980      0      0 124651 124652      0      0      0      0      0      0 
    0    135     39     37      0      0      0      0      0      0   3201   1980      0      0 124651 124652      0      0      0      0      0      0 
    0    334     43     43     67     34      0      0      0      0   3201   1980      0      0 124651 124652      0      0      0      0     60     16 
    0    224     39     38      0      0      0      0      0      0   3201   1980      0      0 124651 124652      0      0      0      0      0      0 
    0    135     39     37      0      0      0      0      0      0   3201   1980      0      0 124651 124652      0      0      0      0      0      0 
    0    135     39     37      0      0      0      0      0      0   3201   1980      0      0 124651 124652      0      0      0      0      0      0 
    0    277     41     41     78     41      0      0      0      0   3201   1980      0      0 124651 124652      0      0      0      0      0      0 
    0    280     41     40     20     11      0      0      0      0   3201   1980      0      0 124651 124652      0      0      0      0      0      0 
    0    242     43     43    100     50      0      0      0      0   3201   1980      0      0 124651 124652      0      0      0      0     74     19 
# gpu    pwr  gtemp  mtemp     sm    mem    enc    dec    jpg    ofa   mclk   pclk  pviol  tviol     fb   bar1   ccpm  sbecc  dbecc    pci  rxpci  txpci 
# Idx      W      C      C      %      %      %      %      %      %    MHz    MHz      %   bool     MB     MB     MB   errs   errs   errs   MB/s   MB/s 
    0    451     45     44    100     50      0      0      0      0   3201   1980      0      0 124651 124652      0      0      0      0     60     16 
    0    424     45     47    100     50      0      0      0      0   3201   1980      0      0 124651 124652      0      0      0      0      0      0 
    0    222     44     43    100     53      0      0      0      0   3201   1980      0      0 124651 124652      0      0      0      0     64     17 
    0    329     45     46    100     51      0      0      0      0   3201   1980      0      0 124651 124652      0      0      0      0     60     16 
    0    360     45     45    100     50      0      0      0      0   3201   1980      0      0 124651 124652      0      0      0      0     15      0 
    0    284     42     42     58     31      0      0      0      0   3201   1980      0      0 124651 124652      0      0      0      0      0      0 
    0    136     40     38      0      0      0      0      0      0   3201   1980      0      0 124651 124652      0      0      0      0      0      1 
    0    135     39     37      0      0      0      0      0      0   3201   1980      0      0 124651 124652      0      0      0      0     60     16 
    0    404     42     42      0      0      0      0      0      0   3201   1980      0      0 124651 124652      0      0      0      0      0      1 
    0    316     45     45    100     50      0      0      0      0   3201   1980      0      0 124651 124652      0      0      0      0      0      0 
    0    198     43     43     46     23      0      0      0      0   3201   1980      0      0 124651 124652      0      0      0      0     60     18 
    0    374     41     41      0      0      0      0      0      0   3201   1980      0      0 124651 124652      0      0      0      0      0      0 
    0    285     41     39      0      0      0      0      0      0   3201   1980      0      0 124651 124652      0      0      0      0      0      1 
    0    172     44     39      0      0      0      0      0      0   3201   1980      0      0 124651 124652      0      0      0      0     71     17 
    0    243     40     38      0      0      0      0      0      0   3201   1980      0      0 124651 124652      0      0      0      0     59     18 
    0    365     41     40      0      0      0      0      0      0   3201   1980      0      0 124651 124652      0      0      0      0      0      6 
    0    262     44     45    100     52      0      0      0      0   3201   1980      0      0 124651 124652      0      0      0      0      0      1 
    0    136     39     38      0      0      0      0      0      0   3201   1980      0      0 124651 124652      0      0      0      0      0      0 
    0    135     39     37      0      0      0      0      0      0   3201   1980      0      0 124651 124652      0      0      0      0      0      1 
    0    222     43     45    100     52      0      0      0      0   3201   1980      0      0 124651 124652      0      0      0      0     81     19 
    0    324     42     38     76     39      0      0      0      0   3201   1980      0      0 124651 124652      0      0      0      0     63     18 
    0    307     44     43     99     52      0      0      0      0   3201   1980      0      0 124651 124652      0      0      0      0     60     16 
    0    323     44     43     99     49      0      0      0      0   3201   1980      0      0 124651 124652      0      0      0      0     60     17 
    0    196     39     38      0      0      0      0      0      0   3201   1980      0      0 124651 124652      0      0      0      0      0      0 
    0    135     39     37      0      0      0      0      0      0   3201   1980      0      0 124651 124652      0      0      0      0      0      0 
    0    224     43     43     99     52      0      0      0      0   3201   1980      0      0 124651 124652      0      0      0      0     65     16 
    0    330     41     40      0      0      0      0      0      0   3201   1980      0      0 124651 124652      0      0      0      0      0      0 
    0    135     39     37      0      0      0      0      0      0   3201   1980      0      0 124651 124652      0      0      0      0      0      0 
    0    275     39     38      0      0      0      0      0      0   3201   1980      0      0 124651 124652      0      0      0      0      0      0 
    0    353     44     43     99     52      0      0      0      0   3201   1980      0      0 124651 124652      0      0      0      0     60     16 
    0    157     39     37      0      0      0      0      0      0   3201   1980      0      0 124651 124652      0      0      0      0      0      0 
    0    336     43     43     47     23      0      0      0      0   3201   1980      0      0 124651 124652      0      0      0      0     60     16 
    0    187     39     38      0      0      0      0      0      0   3201   1980      0      0 124651 124652      0      0      0      0      0      0 
    0    173     41     38     85     43      0      0      0      0   3201   1980      0      0 124651 124652      0      0      0      0     65     16 
    0    321     44     45     99     52      0      0      0      0   3201   1980      0      0 124651 124652      0      0      0      0     63     16 
    0    169     39     37      0      0      0      0      0      0   3201   1980      0      0 124651 124652      0      0      0      0      0      0 
    0    218     43     44    100     52      0      0      0      0   3201   1980      0      0 124651 124652      0      0      0      0     60     17 
    0    219     42     41     38     19      0      0      0      0   3201   1980      0      0 124651 124652      0      0      0      0     60     17 
    0    221     39     37      0      0      0      0      0      0   3201   1980      0      0 124651 124652      0      0      0      0      4     12 
    0    332     43     43     21     10      0      0      0      0   3201   1980      0      0 124651 124652      0      0      0      0     61     18 
    0    191     39     37      0      0      0      0      0      0   3201   1980      0      0 124651 124652      0      0      0      0      0      0 
    0    135     38     37      0      0      0      0      0      0   3201   1980      0      0 124651 124652      0      0      0      0      0      0 
    0    194     43     43     45     23      0      0      0      0   3201   1980      0      0 124651 124652      0      0      0      0     64     17 
    0    261     42     42      0      0      0      0      0      0   3201   1980      0      0 124651 124652      0      0      0      0     62     17 
# gpu    pwr  gtemp  mtemp     sm    mem    enc    dec    jpg    ofa   mclk   pclk  pviol  tviol     fb   bar1   ccpm  sbecc  dbecc    pci  rxpci  txpci 
# Idx      W      C      C      %      %      %      %      %      %    MHz    MHz      %   bool     MB     MB     MB   errs   errs   errs   MB/s   MB/s 
    0    345     40     39      0      0      0      0      0      0   3201   1980      0      0 124651 124652      0      0      0      0      0      0 
    0    371     45     43     99     54      0      0      0      0   3201   1980      0      0 124651 124652      0      0      0      0      0      1 
    0    251     44     45     99     54      0      0      0      0   3201   1980      0      0 124651 124652      0      0      0      0     72     17 
    0    287     42     40      0      0      0      0      0      0   3201   1980      0      0 124651 124652      0      0      0      0     68     19 
    0    420     45     47     99     52      0      0      0      0   3201   1980      0      0 124651 124652      0      0      0      0     66     18 
    0    331     44     43     99     54      0      0      0      0   3201   1980      0      0 124651 124652      0      0      0      0     66     18 
    0    308     45     45     99     54      0      0      0      0   3201   1980      0      0 124651 124652      0      0      0      0      5      0 
    0    296     41     41     99     55      0      0      0      0   3201   1980      0      0 124651 124652      0      0      0      0      0      1 
    0    276     41     40      5      3      0      0      0      0   3201   1980      0      0 124651 124652      0      0      0      0      0      0 
    0    277     42     42     76     42      0      0      0      0   3201   1980      0      0 124651 124652      0      0      0      0      0      5 
    0    276     40     38      0      0      0      0      0      0   3201   1980      0      0 124651 124652      0      0      0      0      0      0 
    0    135     39     37      0      0      0      0      0      0   3201   1980      0      0 124651 124652      0      0      0      0      0      1 
    0    384     45     46    100     54      0      0      0      0   3201   1980      0      0 124651 124652      0      0      0      0     61     18 
    0    313     40     39      0      0      0      0      0      0   3201   1980      0      0 124651 124652      0      0      0      0      0      1 
    0    135     39     37      0      0      0      0      0      0   3201   1980      0      0 124651 124652      0      0      0      0      0      0 
    0    273     40     39     59     32      0      0      0      0   3201   1980      0      0 124651 124652      0      0      0      0      0      0 
    0    140     41     38      0      0      0      0      0      0   3201   1980      0      0 124651 124652      0      0      0      0     66     17 
    0    276     39     38      0      0      0      0      0      0   3201   1980      0      0 124651 124652      0      0      0      0      0      0 
    0    311     40     39      0      0      0      0      0      0   3201   1980      0      0 124651 124652      0      0      0      0      0      0 
    0    135     39     37      0      0      0      0      0      0   3201   1980      0      0 124651 124652      0      0      0      0      0      0 
    0    206     43     43     85     45      0      0      0      0   3201   1980      0      0 124651 124652      0      0      0      0     64     17 
    0    189     41     40     14      6      0      0      0      0   3201   1980      0      0 124651 124652      0      0      0      0     61     18 
    0    261     39     37      0      0      0      0      0      0   3201   1980      0      0 124651 124652      0      0      0      0      0      0 
    0    134     38     37      0      0      0      0      0      0   3201   1980      0      0 124651 124652      0      0      0      0      0      0 
    0    134     38     36      0      0      0      0      0      0   3201   1980      0      0 124651 124652      0      0      0      0      0      0 
    0    134     38     36      0      0      0      0      0      0   3201   1980      0      0 124651 124652      0      0      0      0      0      0 
    0    134     38     36      0      0      0      0      0      0   3201   1980      0      0 124651 124652      0      0      0      0      0      0 
    0    134     37     36      0      0      0      0      0      0   3201   1980      0      0 124651 124652      0      0      0      0      0      0 
    0    287     43     43    100     52      0      0      0      0   3201   1980      0      0 124651 124652      0      0      0      0     15      0 
    0    150     38     36      0      0      0      0      0      0   3201   1980      0      0 124651 124652      0      0      0      0      0      0 
    0    250     43     44     99     51      0      0      0      0   3201   1980      0      0 124651 124652      0      0      0      0     67     17 
    0    290     43     42     99     51      0      0      0      0   3201   1980      0      0 124651 124652      0      0      0      0     72     18 
    0    222     38     37      0      0      0      0      0      0   3201   1980      0      0 124651 124652      0      0      0      0      0      0 
    0    254     43     44     99     54      0      0      0      0   3201   1980      0      0 124651 124652      0      0      0      0      0      1 
    0    135     38     36      0      0      0      0      0      0   3201   1980      0      0 124651 124652      0      0      0      0      0      0 
    0    272     38     37      0      0      0      0      0      0   3201   1980      0      0 124651 124652      0      0      0      0     64     17 
    0    428     44     44    100     52      0      0      0      0   3201   1980      0      0 124651 124652      0      0      0      0      0      0 
    0    218     43     43     99     54      0      0      0      0   3201   1980      0      0 124651 124652      0      0      0      0     62     17 
    0    312     39     38      0      0      0      0      0      0   3201   1980      0      0 124651 124652      0      0      0      0      0      0 
    0    275     44     45     99     54      0      0      0      0   3201   1980      0      0 124651 124652      0      0      0      0      0      0 
    0    135     38     37      0      0      0      0      0      0   3201   1980      0      0 124651 124652      0      0      0      0      0      0 
    0    277     41     41     81     44      0      0      0      0   3201   1980      0      0 124651 124652      0      0      0      0      0      0 
    0    135     38     36      0      0      0      0      0      0   3201   1980      0      0 124651 124652      0      0      0      0      0      0 
    0    134     38     36      0      0      0      0      0      0   3201   1980      0      0 124651 124652      0      0      0      0      0      0 
# gpu    pwr  gtemp  mtemp     sm    mem    enc    dec    jpg    ofa   mclk   pclk  pviol  tviol     fb   bar1   ccpm  sbecc  dbecc    pci  rxpci  txpci 
# Idx      W      C      C      %      %      %      %      %      %    MHz    MHz      %   bool     MB     MB     MB   errs   errs   errs   MB/s   MB/s 
    0    134     38     36      0      0      0      0      0      0   3201   1980      0      0 124651 124652      0      0      0      0      0      0 
    0    277     38     37      0      0      0      0      0      0   3201   1980      0      0 124651 124652      0      0      0      0      0      0 
    0    134     38     36      0      0      0      0      0      0   3201   1980      0      0 124651 124652      0      0      0      0     74     18 
    0    406     40     39     79     43      0      0      0      0   3201   1980      0      0 124651 124652      0      0      0      0      0      0 
    0    222     43     43     99     53      0      0      0      0   3201   1980      0      0 124651 124652      0      0      0      0     73     18 
    0    365     44     45     99     47      0      0      0      0   3201   1980      0      0 124651 124652      0      0      0      0     78     19 
    0    250     39     37      0      0      0      0      0      0   3201   1980      0      0 124651 124652      0      0      0      0      0      0 
    0    336     44     46     99     52      0      0      0      0   3201   1980      0      0 124651 124652      0      0      0      0     66     15 
    0    307     39     38      0      0      0      0      0      0   3201   1980      0      0 124651 124652      0      0      0      0      0      0 
    0    134     38     36      0      0      0      0      0      0   3201   1980      0      0 124651 124652      0      0      0      0      0      0 
    0    255     43     43    100     54      0      0      0      0   3201   1980      0      0 124651 124652      0      0      0      0      0      0 
    0    201     42     43     57     27      0      0      0      0   3201   1980      0      0 124651 124652      0      0      0      0     84     19 
    0    290     39     37      0      0      0      0      0      0   3201   1980      0      0 124651 124652      0      0      0      0     66     17 
    0    320     43     43     99     54      0      0      0      0   3201   1980      0      0 124651 124652      0      0      0      0    103     17 
    0    297     39     38      0      0      0      0      0      0   3201   1980      0      0 124651 124652      0      0      0      0      0      1 
    0    134     38     37      0      0      0      0      0      0   3201   1980      0      0 124651 124652      0      0      0      0      0      0 
    0    235     43     44     99     54      0      0      0      0   3201   1980      0      0 124651 124652      0      0      0      0     61     15 
    0    288     43     44     99     54      0      0      0      0   3201   1980      0      0 124651 124652      0      0      0      0      0      0 
    0    278     39     38      0      0      0      0      0      0   3201   1980      0      0 124651 124652      0      0      0      0      0      1 
    0    276     39     38      0      0      0      0      0      0   3201   1980      0      0 124651 124652      0      0      0      0      0      0 
    0    315     44     45     99     54      0      0      0      0   3201   1980      0      0 124651 124652      0      0      0      0     66     18 
    0    435     45     45    100     52      0      0      0      0   3201   1980      0      0 124651 124652      0      0      0      0     63     17 
    0    198     39     38      0      0      0      0      0      0   3201   1980      0      0 124651 124652      0      0      0      0      0      1 
    0    134     38     37      0      0      0      0      0      0   3201   1980      0      0 124651 124652      0      0      0      0      0      0 
    0    275     42     43     99     54      0      0      0      0   3201   1980      0      0 124651 124652      0      0      0      0      0      1 
    0    195     42     42     99     54      0      0      0      0   3201   1980      0      0 124651 124652      0      0      0      0     67     17 
    0    382     44     43    100     52      0      0      0      0   3201   1980      0      0 124651 124652      0      0      0      0     73     19 
    0    423     45     44     99     54      0      0      0      0   3201   1980      0      0 124651 124652      0      0      0      0      0      0 
    0    151     39     38      0      0      0      0      0      0   3201   1980      0      0 124651 124652      0      0      0      0      0      1 
