# gpu    pwr  gtemp  mtemp     sm    mem    enc    dec    jpg    ofa   mclk   pclk  pviol  tviol     fb   bar1   ccpm  sbecc  dbecc    pci  rxpci  txpci 
# Idx      W      C      C      %      %      %      %      %      %    MHz    MHz      %   bool     MB     MB     MB   errs   errs   errs   MB/s   MB/s 
    0    146     36     34      0      0      0      0      0      0   3201   1980      0      0 124645 124646      0      0      0      0      0      0 
    0    134     36     34      0      0      0      0      0      0   3201   1980      0      0 124645 124646      0      0      0      0      0      0 
    0    131     35     34      0      0      0      0      0      0   3201   1980      0      0 124645 124646      0      0      0      0      0      0 
    0    131     35     34      0      0      0      0      0      0   3201   1980      0      0 124645 124646      0      0      0      0      0      1 
    0    131     35     33      0      0      0      0      0      0   3201   1980      0      0 124645 124646      0      0      0      0      0      0 
    0    131     35     33      0      0      0      0      0      0   3201   1980      0      0 124645 124646      0      0      0      0      0      1 
    0    131     35     33      0      0      0      0      0      0   3201   1980      0      0 124645 124646      0      0      0      0      0      0 
    0    131     35     33      0      0      0      0      0      0   3201   1980      0      0 124645 124646      0      0      0      0      0      1 
    0    131     35     33      0      0      0      0      0      0   3201   1980      0      0 124645 124646      0      0      0      0      0      0 
    0    131     35     33      0      0      0      0      0      0   3201   1980      0      0 124645 124646      0      0      0      0      0      1 
    0    131     35     33      0      0      0      0      0      0   3201   1980      0      0 124645 124646      0      0      0      0      0      0 
    0    131     35     33      0      0      0      0      0      0   3201   1980      0      0 124645 124646      0      0      0      0      0      1 
    0    131     35     33      0      0      0      0      0      0   3201   1980      0      0 124645 124646      0      0      0      0      0     16 
    0    352     40     42     90     47      0      0      0      0   3201   1980      0      0 124651 124652      0      0      0      0     62     16 
    0    434     41     43     99     51      0      0      0      0   3201   1980      0      0 124651 124652      0      0      0      0     63     16 
    0    427     42     44    100     52      0      0      0      0   3201   1980      0      0 124651 124652      0      0      0      0      0      0 
    0    236     41     43    100     52      0      0      0      0   3201   1980      0      0 124651 124652      0      0      0      0     60      0 
    0    153     36     35      0      0      0      0      0      0   3201   1980      0      0 124651 124652      0      0      0      0      0      0 
    0    343     42     43     99     52      0      0      0      0   3201   1980      0      0 124651 124652      0      0      0      0      0      0 
    0    371     42     43     99     52      0      0      0      0   3201   1980      0      0 124651 124652      0      0      0      0     60     16 
    0    290     38     37      0      0      0      0      0      0   3201   1980      0      0 124651 124652      0      0      0      0      0      0 
    0    302     39     38     22     11      0      0      0      0   3201   1980      0      0 124651 124652      0      0      0      0      0      0 
    0    273     38     37      0      0      0      0      0      0   3201   1980      0      0 124651 124652      0      0      0      0     63     16 
    0    267     37     36     41     22      0      0      0      0   3201   1980      0      0 124651 124652      0      0      0      0     60     17 
    0    266     38     36      0      0      0      0      0      0   3201   1980      0      0 124651 124652      0      0      0      0      0      0 
    0    188     40     41     87     46      0      0      0      0   3201   1980      0      0 124651 124652      0      0      0      0     65     16 
    0    331     42     43    100     52      0      0      0      0   3201   1980      0      0 124651 124652      0      0      0      0     61     17 
    0    342     42     43    100     49      0      0      0      0   3201   1980      0      0 124651 124652      0      0      0      0     60     16 
    0    332     39     38      0      0      0      0      0      0   3201   1980      0      0 124651 124652      0      0      0      0      0      0 
    0    254     42     43     99     52      0      0      0      0   3201   1980      0      0 124651 124652      0      0      0      0     60     17 
    0    412     41     42     84     44      0      0      0      0   3201   1980      0      0 124651 124652      0      0      0      0      0      0 
    0    421     44     43    100     49      0      0      0      0   3201   1980      0      0 124651 124652      0      0      0      0     64     17 
    0    422     44     44     99     52      0      0      0      0   3201   1980      0      0 124651 124652      0      0      0      0     61     17 
    0    319     40     39      0      0      0      0      0      0   3201   1980      0      0 124651 124652      0      0      0      0      0      0 
    0    246     43     44    100     52      0      0      0      0   3201   1980      0      0 124651 124652      0      0      0      0      5      0 
    0    407     44     46    100     52      0      0      0      0   3201   1980      0      0 124651 124652      0      0      0      0     60      9 
    0    366     43     43    100     52      0      0      0      0   3201   1980      0      0 124651 124652      0      0      0      0     62     16 
    0    403     45     45    100     48      0      0      0      0   3201   1980      0      0 124651 124652      0      0      0      0     68     17 
    0    456     45     45     99     52      0      0      0      0   3201   1980      0      0 124651 124652      0      0      0      0      0      0 
    0    136     39     38      0      0      0      0      0      0   3201   1980      0      0 124651 124652      0      0      0      0      0      0 
    0    200     42     43    100     49      0      0      0      0   3201   1980      0      0 124651 124652      0      0      0      0     83     19 
    0    421     44     45    100     49      0      0      0      0   3201   1980      0      0 124651 124652      0      0      0      0     69     17 
    0    419     44     45     88     45      0      0      0      0   3201   1980      0      0 124651 124652      0      0      0      0     74     19 
    0    316     40     39      0      0      0      0      0      0   3201   1980      0      0 124651 124652      0      0      0      0     78     17 
# gpu    pwr  gtemp  mtemp     sm    mem    enc    dec    jpg    ofa   mclk   pclk  pviol  tviol     fb   bar1   ccpm  sbecc  dbecc    pci  rxpci  txpci 
# Idx      W      C      C      %      %      %      %      %      %    MHz    MHz      %   bool     MB     MB     MB   errs   errs   errs   MB/s   MB/s 
    0    299     40     39     20     10      0      0      0      0   3201   1980      0      0 124651 124652      0      0      0      0     71     18 
    0    247     39     38      0      0      0      0      0      0   3201   1980      0      0 124651 124652      0      0      0      0      0      0 
    0    196     42     41     64     33      0      0      0      0   3201   1980      0      0 124651 124652      0      0      0      0     65     17 
    0    287     39     38      0      0      0      0      0      0   3201   1980      0      0 124651 124652      0      0      0      0      0      0 
    0    153     39     37     36     19      0      0      0      0   3201   1980      0      0 124651 124652      0      0      0      0     60     17 
    0    363     40     40      0      0      0      0      0      0   3201   1980      0      0 124651 124652      0      0      0      0     72     17 
    0    439     44     44    100     47      0      0      0      0   3201   1980      0      0 124651 124652      0      0      0      0     83     19 
    0    407     45     45     95     50      0      0      0      0   3201   1980      0      0 124651 124652      0      0      0      0     60     16 
    0    442     45     44    100     51      0      0      0      0   3201   1980      0      0 124651 124652      0      0      0      0     62     17 
    0    226     40     39      0      0      0      0      0      0   3201   1980      0      0 124651 124652      0      0      0      0      0      0 
    0    362     42     41     34     18      0      0      0      0   3201   1980      0      0 124651 124652      0      0      0      0     64     18 
    0    390     45     45     99     48      0      0      0      0   3201   1980      0      0 124651 124652      0      0      0      0     71     17 
    0    360     41     41      0      0      0      0      0      0   3201   1980      0      0 124651 124652      0      0      0      0      0      1 
    0    383     45     44    100     50      0      0      0      0   3201   1980      0      0 124651 124652      0      0      0      0     65     17 
    0    356     42     42     99     52      0      0      0      0   3201   1980      0      0 124651 124652      0      0      0      0      0      1 
    0    136     39     38      0      0      0      0      0      0   3201   1980      0      0 124651 124652      0      0      0      0      0     15 
    0    442     45     46     99     52      0      0      0      0   3201   1980      0      0 124651 124652      0      0      0      0     46     18 
    0    451     44     45    100     50      0      0      0      0   3201   1980      0      0 124651 124652      0      0      0      0      0      0 
    0    137     40     38      0      0      0      0      0      0   3201   1980      0      0 124651 124652      0      0      0      0      2     16 
    0    371     41     40      0      0      0      0      0      0   3201   1980      0      0 124651 124652      0      0      0      0      0      0 
    0    325     45     44     99     54      0      0      0      0   3201   1980      0      0 124651 124652      0      0      0      0     73     18 
    0    327     45     44     91     49      0      0      0      0   3201   1980      0      0 124651 124652      0      0      0      0     65     19 
    0    296     40     39      0      0      0      0      0      0   3201   1980      0      0 124651 124652      0      0      0      0      0      0 
    0    413     43     43     99     54      0      0      0      0   3201   1980      0      0 124651 124652      0      0      0      0      0      0 
    0    275     42     42     77     42      0      0      0      0   3201   1980      0      0 124651 124652      0      0      0      0      0      0 
    0    337     45     46     99     54      0      0      0      0   3201   1980      0      0 124651 124652      0      0      0      0     67     17 
    0    298     40     39      0      0      0      0      0      0   3201   1980      0      0 124651 124652      0      0      0      0      0      0 
    0    256     45     45    100     54      0      0      0      0   3201   1980      0      0 124651 124652      0      0      0      0      0      0 
    0    427     45     47    100     51      0      0      0      0   3201   1980      0      0 124651 124652      0      0      0      0     77     18 
    0    425     46     45    100     51      0      0      0      0   3201   1980      0      0 124651 124652      0      0      0      0     66     17 
    0    443     46     46    100     50      0      0      0      0   3201   1980      0      0 124651 124652      0      0      0      0     67     19 
    0    450     46     47     99     54      0      0      0      0   3201   1980      0      0 124651 124652      0      0      0      0     67     17 
    0    392     45     45     28     15      0      0      0      0   3201   1980      0      0 124651 124652      0      0      0      0     61     17 
    0    354     42     41      0      0      0      0      0      0   3201   1980      0      0 124651 124652      0      0      0      0      0      0 
    0    369     46     46     99     52      0      0      0      0   3201   1980      0      0 124651 124652      0      0      0      0     61     17 
    0    240     44     43      0      0      0      0      0      0   3201   1980      0      0 124651 124652      0      0      0      0     66     17 
    0    333     46     44     99     54      0      0      0      0   3201   1980      0      0 124651 124652      0      0      0      0     64      7 
    0    320     41     41      0      0      0      0      0      0   3201   1980      0      0 124651 124652      0      0      0      0      0      1 
    0    271     42     42     99     54      0      0      0      0   3201   1980      0      0 124651 124652      0      0      0      0      0      0 
    0    273     41     39      0      0      0      0      0      0   3201   1980      0      0 124651 124652      0      0      0      0      0      1 
    0    136     40     38      0      0      0      0      0      0   3201   1980      0      0 124651 124652      0      0      0      0      0      0 
    0    135     39     38      0      0      0      0      0      0   3201   1980      0      0 124651 124652      0      0      0      0      0      1 
    0    300     41     40     99     53      0      0      0      0   3201   1980      0      0 124651 124652      0      0      0      0      0      0 
    0    296     45     46    100     51      0      0      0      0   3201   1980      0      0 124651 124652      0      0      0      0     63     18 
# gpu    pwr  gtemp  mtemp     sm    mem    enc    dec    jpg    ofa   mclk   pclk  pviol  tviol     fb   bar1   ccpm  sbecc  dbecc    pci  rxpci  txpci 
# Idx      W      C      C      %      %      %      %      %      %    MHz    MHz      %   bool     MB     MB     MB   errs   errs   errs   MB/s   MB/s 
    0    292     41     39      0      0      0      0      0      0   3201   1980      0      0 124651 124652      0      0      0      0     66     17 
    0    328     44     44     99     54      0      0      0      0   3201   1980      0      0 124651 124652      0      0      0      0     66     18 
    0    429     42     42    100     51      0      0      0      0   3201   1980      0      0 124651 124652      0      0      0      0      0      2 
    0    381     41     41     18     10      0      0      0      0   3201   1980      0      0 124651 124652      0      0      0      0     61     19 
    0    267     43     43     26     14      0      0      0      0   3201   1980      0      0 124651 124652      0      0      0      0     61     17 
    0    263     40     39      0      0      0      0      0      0   3201   1980      0      0 124651 124652      0      0      0      0      0      0 
    0    226     44     45     99     54      0      0      0      0   3201   1980      0      0 124651 124652      0      0      0      0     66     17 
    0    270     44     43    100     51      0      0      0      0   3201   1980      0      0 124651 124652      0      0      0      0     84     19 
    0    388     45     45    100     52      0      0      0      0   3201   1980      0      0 124651 124652      0      0      0      0     83     18 
    0    347     44     43     41     22      0      0      0      0   3201   1980      0      0 124651 124652      0      0      0      0     72     18 
    0    330     41     40      0      0      0      0      0      0   3201   1980      0      0 124651 124652      0      0      0      0      0      0 
    0    271     42     41     99     54      0      0      0      0   3201   1980      0      0 124651 124652      0      0      0      0      0      0 
    0    412     46     48     99     54      0      0      0      0   3201   1980      0      0 124651 124652      0      0      0      0     43      0 
    0    332     41     40      0      0      0      0      0      0   3201   1980      0      0 124651 124652      0      0      0      0      0      0 
    0    270     44     45     99     54      0      0      0      0   3201   1980      0      0 124651 124652      0      0      0      0     61     17 
    0    463     46     46     60     33      0      0      0      0   3201   1980      0      0 124651 124652      0      0      0      0     61     18 
    0    381     46     44     99     51      0      0      0      0   3201   1980      0      0 124651 124652      0      0      0      0     78     19 
    0    291     41     40      0      0      0      0      0      0   3201   1980      0      0 124651 124652      0      0      0      0      0      0 
    0    275     42     42     48     26      0      0      0      0   3201   1980      0      0 124651 124652      0      0      0      0      0      0 
    0    435     46     47    100     49      0      0      0      0   3201   1980      0      0 124651 124652      0      0      0      0     84     19 
    0    290     41     40      0      0      0      0      0      0   3201   1980      0      0 124651 124652      0      0      0      0      0      0 
