# gpu    pwr  gtemp  mtemp     sm    mem    enc    dec    jpg    ofa   mclk   pclk  pviol  tviol     fb   bar1   ccpm  sbecc  dbecc    pci  rxpci  txpci 
# Idx      W      C      C      %      %      %      %      %      %    MHz    MHz      %   bool     MB     MB     MB   errs   errs   errs   MB/s   MB/s 
    0    149     40     39     11      6      0      0      0      0   3201   1980      0      0 124645 124646      0      0      0      0      0      0 
    0    135     37     36      0      0      0      0      0      0   3201   1980      0      0 124645 124646      0      0      0      0      0      1 
    0    133     37     35      0      0      0      0      0      0   3201   1980      0      0 124645 124646      0      0      0      0      0      0 
    0    133     37     35      0      0      0      0      0      0   3201   1980      0      0 124645 124646      0      0      0      0      0      1 
    0    133     37     35      0      0      0      0      0      0   3201   1980      0      0 124645 124646      0      0      0      0      0      0 
    0    133     37     35      0      0      0      0      0      0   3201   1980      0      0 124645 124646      0      0      0      0      0      1 
    0    133     37     35      0      0      0      0      0      0   3201   1980      0      0 124645 124646      0      0      0      0      0      0 
    0    133     36     35      0      0      0      0      0      0   3201   1980      0      0 124645 124646      0      0      0      0      0      0 
    0    133     36     35      0      0      0      0      0      0   3201   1980      0      0 124645 124646      0      0      0      0      0      0 
    0    133     36     35      0      0      0      0      0      0   3201   1980      0      0 124645 124646      0      0      0      0      0      0 
    0    133     36     35      0      0      0      0      0      0   3201   1980      0      0 124645 124646      0      0      0      0      0      0 
    0    133     36     35      0      0      0      0      0      0   3201   1980      0      0 124645 124646      0      0      0      0      0      0 
    0    133     36     34      0      0      0      0      0      0   3201   1980      0      0 124645 124646      0      0      0      0      0      0 
    0    253     41     41     99     52      0      0      0      0   3201   1980      0      0 124651 124652      0      0      0      0     60     17 
    0    461     43     44    100     51      0      0      0      0   3201   1980      0      0 124651 124652      0      0      0      0     72     18 
    0    455     43     45    100     48      0      0      0      0   3201   1980      0      0 124651 124652      0      0      0      0     60     20 
    0    379     39     39      0      0      0      0      0      0   3201   1980      0      0 124651 124652      0      0      0      0      0      0 
    0    349     39     39      0      0      0      0      0      0   3201   1980      0      0 124651 124652      0      0      0      0      0      0 
    0    205     42     43    100     53      0      0      0      0   3201   1980      0      0 124651 124652      0      0      0      0     72     18 
    0    417     43     43    100     53      0      0      0      0   3201   1980      0      0 124651 124652      0      0      0      0     60     17 
    0    454     44     47    100     51      0      0      0      0   3201   1980      0      0 124651 124652      0      0      0      0     61     17 
    0    259     43     43    100     46      0      0      0      0   3201   1980      0      0 124651 124652      0      0      0      0     91     19 
    0    393     44     46    100     52      0      0      0      0   3201   1980      0      0 124651 124652      0      0      0      0     66     16 
    0    424     45     46    100     52      0      0      0      0   3201   1980      0      0 124651 124652      0      0      0      0     35      0 
    0    336     44     46    100     52      0      0      0      0   3201   1980      0      0 124651 124652      0      0      0      0      0      0 
    0    137     39     37      0      0      0      0      0      0   3201   1980      0      0 124651 124652      0      0      0      0      0      0 
    0    343     42     43    100     53      0      0      0      0   3201   1980      0      0 124651 124652      0      0      0      0      0     15 
    0    444     45     46    100     53      0      0      0      0   3201   1980      0      0 124651 124652      0      0      0      0      0      0 
    0    427     45     46    100     46      0      0      0      0   3201   1980      0      0 124651 124652      0      0      0      0     72     17 
    0    253     40     38      0      0      0      0      0      0   3201   1980      0      0 124651 124652      0      0      0      0      0      0 
    0    417     46     45    100     49      0      0      0      0   3201   1980      0      0 124651 124652      0      0      0      0     82     19 
    0    437     45     45    100     52      0      0      0      0   3201   1980      0      0 124651 124652      0      0      0      0     65     18 
    0    455     46     44    100     47      0      0      0      0   3201   1980      0      0 124651 124652      0      0      0      0     61     16 
    0    460     46     48    100     51      0      0      0      0   3201   1980      0      0 124651 124652      0      0      0      0     65     17 
    0    260     40     39      0      0      0      0      0      0   3201   1980      0      0 124651 124652      0      0      0      0      0      0 
    0    449     46     45    100     52      0      0      0      0   3201   1980      0      0 124651 124652      0      0      0      0     72     18 
    0    456     46     45    100     44      0      0      0      0   3201   1980      0      0 124651 124652      0      0      0      0     73     18 
    0    467     47     46    100     48      0      0      0      0   3201   1980      0      0 124651 124652      0      0      0      0     75     19 
    0    458     46     47    100     46      0      0      0      0   3201   1980      0      0 124651 124652      0      0      0      0     74     18 
    0    365     42     41      0      0      0      0      0      0   3201   1980      0      0 124651 124652      0      0      0      0      0      0 
    0    136     40     39      0      0      0      0      0      0   3201   1980      0      0 124651 124652      0      0      0      0      0      0 
    0    394     46     46    100     49      0      0      0      0   3201   1980      0      0 124651 124652      0      0      0      0     84     18 
    0    470     46     47    100     49      0      0      0      0   3201   1980      0      0 124651 124652      0      0      0      0     84     19 
    0    462     46     46    100     49      0      0      0      0   3201   1980      0      0 124651 124652      0      0      0      0     72     17 
# gpu    pwr  gtemp  mtemp     sm    mem    enc    dec    jpg    ofa   mclk   pclk  pviol  tviol     fb   bar1   ccpm  sbecc  dbecc    pci  rxpci  txpci 
# Idx      W      C      C      %      %      %      %      %      %    MHz    MHz      %   bool     MB     MB     MB   errs   errs   errs   MB/s   MB/s 
    0    402     46     46     99     50      0      0      0      0   3201   1980      0      0 124651 124652      0      0      0      0     72     19 
    0    377     46     46    100     50      0      0      0      0   3201   1980      0      0 124651 124652      0      0      0      0     66     17 
    0    170     41     39      0      0      0      0      0      0   3201   1980      0      0 124651 124652      0      0      0      0      0      1 
    0    383     46     45     99     50      0      0      0      0   3201   1980      0      0 124651 124652      0      0      0      0     60     17 
    0    206     40     39      0      0      0      0      0      0   3201   1980      0      0 124651 124652      0      0      0      0      0      1 
    0    350     45     44    100     50      0      0      0      0   3201   1980      0      0 124651 124652      0      0      0      0     60     17 
    0    462     48     46    100     49      0      0      0      0   3201   1980      0      0 124651 124652      0      0      0      0     99     20 
    0    463     46     46    100     49      0      0      0      0   3201   1980      0      0 124651 124652      0      0      0      0     82     19 
    0    458     50     48    100     50      0      0      0      0   3201   1980      0      0 124651 124652      0      0      0      0     82     20 
    0    455     47     49    100     52      0      0      0      0   3201   1980      0      0 124651 124652      0      0      0      0      0      0 
    0    247     46     46    100     48      0      0      0      0   3201   1980      0      0 124651 124652      0      0      0      0     72     19 
    0    453     46     48    100     50      0      0      0      0   3201   1980      0      0 124651 124652      0      0      0      0     65     20 
    0    469     47     46    100     44      0      0      0      0   3201   1980      0      0 124651 124652      0      0      0      0     72     19 
    0    393     46     48    100     50      0      0      0      0   3201   1980      0      0 124651 124652      0      0      0      0     70     17 
    0    453     47     47     99     52      0      0      0      0   3201   1980      0      0 124651 124652      0      0      0      0     60     18 
    0    319     42     41      0      0      0      0      0      0   3201   1980      0      0 124651 124652      0      0      0      0      0      0 
    0    280     46     45    100     50      0      0      0      0   3201   1980      0      0 124651 124652      0      0      0      0     72     19 
    0    464     47     44    100     50      0      0      0      0   3201   1980      0      0 124651 124652      0      0      0      0     72     19 
    0    375     42     42      0      0      0      0      0      0   3201   1980      0      0 124651 124652      0      0      0      0      0      1 
    0    302     46     46     99     49      0      0      0      0   3201   1980      0      0 124651 124652      0      0      0      0     72     18 
    0    376     46     45     86     44      0      0      0      0   3201   1980      0      0 124651 124652      0      0      0      0     63     16 
    0    455     47     46    100     50      0      0      0      0   3201   1980      0      0 124651 124652      0      0      0      0     60     16 
    0    406     47     46    100     50      0      0      0      0   3201   1980      0      0 124651 124652      0      0      0      0     60     17 
    0    345     47     49    100     53      0      0      0      0   3201   1980      0      0 124651 124652      0      0      0      0     72     18 
    0    345     42     41      0      0      0      0      0      0   3201   1980      0      0 124651 124652      0      0      0      0     60     18 
    0    470     47     48    100     52      0      0      0      0   3201   1980      0      0 124651 124652      0      0      0      0     60     17 
    0    468     47     49    100     51      0      0      0      0   3201   1980      0      0 124651 124652      0      0      0      0     60     16 
    0    186     41     40      0      0      0      0      0      0   3201   1980      0      0 124651 124652      0      0      0      0      0     12 
    0    454     47     49    100     52      0      0      0      0   3201   1980      0      0 124651 124652      0      0      0      0     67     17 
    0    465     47     49    100     49      0      0      0      0   3201   1980      0      0 124651 124652      0      0      0      0     72     17 
    0    459     48     47    100     49      0      0      0      0   3201   1980      0      0 124651 124652      0      0      0      0     82     18 
    0    459     48     46    100     51      0      0      0      0   3201   1980      0      0 124651 124652      0      0      0      0     70     18 
    0    463     48     47    100     52      0      0      0      0   3201   1980      0      0 124651 124652      0      0      0      0     60     16 
    0    461     48     49    100     47      0      0      0      0   3201   1980      0      0 124651 124652      0      0      0      0     72     17 
    0    314     46     45    100     52      0      0      0      0   3201   1980      0      0 124651 124652      0      0      0      0     72     18 
    0    460     48     49    100     53      0      0      0      0   3201   1980      0      0 124651 124652      0      0      0      0      0      0 
    0    348     47     47    100     52      0      0      0      0   3201   1980      0      0 124651 124652      0      0      0      0      0      0 
    0    414     48     48    100     49      0      0      0      0   3201   1980      0      0 124651 124652      0      0      0      0     72     18 
    0    271     42     41      0      0      0      0      0      0   3201   1980      0      0 124651 124652      0      0      0      0     64     16 
    0    467     48     46     99     52      0      0      0      0   3201   1980      0      0 124651 124652      0      0      0      0     63     17 
    0    212     42     40      0      0      0      0      0      0   3201   1980      0      0 124651 124652      0      0      0      0      0      0 
    0    137     41     39      0      0      0      0      0      0   3201   1980      0      0 124651 124652      0      0      0      0      0      0 
    0    171     44     43     35     17      0      0      0      0   3201   1980      0      0 124651 124652      0      0      0      0     72     18 
    0    348     42     41      0      0      0      0      0      0   3201   1980      0      0 124651 124652      0      0      0      0    101     18 
# gpu    pwr  gtemp  mtemp     sm    mem    enc    dec    jpg    ofa   mclk   pclk  pviol  tviol     fb   bar1   ccpm  sbecc  dbecc    pci  rxpci  txpci 
# Idx      W      C      C      %      %      %      %      %      %    MHz    MHz      %   bool     MB     MB     MB   errs   errs   errs   MB/s   MB/s 
    0    452     46     48    100     50      0      0      0      0   3201   1980      0      0 124651 124652      0      0      0      0     72     18 
    0    381     47     47    100     52      0      0      0      0   3201   1980      0      0 124651 124652      0      0      0      0     60     16 
    0    407     48     46    100     51      0      0      0      0   3201   1980      0      0 124651 124652      0      0      0      0     84     18 
    0    458     47     48     99     49      0      0      0      0   3201   1980      0      0 124651 124652      0      0      0      0     66     17 
    0    468     48     47     99     52      0      0      0      0   3201   1980      0      0 124651 124652      0      0      0      0     60     12 
    0    348     47     47    100     52      0      0      0      0   3201   1980      0      0 124651 124652      0      0      0      0      4      0 
    0    146     41     40      0      0      0      0      0      0   3201   1980      0      0 124651 124652      0      0      0      0      0      0 
    0    352     43     43     46     24      0      0      0      0   3201   1980      0      0 124651 124652      0      0      0      0      0      1 
    0    418     47     46    100     49      0      0      0      0   3201   1980      0      0 124651 124652      0      0      0      0     61     17 
    0    469     47     49    100     49      0      0      0      0   3201   1980      0      0 124651 124652      0      0      0      0     93     18 
    0    438     47     47    100     49      0      0      0      0   3201   1980      0      0 124651 124652      0      0      0      0     70     18 
    0    264     42     41      0      0      0      0      0      0   3201   1980      0      0 124651 124652      0      0      0      0     61     17 
    0    467     47     46    100     48      0      0      0      0   3201   1980      0      0 124651 124652      0      0      0      0     84     18 
    0    459     47     49    100     48      0      0      0      0   3201   1980      0      0 124651 124652      0      0      0      0     73     18 
    0    237     42     41      0      0      0      0      0      0   3201   1980      0      0 124651 124652      0      0      0      0     60     17 
    0    466     47     47     99     48      0      0      0      0   3201   1980      0      0 124651 124652      0      0      0      0     73     18 
    0    466     48     48     99     53      0      0      0      0   3201   1980      0      0 124651 124652      0      0      0      0     78     19 
    0    464     48     48    100     49      0      0      0      0   3201   1980      0      0 124651 124652      0      0      0      0     67     17 
    0    223     45     43      9      3      0      0      0      0   3201   1980      0      0 124651 124652      0      0      0      0     61     17 
    0    460     51     48    100     52      0      0      0      0   3201   1980      0      0 124651 124652      0      0      0      0     75     19 
    0    465     48     48    100     49      0      0      0      0   3201   1980      0      0 124651 124652      0      0      0      0     60     17 
    0    187     42     41      0      0      0      0      0      0   3201   1980      0      0 124651 124652      0      0      0      0      0      0 
