# gpu    pwr  gtemp  mtemp     sm    mem    enc    dec    jpg    ofa   mclk   pclk  pviol  tviol     fb   bar1   ccpm  sbecc  dbecc    pci  rxpci  txpci 
# Idx      W      C      C      %      %      %      %      %      %    MHz    MHz      %   bool     MB     MB     MB   errs   errs   errs   MB/s   MB/s 
    0    140     38     36      0      0      0      0      0      0   3201   1980      0      0 124645 124646      0      0      0      0      0      0 
    0    148     37     35      0      0      0      0      0      0   3201   1980      0      0 124645 124646      0      0      0      0      0      0 
    0    133     37     35      0      0      0      0      0      0   3201   1980      0      0 124645 124646      0      0      0      0      0      0 
    0    133     37     35      0      0      0      0      0      0   3201   1980      0      0 124645 124646      0      0      0      0      0      0 
    0    133     36     35      0      0      0      0      0      0   3201   1980      0      0 124645 124646      0      0      0      0      0      0 
    0    133     36     35      0      0      0      0      0      0   3201   1980      0      0 124645 124646      0      0      0      0      0      0 
    0    133     36     35      0      0      0      0      0      0   3201   1980      0      0 124645 124646      0      0      0      0      0      0 
    0    133     36     35      0      0      0      0      0      0   3201   1980      0      0 124645 124646      0      0      0      0      0      0 
    0    133     36     34      0      0      0      0      0      0   3201   1980      0      0 124645 124646      0      0      0      0      0      0 
    0    133     36     34      0      0      0      0      0      0   3201   1980      0      0 124645 124646      0      0      0      0      0      0 
    0    132     36     34      0      0      0      0      0      0   3201   1980      0      0 124645 124646      0      0      0      0      0      0 
    0    132     36     34      0      0      0      0      0      0   3201   1980      0      0 124645 124646      0      0      0      0      0      1 
    0    134     36     34      0      0      0      0      0      0   3201   1980      0      0 124649 124650      0      0      0      0     42     16 
    0    407     42     40    100     49      0      0      0      0   3201   1980      0      0 124651 124652      0      0      0      0    141     21 
    0    473     44     44     97     45      0      0      0      0   3201   1980     31      0 124651 124652      0      0      0      0    128     22 
    0    502     45     42     98     45      0      0      0      0   3201   1980      0      0 124651 124652      0      0      0      0    144     25 
    0    520     48     44     99     52      0      0      0      0   3201   1980      0      0 124651 124652      0      0      0      0    184     25 
    0    498     48     45     98     44      0      0      0      0   3201   1980      0      0 124651 124652      0      0      0      0    176     25 
    0    515     46     43    100     45      0      0      0      0   3201   1980      0      0 124651 124652      0      0      0      0    140     22 
    0    484     47     46    100     48      0      0      0      0   3201   1980      0      0 124651 124652      0      0      0      0    100     25 
    0    511     48     48    100     49      0      0      0      0   3201   1980      0      0 124651 124652      0      0      0      0    136     22 
    0    478     46     45    100     46      0      0      0      0   3201   1980      0      0 124651 124652      0      0      0      0     72     18 
    0    487     48     46    100     50      0      0      0      0   3201   1980      0      0 124651 124652      0      0      0      0    120     21 
    0    506     48     46    100     47      0      0      0      0   3201   1980      0      0 124651 124652      0      0      0      0    123     21 
    0    504     47     46     98     42      0      0      0      0   3201   1980      0      0 124651 124652      0      0      0      0    111     21 
