# gpu    pwr  gtemp  mtemp     sm    mem    enc    dec    jpg    ofa   mclk   pclk  pviol  tviol     fb   bar1   ccpm  sbecc  dbecc    pci  rxpci  txpci 
# Idx      W      C      C      %      %      %      %      %      %    MHz    MHz      %   bool     MB     MB     MB   errs   errs   errs   MB/s   MB/s 
    0    133     37     35      0      0      0      0      0      0   3201   1980      0      0 124645 124646      0      0      0      0      0      0 
    0    133     37     35      0      0      0      0      0      0   3201   1980      0      0 124645 124646      0      0      0      0      0      0 
    0    133     37     35      0      0      0      0      0      0   3201   1980      0      0 124645 124646      0      0      0      0      0      0 
    0    133     37     35      0      0      0      0      0      0   3201   1980      0      0 124645 124646      0      0      0      0      0      0 
    0    133     36     35      0      0      0      0      0      0   3201   1980      0      0 124645 124646      0      0      0      0      0      0 
    0    133     36     35      0      0      0      0      0      0   3201   1980      0      0 124645 124646      0      0      0      0      0      0 
    0    133     36     35      0      0      0      0      0      0   3201   1980      0      0 124645 124646      0      0      0      0      0      1 
    0    132     36     34      0      0      0      0      0      0   3201   1980      0      0 124645 124646      0      0      0      0      0      0 
    0    132     36     34      0      0      0      0      0      0   3201   1980      0      0 124645 124646      0      0      0      0      0      1 
    0    132     36     34      0      0      0      0      0      0   3201   1980      0      0 124645 124646      0      0      0      0      0      0 
    0    132     36     34      0      0      0      0      0      0   3201   1980      0      0 124645 124646      0      0      0      0      0      1 
    0    132     36     34      0      0      0      0      0      0   3201   1980      0      0 124645 124646      0      0      0      0      0      0 
    0    132     36     34      0      0      0      0      0      0   3201   1980      0      0 124649 124650      0      0      0      0     56     18 
    0    453     42     41    100     49      0      0      0      0   3201   1980      0      0 124651 124652      0      0      0      0     72     17 
    0    457     43     44    100     49      0      0      0      0   3201   1980      0      0 124651 124652      0      0      0      0    132     21 
    0    456     43     45    100     50      0      0      0      0   3201   1980      0      0 124651 124652      0      0      0      0     64     16 
    0    448     44     44    100     45      0      0      0      0   3201   1980      0      0 124651 124652      0      0      0      0     81     20 
    0    476     45     46    100     46      0      0      0      0   3201   1980      0      0 124651 124652      0      0      0      0     97     20 
    0    464     45     44    100     47      0      0      0      0   3201   1980      0      0 124651 124652      0      0      0      0    122     22 
    0    444     45     44     23     12      0      0      0      0   3201   1980      0      0 124651 124652      0      0      0      0     81     19 
    0    491     48     45    100     48      0      0      0      0   3201   1980      0      0 124651 124652      0      0      0      0     81     20 
    0    443     45     46     74     37      0      0      0      0   3201   1980      0      0 124651 124652      0      0      0      0    100     17 
    0    487     47     45     99     50      0      0      0      0   3201   1980      0      0 124651 124652      0      0      0      0    113     20 
    0    471     49     46     99     48      0      0      0      0   3201   1980      0      0 124651 124652      0      0      0      0    109     20 
    0    471     46     46    100     50      0      0      0      0   3201   1980      0      0 124651 124652      0      0      0      0     83     21 
    0    469     47     47    100     47      0      0      0      0   3201   1980      0      0 124651 124652      0      0      0      0     85     19 
    0    463     46     48    100     49      0      0      0      0   3201   1980      0      0 124651 124652      0      0      0      0     72     19 
    0    478     47     45    100     49      0      0      0      0   3201   1980      0      0 124651 124652      0      0      0      0    103     20 
    0    492     48     47    100     49      0      0      0      0   3201   1980      0      0 124651 124652      0      0      0      0    104     19 
    0    468     47     48    100     51      0      0      0      0   3201   1980      0      0 124651 124652      0      0      0      0    117     19 
    0    444     44     43     63     34      0      0      0      0   3201   1980      0      0 124651 124652      0      0      0      0      0      0 
    0    389     47     46     99     50      0      0      0      0   3201   1980      0      0 124651 124652      0      0      0      0     92     19 
    0    479     48     45    100     50      0      0      0      0   3201   1980      0      0 124651 124652      0      0      0      0     73     18 
    0    467     48     49    100     50      0      0      0      0   3201   1980      0      0 124651 124652      0      0      0      0    132     21 
    0    484     48     47    100     49      0      0      0      0   3201   1980      0      0 124651 124652      0      0      0      0    105     21 
    0    480     50     50    100     47      0      0      0      0   3201   1980      0      0 124651 124652      0      0      0      0    115     20 
    0    478     48     47    100     50      0      0      0      0   3201   1980      0      0 124651 124652      0      0      0      0     91     20 
