# gpu    pwr  gtemp  mtemp     sm    mem    enc    dec    jpg    ofa   mclk   pclk  pviol  tviol     fb   bar1   ccpm  sbecc  dbecc    pci  rxpci  txpci 
# Idx      W      C      C      %      %      %      %      %      %    MHz    MHz      %   bool     MB     MB     MB   errs   errs   errs   MB/s   MB/s 
    0    174     58     53      0      0      0      0      0      0   3201   1980      0      0 116655 116656      0      0      0      0      5      1 
    0    154     56     51      0      0      0      0      0      0   3201   1980      0      0 116655 116656      0      0      0      0      0      0 
    0    153     56     51      0      0      0      0      0      0   3201   1980      0      0 116655 116656      0      0      0      0      0      0 
    0    153     56     51      0      0      0      0      0      0   3201   1980      0      0 116655 116656      0      0      0      0      0      0 
    0    153     56     51      0      0      0      0      0      0   3201   1980      0      0 116655 116656      0      0      0      0      0      0 
    0    152     56     51      0      0      0      0      0      0   3201   1980      0      0 116655 116656      0      0      0      0      0      0 
    0    152     56     51      0      0      0      0      0      0   3201   1980      0      0 116655 116656      0      0      0      0      0      0 
    0    152     55     51      0      0      0      0      0      0   3201   1980      0      0 116655 116656      0      0      0      0      0      0 
    0    152     55     50      0      0      0      0      0      0   3201   1980      0      0 116655 116656      0      0      0      0      0      0 
    0    152     55     50      0      0      0      0      0      0   3201   1980      0      0 116655 116656      0      0      0      0      0      0 
    0    152     55     50      0      0      0      0      0      0   3201   1980      0      0 116655 116656      0      0      0      0      0      0 
    0    152     55     50      0      0      0      0      0      0   3201   1980      0      0 116655 116656      0      0      0      0      0      0 
    0    152     55     50      0      0      0      0      0      0   3201   1980      0      0 116655 116656      0      0      0      0      0      0 
    0    385     61     61     89     68      0      0      0      0   3201   1980      0      0 116657 116658      0      0      0      0     44     14 
    0    539     63     62     89     67      0      0      0      0   3201   1980      0      0 116657 116658      0      0      0      0     42     14 
    0    542     63     63     89     68      0      0      0      0   3201   1980      0      0 116657 116658      0      0      0      0     42     14 
    0    542     64     64     89     68      0      0      0      0   3201   1980      0      0 116657 116658      0      0      0      0     41     15 
    0    543     64     65     84     63      0      0      0      0   3201   1980      0      0 116657 116658      0      0      0      0     40     14 
    0    545     65     65     89     68      0      0      0      0   3201   1980      0      0 116657 116658      0      0      0      0     45     14 
    0    543     65     65     89     67      0      0      0      0   3201   1980      0      0 116657 116658      0      0      0      0     45     14 
    0    546     65     64     89     67      0      0      0      0   3201   1980      0      0 116657 116658      0      0      0      0     41     14 
    0    545     66     65     89     68      0      0      0      0   3201   1980      0      0 116657 116658      0      0      0      0     45     15 
    0    543     66     65     89     68      0      0      0      0   3201   1980      0      0 116657 116658      0      0      0      0     43     13 
    0    545     66     66     84     63      0      0      0      0   3201   1980      0      0 116657 116658      0      0      0      0     39     14 
    0    546     67     66     89     67      0      0      0      0   3201   1980      0      0 116657 116658      0      0      0      0     45     14 
    0    543     67     65     87     66      0      0      0      0   3201   1980      0      0 116657 116658      0      0      0      0     45     15 
    0    549     67     67     89     68      0      0      0      0   3201   1980      0      0 116657 116658      0      0      0      0     43     14 
    0    548     67     67     89     67      0      0      0      0   3201   1980      0      0 116657 116658      0      0      0      0     40     15 
    0    540     68     65     86     64      0      0      0      0   3201   1980      0      0 116657 116658      0      0      0      0     40     13 
    0    549     68     68     89     68      0      0      0      0   3201   1980      0      0 116657 116658      0      0      0      0     41     15 
    0    551     68     68     89     67      0      0      0      0   3201   1980      0      0 116657 116658      0      0      0      0     45     14 
    0    548     68     67     89     67      0      0      0      0   3201   1980      0      0 116657 116658      0      0      0      0     42     15 
    0    551     68     68     89     67      0      0      0      0   3201   1980      0      0 116657 116658      0      0      0      0     41     14 
    0    551     69     68     88     67      0      0      0      0   3201   1980      0      0 116657 116658      0      0      0      0     41     15 
    0    546     69     68     89     67      0      0      0      0   3201   1980      0      0 116657 116658      0      0      0      0     40     14 
    0    552     69     69     89     67      0      0      0      0   3201   1980      0      0 116657 116658      0      0      0      0     45     15 
    0    549     69     68     89     68      0      0      0      0   3201   1980      0      0 116657 116658      0      0      0      0     42     13 
    0    554     69     68     84     63      0      0      0      0   3201   1980      0      0 116657 116658      0      0      0      0     45     15 
    0    551     69     68     89     67      0      0      0      0   3201   1980      0      0 116657 116658      0      0      0      0     45     14 
    0    549     69     70     89     68      0      0      0      0   3201   1980      0      0 116657 116658      0      0      0      0     80     15 
    0    551     69     69     89     68      0      0      0      0   3201   1980      0      0 116657 116658      0      0      0      0     45     14 
    0    553     69     69     89     67      0      0      0      0   3201   1980      0      0 116657 116658      0      0      0      0     42     15 
    0    553     70     70     89     67      0      0      0      0   3201   1980      0      0 116657 116658      0      0      0      0     41     14 
    0    553     70     69     84     64      0      0      0      0   3201   1980      0      0 116657 116658      0      0      0      0     41     15 
# gpu    pwr  gtemp  mtemp     sm    mem    enc    dec    jpg    ofa   mclk   pclk  pviol  tviol     fb   bar1   ccpm  sbecc  dbecc    pci  rxpci  txpci 
# Idx      W      C      C      %      %      %      %      %      %    MHz    MHz      %   bool     MB     MB     MB   errs   errs   errs   MB/s   MB/s 
    0    554     70     67     89     68      0      0      0      0   3201   1980      0      0 116657 116658      0      0      0      0     44     14 
    0    556     70     70     83     62      0      0      0      0   3201   1980      0      0 116657 116658      0      0      0      0     42     15 
    0    554     70     69     89     67      0      0      0      0   3201   1980      0      0 116657 116658      0      0      0      0     41     14 
    0    554     70     70     88     67      0      0      0      0   3201   1980      0      0 116657 116658      0      0      0      0     45     14 
    0    553     70     69     89     68      0      0      0      0   3201   1980      0      0 116657 116658      0      0      0      0     41     14 
    0    555     70     69     89     67      0      0      0      0   3201   1980      0      0 116657 116658      0      0      0      0     41     13 
    0    557     70     70     88     67      0      0      0      0   3201   1980      0      0 116657 116658      0      0      0      0     43     14 
    0    555     70     69     84     63      0      0      0      0   3201   1980      0      0 116657 116658      0      0      0      0     45     14 
    0    557     70     69     89     68      0      0      0      0   3201   1980      0      0 116657 116658      0      0      0      0     43     13 
    0    557     70     70     89     67      0      0      0      0   3201   1980      0      0 116657 116658      0      0      0      0     45     13 
    0    555     70     70     89     67      0      0      0      0   3201   1980      0      0 116657 116658      0      0      0      0     41     14 
    0    555     70     70     89     67      0      0      0      0   3201   1980      0      0 116657 116658      0      0      0      0     45     14 
    0    557     70     69     89     67      0      0      0      0   3201   1980      0      0 116657 116658      0      0      0      0     80     14 
    0    554     70     70     89     68      0      0      0      0   3201   1980      0      0 116657 116658      0      0      0      0     42     14 
    0    557     71     70     88     67      0      0      0      0   3201   1980      0      0 116657 116658      0      0      0      0     44     13 
    0    556     71     70     89     67      0      0      0      0   3201   1980      0      0 116657 116658      0      0      0      0     45     14 
    0    557     71     67     86     64      0      0      0      0   3201   1980      0      0 116657 116658      0      0      0      0     41     14 
    0    557     71     70     89     68      0      0      0      0   3201   1980      0      0 116657 116658      0      0      0      0     45     13 
    0    559     71     71     88     67      0      0      0      0   3201   1980      0      0 116657 116658      0      0      0      0     43     14 
    0    557     71     71     88     67      0      0      0      0   3201   1980      0      0 116657 116658      0      0      0      0     44     14 
    0    557     71     68     89     68      0      0      0      0   3201   1980      0      0 116657 116658      0      0      0      0     41     13 
    0    556     71     70     84     63      0      0      0      0   3201   1980      0      0 116657 116658      0      0      0      0     44     14 
    0    557     71     69     89     67      0      0      0      0   3201   1980      0      0 116657 116658      0      0      0      0     42     13 
    0    557     71     71     89     67      0      0      0      0   3201   1980      0      0 116657 116658      0      0      0      0     41     14 
    0    556     71     70     89     68      0      0      0      0   3201   1980      0      0 116657 116658      0      0      0      0     42     14 
    0    555     71     69     89     68      0      0      0      0   3201   1980      0      0 116657 116658      0      0      0      0     41     14 
    0    558     71     69     88     67      0      0      0      0   3201   1980      0      0 116657 116658      0      0      0      0     42     14 
    0    555     71     70     83     63      0      0      0      0   3201   1980      0      0 116657 116658      0      0      0      0     41     13 
    0    555     71     72     88     66      0      0      0      0   3201   1980      0      0 116657 116658      0      0      0      0     45     13 
    0    557     71     70     89     68      0      0      0      0   3201   1980      0      0 116657 116658      0      0      0      0     53     15 
    0    556     71     70     89     68      0      0      0      0   3201   1980      0      0 116657 116658      0      0      0      0     44     14 
    0    556     71     70     89     67      0      0      0      0   3201   1980      0      0 116657 116658      0      0      0      0     41     14 
    0    557     71     70     89     67      0      0      0      0   3201   1980      0      0 116657 116658      0      0      0      0     43     13 
    0    558     71     71     89     67      0      0      0      0   3201   1980      0      0 116657 116658      0      0      0      0     41     14 
    0    556     71     71     89     68      0      0      0      0   3201   1980      0      0 116657 116658      0      0      0      0     44     14 
    0    559     71     70     89     68      0      0      0      0   3201   1980      0      0 116657 116658      0      0      0      0     43     13 
    0    556     71     71     89     68      0      0      0      0   3201   1980      0      0 116657 116658      0      0      0      0     44     14 
    0    555     71     70     88     67      0      0      0      0   3201   1980      0      0 116657 116658      0      0      0      0     43     14 
    0    555     71     70     85     64      0      0      0      0   3201   1980      0      0 116657 116658      0      0      0      0     43     13 
    0    558     71     70     89     68      0      0      0      0   3201   1980      0      0 116657 116658      0      0      0      0     45     14 
    0    559     71     71     89     68      0      0      0      0   3201   1980      0      0 116657 116658      0      0      0      0     41     14 
    0    556     71     69     84     63      0      0      0      0   3201   1980      0      0 116657 116658      0      0      0      0     41     14 
    0    557     71     69     89     68      0      0      0      0   3201   1980      0      0 116657 116658      0      0      0      0     43     13 
    0    554     71     71     89     68      0      0      0      0   3201   1980      0      0 116657 116658      0      0      0      0     41     14 
# gpu    pwr  gtemp  mtemp     sm    mem    enc    dec    jpg    ofa   mclk   pclk  pviol  tviol     fb   bar1   ccpm  sbecc  dbecc    pci  rxpci  txpci 
# Idx      W      C      C      %      %      %      %      %      %    MHz    MHz      %   bool     MB     MB     MB   errs   errs   errs   MB/s   MB/s 
    0    556     71     69     88     67      0      0      0      0   3201   1980      0      0 116657 116658      0      0      0      0     43     13 
    0    558     71     70     89     67      0      0      0      0   3201   1980      0      0 116657 116658      0      0      0      0     41     14 
    0    556     71     70     89     67      0      0      0      0   3201   1980      0      0 116657 116658      0      0      0      0     43     13 
    0    552     71     71     84     63      0      0      0      0   3201   1980      0      0 116657 116658      0      0      0      0     45     14 
    0    554     71     71     89     67      0      0      0      0   3201   1980      0      0 116657 116658      0      0      0      0     45     14 
    0    559     70     71     89     67      0      0      0      0   3201   1980      0      0 116657 116658      0      0      0      0     80     13 
    0    552     70     70     88     67      0      0      0      0   3201   1980      0      0 116657 116658      0      0      0      0     42     14 
    0    557     70     69     88     67      0      0      0      0   3201   1980      0      0 116657 116658      0      0      0      0     41     14 
    0    558     70     70     89     67      0      0      0      0   3201   1980      0      0 116657 116658      0      0      0      0     43     13 
    0    556     70     71     89     67      0      0      0      0   3201   1980      0      0 116657 116658      0      0      0      0     45     14 
    0    556     70     69     89     67      0      0      0      0   3201   1980      0      0 116657 116658      0      0      0      0     44     13 
    0    555     70     70     88     67      0      0      0      0   3201   1980      0      0 116657 116658      0      0      0      0     45     13 
    0    556     70     70     89     68      0      0      0      0   3201   1980      0      0 116657 116658      0      0      0      0     44     13 
    0    555     70     70     88     66      0      0      0      0   3201   1980      0      0 116657 116658      0      0      0      0     43     13 
    0    552     70     69     85     64      0      0      0      0   3201   1980      0      0 116657 116658      0      0      0      0     41     14 
    0    556     70     70     88     67      0      0      0      0   3201   1980      0      0 116657 116658      0      0      0      0     43     14 
    0    556     70     70     88     67      0      0      0      0   3201   1980      0      0 116657 116658      0      0      0      0     45     14 
    0    555     70     69     86     65      0      0      0      0   3201   1980      0      0 116657 116658      0      0      0      0     44     13 
    0    554     70     71     89     67      0      0      0      0   3201   1980      0      0 116657 116658      0      0      0      0     40     13 
    0    556     70     70     89     68      0      0      0      0   3201   1980      0      0 116657 116658      0      0      0      0     43     14 
    0    553     70     68     89     68      0      0      0      0   3201   1980      0      0 116657 116658      0      0      0      0     41     14 
    0    556     70     70     89     67      0      0      0      0   3201   1980      0      0 116657 116658      0      0      0      0     43     13 
    0    554     70     70     89     67      0      0      0      0   3201   1980      0      0 116657 116658      0      0      0      0     42     15 
    0    554     70     70     78     58      0      0      0      0   3201   1980      0      0 116657 116658      0      0      0      0     44     13 
    0    556     70     70     89     68      0      0      0      0   3201   1980      0      0 116657 116658      0      0      0      0     40     14 
    0    552     70     70     89     67      0      0      0      0   3201   1980      0      0 116657 116658      0      0      0      0     48     14 
    0    554     70     70     89     67      0      0      0      0   3201   1980      0      0 116657 116658      0      0      0      0     41     14 
    0    556     70     69     89     68      0      0      0      0   3201   1980      0      0 116657 116658      0      0      0      0     41     14 
    0    555     70     69     89     67      0      0      0      0   3201   1980      0      0 116657 116658      0      0      0      0     42     14 
    0    554     70     70     88     67      0      0      0      0   3201   1980      0      0 116657 116658      0      0      0      0     40     14 
    0    556     70     70     89     68      0      0      0      0   3201   1980      0      0 116657 116658      0      0      0      0     45     15 
    0    554     70     70     89     67      0      0      0      0   3201   1980      0      0 116657 116658      0      0      0      0     41     14 
    0    556     70     69     89     67      0      0      0      0   3201   1980      0      0 116657 116658      0      0      0      0     43     15 
    0    556     70     68     89     68      0      0      0      0   3201   1980      0      0 116657 116658      0      0      0      0     41     14 
    0    553     70     69     83     62      0      0      0      0   3201   1980      0      0 116657 116658      0      0      0      0     43     15 
    0    554     70     71     88     67      0      0      0      0   3201   1980      0      0 116657 116658      0      0      0      0     41     14 
    0    553     70     69     89     68      0      0      0      0   3201   1980      0      0 116657 116658      0      0      0      0     41     15 
    0    555     70     68     89     68      0      0      0      0   3201   1980      0      0 116657 116658      0      0      0      0     41     14 
    0    555     70     70     89     67      0      0      0      0   3201   1980      0      0 116657 116658      0      0      0      0     41     15 
    0    556     70     69     89     68      0      0      0      0   3201   1980      0      0 116657 116658      0      0      0      0     43     15 
    0    553     70     70     84     63      0      0      0      0   3201   1980      0      0 116657 116658      0      0      0      0     41     15 
    0    553     70     69     88     67      0      0      0      0   3201   1980      0      0 116657 116658      0      0      0      0     44     13 
    0    558     70     70     89     67      0      0      0      0   3201   1980      0      0 116657 116658      0      0      0      0     41     15 
    0    556     70     68     89     68      0      0      0      0   3201   1980      0      0 116657 116658      0      0      0      0     43     14 
# gpu    pwr  gtemp  mtemp     sm    mem    enc    dec    jpg    ofa   mclk   pclk  pviol  tviol     fb   bar1   ccpm  sbecc  dbecc    pci  rxpci  txpci 
# Idx      W      C      C      %      %      %      %      %      %    MHz    MHz      %   bool     MB     MB     MB   errs   errs   errs   MB/s   MB/s 
    0    553     70     70     89     68      0      0      0      0   3201   1980      0      0 116657 116658      0      0      0      0     44     15 
    0    557     70     69     85     64      0      0      0      0   3201   1980      0      0 116657 116658      0      0      0      0     41     14 
    0    557     70     69     89     68      0      0      0      0   3201   1980      0      0 116657 116658      0      0      0      0     43     15 
    0    555     70     70     89     67      0      0      0      0   3201   1980      0      0 116657 116658      0      0      0      0     42     13 
    0    553     70     69     89     68      0      0      0      0   3201   1980      0      0 116657 116658      0      0      0      0     41     15 
    0    559     70     70     89     67      0      0      0      0   3201   1980      0      0 116657 116658      0      0      0      0     43     13 
    0    554     70     70     89     67      0      0      0      0   3201   1980      0      0 116657 116658      0      0      0      0     41     15 
    0    551     70     69     88     67      0      0      0      0   3201   1980      0      0 116657 116658      0      0      0      0     41     14 
    0    554     70     70     88     67      0      0      0      0   3201   1980      0      0 116657 116658      0      0      0      0     40     15 
    0    558     70     70     89     68      0      0      0      0   3201   1980      0      0 116657 116658      0      0      0      0     45     14 
    0    553     70     69     84     63      0      0      0      0   3201   1980      0      0 116657 116658      0      0      0      0     42     15 
    0    553     70     69     88     67      0      0      0      0   3201   1980      0      0 116657 116658      0      0      0      0     44     14 
    0    553     70     69     88     67      0      0      0      0   3201   1980      0      0 116657 116658      0      0      0      0     43     16 
    0    554     70     70     89     68      0      0      0      0   3201   1980      0      0 116657 116658      0      0      0      0     43     14 
    0    553     70     69     89     68      0      0      0      0   3201   1980      0      0 116657 116658      0      0      0      0     44     15 
    0    552     70     70     89     67      0      0      0      0   3201   1980      0      0 116657 116658      0      0      0      0     41     14 
    0    550     70     69     84     63      0      0      0      0   3201   1980      0      0 116657 116658      0      0      0      0     44     15 
    0    553     70     70     87     66      0      0      0      0   3201   1980      0      0 116657 116658      0      0      0      0     43     14 
    0    555     70     70     89     67      0      0      0      0   3201   1980      0      0 116657 116658      0      0      0      0     41     15 
    0    554     70     70     89     68      0      0      0      0   3201   1980      0      0 116657 116658      0      0      0      0     43     14 
    0    555     70     70     89     68      0      0      0      0   3201   1980      0      0 116657 116658      0      0      0      0     44     15 
    0    554     70     70     82     62      0      0      0      0   3201   1980      0      0 116657 116658      0      0      0      0     41     14 
    0    555     70     69     89     67      0      0      0      0   3201   1980      0      0 116657 116658      0      0      0      0     44     15 
    0    558     70     69     89     67      0      0      0      0   3201   1980      0      0 116657 116658      0      0      0      0     44     14 
    0    554     70     70     89     67      0      0      0      0   3201   1980      0      0 116657 116658      0      0      0      0     42     15 
    0    554     70     71     89     68      0      0      0      0   3201   1980      0      0 116657 116658      0      0      0      0     41     14 
    0    555     70     70     89     68      0      0      0      0   3201   1980      0      0 116657 116658      0      0      0      0     45     15 
    0    556     70     70     84     63      0      0      0      0   3201   1980      0      0 116657 116658      0      0      0      0     41     14 
    0    556     70     71     89     67      0      0      0      0   3201   1980      0      0 116657 116658      0      0      0      0     43     14 
    0    286     63     59      0      0      0      0      0      0   3201   1980      0      0 116657 116658      0      0      0      0      0      0 
    0    161     62     57      0      0      0      0      0      0   3201   1980      0      0 116657 116658      0      0      0      0      0      1 
    0    160     62     56      0      0      0      0      0      0   3201   1980      0      0 116657 116658      0      0      0      0      0      0 
    0    159     61     56      0      0      0      0      0      0   3201   1980      0      0 116657 116658      0      0      0      0      0      1 
    0    158     61     55      0      0      0      0      0      0   3201   1980      0      0 116657 116658      0      0      0      0      0      0 
    0    157     60     55      0      0      0      0      0      0   3201   1980      0      0 116657 116658      0      0      0      0      0      1 
    0    157     60     54      0      0      0      0      0      0   3201   1980      0      0 116657 116658      0      0      0      0      0      0 
