# gpu    pwr  gtemp  mtemp     sm    mem    enc    dec    jpg    ofa   mclk   pclk  pviol  tviol     fb   bar1   ccpm  sbecc  dbecc    pci  rxpci  txpci 
# Idx      W      C      C      %      %      %      %      %      %    MHz    MHz      %   bool     MB     MB     MB   errs   errs   errs   MB/s   MB/s 
    0    158     46     46      4      3      0      0      0      0   3201   1980      0      0 116719 116720      0      0      0      0      0      1 
    0    139     44     42      0      0      0      0      0      0   3201   1980      0      0 116719 116720      0      0      0      0      0      0 
    0    139     43     41      0      0      0      0      0      0   3201   1980      0      0 116719 116720      0      0      0      0      0      0 
    0    138     43     41      0      0      0      0      0      0   3201   1980      0      0 116719 116720      0      0      0      0      0      0 
    0    138     43     41      0      0      0      0      0      0   3201   1980      0      0 116719 116720      0      0      0      0      0      0 
    0    138     43     41      0      0      0      0      0      0   3201   1980      0      0 116719 116720      0      0      0      0      0      0 
    0    138     42     40      0      0      0      0      0      0   3201   1980      0      0 116719 116720      0      0      0      0      0      0 
    0    137     42     40      0      0      0      0      0      0   3201   1980      0      0 116719 116720      0      0      0      0      0      0 
    0    137     42     40      0      0      0      0      0      0   3201   1980      0      0 116719 116720      0      0      0      0      0      0 
    0    137     42     40      0      0      0      0      0      0   3201   1980      0      0 116719 116720      0      0      0      0      0      0 
    0    137     42     40      0      0      0      0      0      0   3201   1980      0      0 116719 116720      0      0      0      0      0      0 
    0    137     42     39      0      0      0      0      0      0   3201   1980      0      0 116719 116720      0      0      0      0      0      0 
    0    137     41     39      0      0      0      0      0      0   3201   1980      0      0 116719 116720      0      0      0      0      0      0 
    0    478     49     52     89     63      0      0      0      0   3201   1980      0      0 116781 116782      0      0      0      0     41     13 
    0    522     49     52     89     67      0      0      0      0   3201   1980      0      0 116781 116782      0      0      0      0     41     14 
    0    522     50     54     89     67      0      0      0      0   3201   1980     30      0 116781 116782      0      0      0      0     40     13 
    0    528     50     53     89     67      0      0      0      0   3201   1980     28      0 116781 116782      0      0      0      0     40     14 
    0    521     51     52     89     68      0      0      0      0   3201   1980      0      0 116781 116782      0      0      0      0     42     13 
    0    524     51     52     89     67      0      0      0      0   3201   1980      0      0 116781 116782      0      0      0      0     42     18 
    0    529     51     53     89     68      0      0      0      0   3201   1980      0      0 116781 116782      0      0      0      0     41     14 
    0    526     52     54     89     67      0      0      0      0   3201   1980      0      0 116781 116782      0      0      0      0     40     14 
    0    528     52     53     89     67      0      0      0      0   3201   1980      0      0 116781 116782      0      0      0      0     42     13 
    0    528     52     54     89     63      0      0      0      0   3201   1980      0      0 116781 116782      0      0      0      0     42     13 
    0    528     52     55     89     67      0      0      0      0   3201   1980      0      0 116781 116782      0      0      0      0     44     14 
    0    533     53     55     89     67      0      0      0      0   3201   1980      3      0 116781 116782      0      0      0      0     42     13 
    0    527     53     54     89     67      0      0      0      0   3201   1965     61      0 116781 116782      0      0      0      0     41     14 
    0    524     53     56     89     67      0      0      0      0   3201   1980      1      0 116781 116782      0      0      0      0     41     14 
    0    528     53     54     89     68      0      0      0      0   3201   1980     34      0 116781 116782      0      0      0      0     44     13 
    0    525     53     55     89     67      0      0      0      0   3201   1965     58      0 116781 116782      0      0      0      0     43     13 
    0    527     53     56     89     68      0      0      0      0   3201   1980      0      0 116781 116782      0      0      0      0     40     14 
    0    530     55     55     89     67      0      0      0      0   3201   1980      0      0 116781 116782      0      0      0      0     40     14 
    0    530     54     55     88     67      0      0      0      0   3201   1980      0      0 116781 116782      0      0      0      0     40     15 
    0    527     54     58     89     67      0      0      0      0   3201   1980      0      0 116781 116782      0      0      0      0     40     14 
    0    532     57     56     89     67      0      0      0      0   3201   1980      0      0 116781 116782      0      0      0      0     43     14 
    0    528     54     55     89     67      0      0      0      0   3201   1980     32      0 116781 116782      0      0      0      0     45     13 
    0    534     55     56     89     68      0      0      0      0   3201   1980     32      0 116781 116782      0      0      0      0     41     14 
    0    537     55     56     89     63      0      0      0      0   3201   1965     12      0 116781 116782      0      0      0      0     40     14 
    0    535     55     57     88     67      0      0      0      0   3201   1980     17      0 116781 116782      0      0      0      0     44     14 
    0    533     55     58     89     68      0      0      0      0   3201   1980     25      0 116781 116782      0      0      0      0     42     13 
    0    533     56     56     89     67      0      0      0      0   3201   1980     34      0 116781 116782      0      0      0      0     44     14 
    0    532     55     59     89     67      0      0      0      0   3201   1980      0      0 116781 116782      0      0      0      0     40     14 
    0    535     55     56     89     68      0      0      0      0   3201   1980      0      0 116781 116782      0      0      0      0     42     14 
    0    535     56     56     89     67      0      0      0      0   3201   1980      0      0 116781 116782      0      0      0      0     41     13 
    0    530     55     57     89     67      0      0      0      0   3201   1980      0      0 116781 116782      0      0      0      0     41     15 
# gpu    pwr  gtemp  mtemp     sm    mem    enc    dec    jpg    ofa   mclk   pclk  pviol  tviol     fb   bar1   ccpm  sbecc  dbecc    pci  rxpci  txpci 
# Idx      W      C      C      %      %      %      %      %      %    MHz    MHz      %   bool     MB     MB     MB   errs   errs   errs   MB/s   MB/s 
    0    530     56     58     89     67      0      0      0      0   3201   1980      0      0 116781 116782      0      0      0      0     40     14 
    0    536     56     57     89     63      0      0      0      0   3201   1965     47      0 116781 116782      0      0      0      0     45     14 
    0    532     56     57     89     68      0      0      0      0   3201   1980     16      0 116781 116782      0      0      0      0     40     13 
    0    533     56     59     89     67      0      0      0      0   3201   1980      0      0 116781 116782      0      0      0      0     41     15 
    0    539     56     58     88     66      0      0      0      0   3201   1980      0      0 116781 116782      0      0      0      0     42     13 
    0    534     56     57     89     68      0      0      0      0   3201   1980      0      0 116781 116782      0      0      0      0     43     14 
    0    535     56     59     89     67      0      0      0      0   3201   1980      0      0 116781 116782      0      0      0      0     42     18 
    0    538     56     57     89     67      0      0      0      0   3201   1980      0      0 116781 116782      0      0      0      0     42     14 
    0    532     56     59     89     68      0      0      0      0   3201   1980      0      0 116781 116782      0      0      0      0     44     13 
    0    534     56     59     89     67      0      0      0      0   3201   1980      0      0 116781 116782      0      0      0      0     54     14 
    0    539     57     56     89     63      0      0      0      0   3201   1980      0      0 116781 116782      0      0      0      0     40     14 
    0    535     57     56     89     67      0      0      0      0   3201   1980      0      0 116781 116782      0      0      0      0     42     14 
    0    530     57     59     88     66      0      0      0      0   3201   1980      0      0 116781 116782      0      0      0      0     43     13 
    0    541     57     60     89     68      0      0      0      0   3201   1965     57      0 116781 116782      0      0      0      0     44     14 
    0    536     57     59     89     68      0      0      0      0   3201   1980     31      0 116781 116782      0      0      0      0     42     13 
    0    537     57     59     89     68      0      0      0      0   3201   1980      0      0 116781 116782      0      0      0      0     44     14 
    0    536     57     59     89     67      0      0      0      0   3201   1965     30      0 116781 116782      0      0      0      0     42     13 
    0    537     57     58     89     67      0      0      0      0   3201   1980      0      0 116781 116782      0      0      0      0     40     15 
    0    537     60     59     89     67      0      0      0      0   3201   1980     30      0 116781 116782      0      0      0      0     42     13 
    0    534     57     59     89     63      0      0      0      0   3201   1980      0      0 116781 116782      0      0      0      0     42     14 
    0    536     57     60     89     67      0      0      0      0   3201   1980      0      0 116781 116782      0      0      0      0     42     13 
    0    542     57     60     89     68      0      0      0      0   3201   1980     37      0 116781 116782      0      0      0      0     43     14 
    0    535     57     60     89     67      0      0      0      0   3201   1965     55      0 116781 116782      0      0      0      0     45     13 
    0    534     57     60     89     67      0      0      0      0   3201   1980     30      0 116781 116782      0      0      0      0     44     15 
    0    535     58     58     88     66      0      0      0      0   3201   1980      0      0 116781 116782      0      0      0      0     41     13 
    0    537     58     58     89     68      0      0      0      0   3201   1980      0      0 116781 116782      0      0      0      0     42     14 
    0    537     58     60     89     67      0      0      0      0   3201   1980     32      0 116781 116782      0      0      0      0     42     13 
    0    538     60     59     89     68      0      0      0      0   3201   1980     30      0 116781 116782      0      0      0      0     40     14 
    0    536     58     60     89     67      0      0      0      0   3201   1980     33      0 116781 116782      0      0      0      0     40     14 
    0    536     58     58     89     68      0      0      0      0   3201   1980      0      0 116781 116782      0      0      0      0     40     14 
    0    540     58     60     89     67      0      0      0      0   3201   1980      0      0 116781 116782      0      0      0      0     39     13 
    0    537     58     60     89     67      0      0      0      0   3201   1980      0      0 116781 116782      0      0      0      0     40     14 
    0    537     58     59     88     67      0      0      0      0   3201   1980      0      0 116781 116782      0      0      0      0     40     14 
    0    539     58     59     89     63      0      0      0      0   3201   1980      0      0 116781 116782      0      0      0      0     42     15 
    0    537     58     59     89     67      0      0      0      0   3201   1980      0      0 116781 116782      0      0      0      0     44     13 
    0    538     58     59     89     68      0      0      0      0   3201   1980      0      0 116781 116782      0      0      0      0     44     15 
    0    534     58     60     89     65      0      0      0      0   3201   1965     19      0 116781 116782      0      0      0      0     40     13 
    0    533     58     58     89     67      0      0      0      0   3201   1980      9      0 116781 116782      0      0      0      0     40     14 
    0    536     58     61     89     68      0      0      0      0   3201   1980      0      0 116781 116782      0      0      0      0     40     13 
    0    536     58     60     89     67      0      0      0      0   3201   1980      0      0 116781 116782      0      0      0      0     43     13 
    0    538     58     59     89     68      0      0      0      0   3201   1980      0      0 116781 116782      0      0      0      0     43     13 
    0    536     58     58     89     67      0      0      0      0   3201   1980      0      0 116781 116782      0      0      0      0     42     18 
    0    538     58     59     89     63      0      0      0      0   3201   1980      0      0 116781 116782      0      0      0      0     41     13 
    0    540     58     59     89     68      0      0      0      0   3201   1980      0      0 116781 116782      0      0      0      0     42     13 
# gpu    pwr  gtemp  mtemp     sm    mem    enc    dec    jpg    ofa   mclk   pclk  pviol  tviol     fb   bar1   ccpm  sbecc  dbecc    pci  rxpci  txpci 
# Idx      W      C      C      %      %      %      %      %      %    MHz    MHz      %   bool     MB     MB     MB   errs   errs   errs   MB/s   MB/s 
    0    536     58     61     88     67      0      0      0      0   3201   1980      0      0 116781 116782      0      0      0      0     86     13 
    0    540     59     61     89     67      0      0      0      0   3201   1980      0      0 116781 116782      0      0      0      0     40     13 
    0    534     58     60     88     66      0      0      0      0   3201   1980      0      0 116781 116782      0      0      0      0     41     13 
    0    538     58     59     89     67      0      0      0      0   3201   1980      0      0 116781 116782      0      0      0      0     40     14 
    0    539     59     60     89     67      0      0      0      0   3201   1980     31      0 116781 116782      0      0      0      0     41     13 
    0    538     59     59     89     68      0      0      0      0   3201   1980     31      0 116781 116782      0      0      0      0     42     13 
    0    539     59     59     89     67      0      0      0      0   3201   1920     32      0 116781 116782      0      0      0      0     44     13 
    0    539     59     59     89     63      0      0      0      0   3201   1965     60      0 116781 116782      0      0      0      0     40     13 
    0    540     59     61     89     67      0      0      0      0   3201   1980      4      0 116781 116782      0      0      0      0     40     13 
    0    540     59     58     88     67      0      0      0      0   3201   1980     34      0 116781 116782      0      0      0      0     40     13 
    0    539     59     61     89     67      0      0      0      0   3201   1980     55      0 116781 116782      0      0      0      0     40     14 
    0    539     59     60     89     68      0      0      0      0   3201   1980     34      0 116781 116782      0      0      0      0     41     13 
    0    540     59     61     89     68      0      0      0      0   3201   1980     43      0 116781 116782      0      0      0      0     41     13 
    0    538     59     60     89     67      0      0      0      0   3201   1980     22      0 116781 116782      0      0      0      0     40     13 
    0    541     59     61     89     68      0      0      0      0   3201   1980     28      0 116781 116782      0      0      0      0     40     14 
    0    543     61     60     89     68      0      0      0      0   3201   1950     41      0 116781 116782      0      0      0      0     42     13 
    0    538     59     61     89     68      0      0      0      0   3201   1965     52      0 116781 116782      0      0      0      0     43     13 
    0    537     59     62     89     67      0      0      0      0   3201   1980      0      0 116781 116782      0      0      0      0     44     13 
    0    544     59     61     89     63      0      0      0      0   3201   1965     44      0 116781 116782      0      0      0      0     41     13 
    0    540     59     62     89     67      0      0      0      0   3201   1980     45      0 116781 116782      0      0      0      0     40     13 
    0    536     59     60     89     66      0      0      0      0   3201   1980     32      0 116781 116782      0      0      0      0     41     14 
    0    541     59     59     89     68      0      0      0      0   3201   1980      0      0 116781 116782      0      0      0      0     40     13 
    0    539     59     61     89     68      0      0      0      0   3201   1980      0      0 116781 116782      0      0      0      0     42     13 
    0    533     59     60     89     68      0      0      0      0   3201   1980      0      0 116781 116782      0      0      0      0     40     14 
    0    538     60     59     89     66      0      0      0      0   3201   1980      0      0 116781 116782      0      0      0      0     44     13 
    0    537     59     59     89     67      0      0      0      0   3201   1980     31      0 116781 116782      0      0      0      0     42     13 
    0    532     59     59     89     67      0      0      0      0   3201   1980     27      0 116781 116782      0      0      0      0     41     14 
    0    542     59     60     89     64      0      0      0      0   3201   1980      0      0 116781 116782      0      0      0      0     44     13 
    0    536     59     61     89     68      0      0      0      0   3201   1980      0      0 116781 116782      0      0      0      0     42     13 
    0    539     59     61     89     67      0      0      0      0   3201   1980      0      0 116781 116782      0      0      0      0     68     15 
    0    540     59     61     89     68      0      0      0      0   3201   1980      0      0 116781 116782      0      0      0      0     44     13 
    0    538     59     61     89     67      0      0      0      0   3201   1980      0      0 116781 116782      0      0      0      0     42     13 
    0    538     59     62     89     68      0      0      0      0   3201   1980      0      0 116781 116782      0      0      0      0     42     13 
    0    542     59     61     89     67      0      0      0      0   3201   1980      0      0 116781 116782      0      0      0      0     44     13 
    0    538     59     61     89     67      0      0      0      0   3201   1980      0      0 116781 116782      0      0      0      0     42     13 
    0    538     59     62     89     67      0      0      0      0   3201   1980      0      0 116781 116782      0      0      0      0     40     14 
    0    537     59     61     89     67      0      0      0      0   3201   1980      0      0 116781 116782      0      0      0      0     43     13 
    0    537     59     61     89     67      0      0      0      0   3201   1980      0      0 116781 116782      0      0      0      0     43     13 
    0    535     59     61     89     68      0      0      0      0   3201   1980      0      0 116781 116782      0      0      0      0     41     14 
    0    537     59     61     89     67      0      0      0      0   3201   1980      0      0 116781 116782      0      0      0      0     40     13 
    0    538     59     61     89     68      0      0      0      0   3201   1980      0      0 116781 116782      0      0      0      0     40     13 
    0    537     59     60     89     63      0      0      0      0   3201   1980      0      0 116781 116782      0      0      0      0     42     13 
    0    537     59     61     89     68      0      0      0      0   3201   1980      0      0 116781 116782      0      0      0      0     45     13 
    0    539     59     61     89     68      0      0      0      0   3201   1980      0      0 116781 116782      0      0      0      0     44     13 
# gpu    pwr  gtemp  mtemp     sm    mem    enc    dec    jpg    ofa   mclk   pclk  pviol  tviol     fb   bar1   ccpm  sbecc  dbecc    pci  rxpci  txpci 
# Idx      W      C      C      %      %      %      %      %      %    MHz    MHz      %   bool     MB     MB     MB   errs   errs   errs   MB/s   MB/s 
    0    540     59     62     89     67      0      0      0      0   3201   1980      0      0 116781 116782      0      0      0      0     43     13 
    0    539     59     60     89     68      0      0      0      0   3201   1980      0      0 116781 116782      0      0      0      0     40     13 
    0    535     59     60     89     68      0      0      0      0   3201   1980      0      0 116781 116782      0      0      0      0     41     14 
    0    538     60     60     90     64      0      0      0      0   3201   1980      0      0 116781 116782      0      0      0      0     44     13 
    0    539     59     61     87     66      0      0      0      0   3201   1980      0      0 116781 116782      0      0      0      0     45     13 
    0    536     59     59     89     68      0      0      0      0   3201   1980      0      0 116781 116782      0      0      0      0     40     13 
    0    539     60     59     89     63      0      0      0      0   3201   1980      0      0 116781 116782      0      0      0      0     45     13 
    0    539     59     60     90     68      0      0      0      0   3201   1980      0      0 116781 116782      0      0      0      0     42     13 
    0    539     59     61     89     67      0      0      0      0   3201   1980     27      0 116781 116782      0      0      0      0     44     14 
    0    545     59     60     89     68      0      0      0      0   3201   1980      0      0 116781 116782      0      0      0      0     44     13 
    0    537     59     59     89     67      0      0      0      0   3201   1980     29      0 116781 116782      0      0      0      0     41     14 
    0    537     59     59     89     68      0      0      0      0   3201   1980      0      0 116781 116782      0      0      0      0     86     13 
    0    542     59     60     89     63      0      0      0      0   3201   1980      0      0 116781 116782      0      0      0      0     44     13 
    0    539     59     62     89     68      0      0      0      0   3201   1980     31      0 116781 116782      0      0      0      0     42     13 
    0    536     59     59     89     68      0      0      0      0   3201   1980     30      0 116781 116782      0      0      0      0     42     13 
    0    534     59     60     89     68      0      0      0      0   3201   1965     54      0 116781 116782      0      0      0      0     44     13 
    0    535     59     60     89     67      0      0      0      0   3201   1980     33      0 116781 116782      0      0      0      0     45     13 
    0    540     59     59     89     66      0      0      0      0   3201   1980     33      0 116781 116782      0      0      0      0     41     13 
    0    537     59     60     89     67      0      0      0      0   3201   1965     55      0 116781 116782      0      0      0      0     41     14 
    0    533     59     61     89     68      0      0      0      0   3201   1980      1      0 116781 116782      0      0      0      0     41     14 
    0    538     59     62     89     67      0      0      0      0   3201   1980      0      0 116781 116782      0      0      0      0     44     14 
    0    535     59     61     89     66      0      0      0      0   3201   1980      0      0 116781 116782      0      0      0      0     42     13 
    0    534     59     60     89     68      0      0      0      0   3201   1980     31      0 116781 116782      0      0      0      0     44     14 
    0    543     59     61     89     68      0      0      0      0   3201   1950     38      0 116781 116782      0      0      0      0     42     13 
    0    533     59     61     89     68      0      0      0      0   3201   1980     25      0 116781 116782      0      0      0      0     40     15 
    0    537     59     61     89     66      0      0      0      0   3201   1980     30      0 116781 116782      0      0      0      0     40     13 
    0    540     59     61     89     63      0      0      0      0   3201   1980      0      0 116781 116782      0      0      0      0     44     14 
    0    538     59     60     89     67      0      0      0      0   3201   1980      0      0 116781 116782      0      0      0      0     40     13 
    0    538     59     60     89     68      0      0      0      0   3201   1980      0      0 116781 116782      0      0      0      0     40     14 
    0    505     57     57      5      4      0      0      0      0   3201   1980      0      0 116781 116782      0      0      0      0      0      0 
    0    149     52     49      0      0      0      0      0      0   3201   1980      0      0 116781 116782      0      0      0      0      0      1 
    0    147     51     48      0      0      0      0      0      0   3201   1980      0      0 116781 116782      0      0      0      0      0      0 
    0    145     50     47      0      0      0      0      0      0   3201   1980      0      0 116781 116782      0      0      0      0      0      1 
    0    145     50     46      0      0      0      0      0      0   3201   1980      0      0 116781 116782      0      0      0      0      0      0 
    0    144     49     46      0      0      0      0      0      0   3201   1980      0      0 116781 116782      0      0      0      0      0      1 
    0    144     49     45      0      0      0      0      0      0   3201   1980      0      0 116781 116782      0      0      0      0      0      0 
    0    143     49     45      0      0      0      0      0      0   3201   1980      0      0 116781 116782      0      0      0      0      0      1 
    0    143     48     45      0      0      0      0      0      0   3201   1980      0      0 116781 116782      0      0      0      0      0      0 
    0    143     48     44      0      0      0      0      0      0   3201   1980      0      0 116781 116782      0      0      0      0      0      1 
    0    142     48     44      0      0      0      0      0      0   3201   1980      0      0 116781 116782      0      0      0      0      0      0 
