# gpu    pwr  gtemp  mtemp     sm    mem    enc    dec    jpg    ofa   mclk   pclk  pviol  tviol     fb   bar1   ccpm  sbecc  dbecc    pci  rxpci  txpci 
# Idx      W      C      C      %      %      %      %      %      %    MHz    MHz      %   bool     MB     MB     MB   errs   errs   errs   MB/s   MB/s 
    0    156     44     42      0      0      0      0      0      0   3201   1980      0      0 116719 116720      0      0      0      0      0      0 
    0    140     44     42      0      0      0      0      0      0   3201   1980      0      0 116719 116720      0      0      0      0      0      0 
    0    139     44     42      0      0      0      0      0      0   3201   1980      0      0 116719 116720      0      0      0      0      0      1 
    0    139     43     41      0      0      0      0      0      0   3201   1980      0      0 116719 116720      0      0      0      0      0      0 
    0    138     43     41      0      0      0      0      0      0   3201   1980      0      0 116719 116720      0      0      0      0      0      1 
    0    138     43     41      0      0      0      0      0      0   3201   1980      0      0 116719 116720      0      0      0      0      0      0 
    0    138     43     41      0      0      0      0      0      0   3201   1980      0      0 116719 116720      0      0      0      0      0      1 
    0    138     43     40      0      0      0      0      0      0   3201   1980      0      0 116719 116720      0      0      0      0      0      0 
    0    138     42     41      0      0      0      0      0      0   3201   1980      0      0 116719 116720      0      0      0      0      0      1 
    0    137     42     40      0      0      0      0      0      0   3201   1980      0      0 116719 116720      0      0      0      0      0      0 
    0    137     42     40      0      0      0      0      0      0   3201   1980      0      0 116719 116720      0      0      0      0      0      0 
    0    137     42     40      0      0      0      0      0      0   3201   1980      0      0 116719 116720      0      0      0      0      0      0 
    0    137     42     40      0      0      0      0      0      0   3201   1980      0      0 116719 116720      0      0      0      0      0      0 
    0    268     47     47     89     68      0      0      0      0   3201   1980      0      0 116781 116782      0      0      0      0     40     14 
    0    340     43     42     54     37      0      0      0      0   3201   1980      0      0 116781 116782      0      0      0      0     40     13 
    0    465     48     48     89     68      0      0      0      0   3201   1980      0      0 116781 116782      0      0      0      0     40     14 
    0    517     50     52     88     66      0      0      0      0   3201   1980      0      0 116781 116782      0      0      0      0     41     13 
    0    529     50     53     89     68      0      0      0      0   3201   1980      0      0 116781 116782      0      0      0      0     40      1 
    0    508     51     52     89     68      0      0      0      0   3201   1980      0      0 116781 116782      0      0      0      0     40     13 
    0    389     45     44      0      0      0      0      0      0   3201   1980      0      0 116781 116782      0      0      0      0      0      0 
    0    209     48     49     62     43      0      0      0      0   3201   1980      0      0 116781 116782      0      0      0      0     42     13 
    0    376     45     43      0      0      0      0      0      0   3201   1980      0      0 116781 116782      0      0      0      0      0      0 
    0    139     44     42      0      0      0      0      0      0   3201   1980      0      0 116781 116782      0      0      0      0      0      0 
    0    138     43     41      0      0      0      0      0      0   3201   1980      0      0 116781 116782      0      0      0      0     58     14 
    0    523     50     52     89     67      0      0      0      0   3201   1980      0      0 116781 116782      0      0      0      0     45     13 
    0    357     45     43      0      0      0      0      0      0   3201   1980      0      0 116781 116782      0      0      0      0     45     13 
    0    526     51     53     89     68      0      0      0      0   3201   1980      0      0 116781 116782      0      0      0      0     42     13 
    0    505     51     54     89     68      0      0      0      0   3201   1980      0      0 116781 116782      0      0      0      0     41     13 
    0    244     45     43      0      0      0      0      0      0   3201   1980      0      0 116781 116782      0      0      0      0      0      0 
    0    139     44     42      0      0      0      0      0      0   3201   1980      0      0 116781 116782      0      0      0      0      0      7 
    0    509     51     53     89     68      0      0      0      0   3201   1980      0      0 116781 116782      0      0      0      0     40     13 
    0    524     51     53     89     67      0      0      0      0   3201   1980      0      0 116781 116782      0      0      0      0     40     13 
    0    526     52     54     89     68      0      0      0      0   3201   1980      0      0 116781 116782      0      0      0      0     86     13 
    0    532     52     55     89     63      0      0      0      0   3201   1980      0      0 116781 116782      0      0      0      0     40     13 
    0    341     46     45      0      0      0      0      0      0   3201   1980      0      0 116781 116782      0      0      0      0      0      0 
    0    363     51     53     88     66      0      0      0      0   3201   1980      0      0 116781 116782      0      0      0      0     41     13 
    0    189     45     43      0      0      0      0      0      0   3201   1980      0      0 116781 116782      0      0      0      0      0      0 
    0    140     45     43      0      0      0      0      0      0   3201   1980      0      0 116781 116782      0      0      0      0      0      0 
    0    139     44     42      0      0      0      0      0      0   3201   1980      0      0 116781 116782      0      0      0      0      0      0 
    0    443     49     52     20     15      0      0      0      0   3201   1980      0      0 116781 116782      0      0      0      0      0      1 
    0    269     50     51     89     67      0      0      0      0   3201   1980      0      0 116781 116782      0      0      0      0     40     13 
    0    524     51     52     89     68      0      0      0      0   3201   1980      0      0 116781 116782      0      0      0      0     46     14 
    0    299     50     52     89     67      0      0      0      0   3201   1980      0      0 116781 116782      0      0      0      0     43     13 
    0    525     52     54     89     68      0      0      0      0   3201   1980      0      0 116781 116782      0      0      0      0     45     14 
# gpu    pwr  gtemp  mtemp     sm    mem    enc    dec    jpg    ofa   mclk   pclk  pviol  tviol     fb   bar1   ccpm  sbecc  dbecc    pci  rxpci  txpci 
# Idx      W      C      C      %      %      %      %      %      %    MHz    MHz      %   bool     MB     MB     MB   errs   errs   errs   MB/s   MB/s 
    0    531     52     53     89     67      0      0      0      0   3201   1950     36      0 116781 116782      0      0      0      0     41     13 
    0    430     48     46      0      0      0      0      0      0   3201   1980     25      0 116781 116782      0      0      0      0      0      0 
    0    224     50     51     88     67      0      0      0      0   3201   1980      0      0 116781 116782      0      0      0      0     40     13 
    0    526     52     55     89     68      0      0      0      0   3201   1980      0      0 116781 116782      0      0      0      0     46     14 
    0    527     52     56     89     68      0      0      0      0   3201   1980     27      0 116781 116782      0      0      0      0     42     13 
    0    529     53     55     89     63      0      0      0      0   3201   1980      0      0 116781 116782      0      0      0      0     40     14 
    0    529     53     57     89     68      0      0      0      0   3201   1980      0      0 116781 116782      0      0      0      0     40     13 
    0    530     53     56     89     67      0      0      0      0   3201   1980      0      0 116781 116782      0      0      0      0     41     15 
    0    530     54     54     89     68      0      0      0      0   3201   1980      0      0 116781 116782      0      0      0      0     40     13 
    0    531     54     55     89     68      0      0      0      0   3201   1980      0      0 116781 116782      0      0      0      0     40     14 
    0    520     54     56     71     54      0      0      0      0   3201   1980      0      0 116781 116782      0      0      0      0      0      0 
    0    143     47     45      0      0      0      0      0      0   3201   1980      0      0 116781 116782      0      0      0      0      0      1 
    0    245     51     52     89     68      0      0      0      0   3201   1980      0      0 116781 116782      0      0      0      0     40     13 
    0    380     50     48      0      0      0      0      0      0   3201   1980      0      0 116781 116782      0      0      0      0     41     14 
    0    526     53     55     89     68      0      0      0      0   3201   1980      0      0 116781 116782      0      0      0      0     41     13 
    0    527     54     56     88     66      0      0      0      0   3201   1980      0      0 116781 116782      0      0      0      0     43     14 
    0    533     54     56     89     63      0      0      0      0   3201   1980      0      0 116781 116782      0      0      0      0     40     13 
    0    530     54     56     88     67      0      0      0      0   3201   1980      0      0 116781 116782      0      0      0      0     42     14 
    0    533     54     58     88     67      0      0      0      0   3201   1980      0      0 116781 116782      0      0      0      0     45     18 
    0    538     55     56     89     68      0      0      0      0   3201   1980      0      0 116781 116782      0      0      0      0     40     14 
    0    529     54     56     89     66      0      0      0      0   3201   1980      0      0 116781 116782      0      0      0      0     40     13 
    0    529     55     57     88     67      0      0      0      0   3201   1980      0      0 116781 116782      0      0      0      0     86     14 
    0    535     55     55     89     67      0      0      0      0   3201   1980      0      0 116781 116782      0      0      0      0     40     13 
    0    356     49     47      0      0      0      0      0      0   3201   1980      0      0 116781 116782      0      0      0      0      0      1 
    0    143     47     45      0      0      0      0      0      0   3201   1980      0      0 116781 116782      0      0      0      0     79     13 
    0    522     54     56     89     64      0      0      0      0   3201   1980      0      0 116781 116782      0      0      0      0     40     15 
    0    532     54     57     89     68      0      0      0      0   3201   1980      0      0 116781 116782      0      0      0      0     40     14 
    0    529     55     55     89     67      0      0      0      0   3201   1980      0      0 116781 116782      0      0      0      0     40     14 
    0    532     55     56     89     68      0      0      0      0   3201   1965     54      0 116781 116782      0      0      0      0     44     13 
    0    532     55     55     89     66      0      0      0      0   3201   1980      5      0 116781 116782      0      0      0      0     40     14 
    0    533     55     58     89     68      0      0      0      0   3201   1980      0      0 116781 116782      0      0      0      0     42     13 
    0    538     56     56     89     67      0      0      0      0   3201   1980      0      0 116781 116782      0      0      0      0     40     15 
    0    532     55     56     89     68      0      0      0      0   3201   1980      0      0 116781 116782      0      0      0      0     44     13 
    0    534     56     58     89     68      0      0      0      0   3201   1980      0      0 116781 116782      0      0      0      0     40     14 
    0    531     56     58     89     68      0      0      0      0   3201   1980      0      0 116781 116782      0      0      0      0     40     13 
    0    531     56     58     89     67      0      0      0      0   3201   1980     32      0 116781 116782      0      0      0      0     43     14 
    0    536     56     58     89     68      0      0      0      0   3201   1980      0      0 116781 116782      0      0      0      0     43     13 
    0    535     56     59     89     67      0      0      0      0   3201   1980      0      0 116781 116782      0      0      0      0     44     14 
    0    534     56     59     89     68      0      0      0      0   3201   1980      0      0 116781 116782      0      0      0      0     42     13 
    0    520     56     58     74     56      0      0      0      0   3201   1980      0      0 116781 116782      0      0      0      0      0      1 
    0    145     49     46      0      0      0      0      0      0   3201   1980      0      0 116781 116782      0      0      0      0      0      0 
    0    405     55     55     89     68      0      0      0      0   3201   1980      0      0 116781 116782      0      0      0      0     42      5 
    0    453     52     51     61     47      0      0      0      0   3201   1980      0      0 116781 116782      0      0      0      0      0      0 
    0    327     55     56     88     66      0      0      0      0   3201   1980      0      0 116781 116782      0      0      0      0     44     14 
# gpu    pwr  gtemp  mtemp     sm    mem    enc    dec    jpg    ofa   mclk   pclk  pviol  tviol     fb   bar1   ccpm  sbecc  dbecc    pci  rxpci  txpci 
# Idx      W      C      C      %      %      %      %      %      %    MHz    MHz      %   bool     MB     MB     MB   errs   errs   errs   MB/s   MB/s 
    0    531     59     57     89     68      0      0      0      0   3201   1980     29      0 116781 116782      0      0      0      0     44     13 
    0    535     56     56     90     64      0      0      0      0   3201   1980      0      0 116781 116782      0      0      0      0     42     14 
    0    527     56     56     89     68      0      0      0      0   3201   1980      0      0 116781 116782      0      0      0      0     45     13 
    0    530     56     59     89     68      0      0      0      0   3201   1980      0      0 116781 116782      0      0      0      0     44     14 
    0    533     56     58     89     67      0      0      0      0   3201   1980      0      0 116781 116782      0      0      0      0     44     13 
    0    533     56     59     89     67      0      0      0      0   3201   1980      0      0 116781 116782      0      0      0      0     43     15 
    0    538     57     57     90     63      0      0      0      0   3201   1980      0      0 116781 116782      0      0      0      0     41     13 
    0    528     56     58     89     67      0      0      0      0   3201   1965     32      0 116781 116782      0      0      0      0     40     15 
    0    533     56     59     89     68      0      0      0      0   3201   1980      0      0 116781 116782      0      0      0      0     40     14 
    0    539     58     58     89     67      0      0      0      0   3201   1980      0      0 116781 116782      0      0      0      0     44     14 
    0    533     57     59     89     68      0      0      0      0   3201   1980      0      0 116781 116782      0      0      0      0     40     13 
    0    534     57     58     89     67      0      0      0      0   3201   1980      0      0 116781 116782      0      0      0      0     40     15 
    0    539     57     59     89     68      0      0      0      0   3201   1980      0      0 116781 116782      0      0      0      0     40     13 
    0    534     57     59     89     67      0      0      0      0   3201   1980      0      0 116781 116782      0      0      0      0     40     14 
    0    533     57     58     89     67      0      0      0      0   3201   1980      0      0 116781 116782      0      0      0      0     41     13 
    0    541     57     58     89     63      0      0      0      0   3201   1980      0      0 116781 116782      0      0      0      0     44     14 
    0    536     57     59     89     67      0      0      0      0   3201   1980      0      0 116781 116782      0      0      0      0     40     13 
    0    534     57     58     89     68      0      0      0      0   3201   1980      0      0 116781 116782      0      0      0      0     42     14 
    0    540     57     58     89     66      0      0      0      0   3201   1980      0      0 116781 116782      0      0      0      0     42     13 
    0    536     57     60     88     67      0      0      0      0   3201   1980      0      0 116781 116782      0      0      0      0     40     15 
    0    536     57     58     89     68      0      0      0      0   3201   1980      0      0 116781 116782      0      0      0      0     41     13 
    0    536     57     60     89     67      0      0      0      0   3201   1980      0      0 116781 116782      0      0      0      0     42     15 
    0    532     57     59     89     68      0      0      0      0   3201   1980     30      0 116781 116782      0      0      0      0     40     13 
    0    535     57     58     89     67      0      0      0      0   3201   1980     32      0 116781 116782      0      0      0      0     40     16 
    0    536     58     59     89     63      0      0      0      0   3201   1980      0      0 116781 116782      0      0      0      0     41     13 
    0    537     57     60     89     67      0      0      0      0   3201   1980      0      0 116781 116782      0      0      0      0     41     13 
    0    539     58     59     89     67      0      0      0      0   3201   1980      0      0 116781 116782      0      0      0      0     40     14 
    0    180     50     48      0      0      0      0      0      0   3201   1980      0      0 116781 116782      0      0      0      0     41     13 
    0    419     51     49      0      0      0      0      0      0   3201   1980      0      0 116781 116782      0      0      0      0      0      0 
    0    476     57     57     89     68      0      0      0      0   3201   1980      0      0 116781 116782      0      0      0      0     43     13 
    0    386     51     49      0      0      0      0      0      0   3201   1980      0      0 116781 116782      0      0      0      0      0      0 
    0    487     57     57     89     63      0      0      0      0   3201   1965     16      0 116781 116782      0      0      0      0     44     13 
    0    363     51     48      0      0      0      0      0      0   3201   1980     17      0 116781 116782      0      0      0      0      0      0 
    0    274     55     56     89     67      0      0      0      0   3201   1980      0      0 116781 116782      0      0      0      0     40     13 
    0    496     56     59     89     67      0      0      0      0   3201   1980      0      0 116781 116782      0      0      0      0     44     13 
    0    239     50     47      0      0      0      0      0      0   3201   1980      0      0 116781 116782      0      0      0      0      0      0 
    0    281     54     55     89     67      0      0      0      0   3201   1980      0      0 116781 116782      0      0      0      0     41     13 
    0    374     55     54     88     66      0      0      0      0   3201   1980      0      0 116781 116782      0      0      0      0     40     13 
    0    336     50     47      0      0      0      0      0      0   3201   1980      0      0 116781 116782      0      0      0      0     41     13 
    0    533     56     56     89     67      0      0      0      0   3201   1980      0      0 116781 116782      0      0      0      0     43     13 
    0    301     49     47      0      0      0      0      0      0   3201   1980      0      0 116781 116782      0      0      0      0      0      0 
    0    144     48     45      0      0      0      0      0      0   3201   1980      0      0 116781 116782      0      0      0      0      0      0 
    0    259     53     53     89     67      0      0      0      0   3201   1980      0      0 116781 116782      0      0      0      0     45     13 
    0    429     54     56     89     68      0      0      0      0   3201   1980      0      0 116781 116782      0      0      0      0     40     13 
# gpu    pwr  gtemp  mtemp     sm    mem    enc    dec    jpg    ofa   mclk   pclk  pviol  tviol     fb   bar1   ccpm  sbecc  dbecc    pci  rxpci  txpci 
# Idx      W      C      C      %      %      %      %      %      %    MHz    MHz      %   bool     MB     MB     MB   errs   errs   errs   MB/s   MB/s 
    0    534     55     57     89     68      0      0      0      0   3201   1980      0      0 116781 116782      0      0      0      0     43     13 
    0    536     56     56     89     67      0      0      0      0   3201   1965     48      0 116781 116782      0      0      0      0     40     13 
    0    526     56     58     89     66      0      0      0      0   3201   1980     17      0 116781 116782      0      0      0      0     44     13 
    0    532     56     58     89     68      0      0      0      0   3201   1980     27      0 116781 116782      0      0      0      0     44     13 
    0    531     57     58     90     63      0      0      0      0   3201   1980     28      0 116781 116782      0      0      0      0     40     13 
    0    533     56     56     89     68      0      0      0      0   3201   1980     29      0 116781 116782      0      0      0      0     40     13 
    0    533     56     57     89     68      0      0      0      0   3201   1980      0      0 116781 116782      0      0      0      0     40     13 
    0    535     57     59     89     63      0      0      0      0   3201   1980      0      0 116781 116782      0      0      0      0     44     13 
    0    536     57     59     89     68      0      0      0      0   3201   1980      0      0 116781 116782      0      0      0      0     44     13 
    0    536     57     58     89     68      0      0      0      0   3201   1980      0      0 116781 116782      0      0      0      0     42     13 
    0    537     57     58     89     68      0      0      0      0   3201   1980      0      0 116781 116782      0      0      0      0     41     13 
    0    533     57     58     89     68      0      0      0      0   3201   1980     28      0 116781 116782      0      0      0      0     42     13 
    0    536     57     59     89     68      0      0      0      0   3201   1980      0      0 116781 116782      0      0      0      0     43     14 
    0    539     57     59     89     63      0      0      0      0   3201   1980      0      0 116781 116782      0      0      0      0     40     13 
    0    382     51     49      0      0      0      0      0      0   3201   1980      0      0 116781 116782      0      0      0      0      0      0 
    0    448     55     57     89     67      0      0      0      0   3201   1980      0      0 116781 116782      0      0      0      0      0      0 
    0    202     54     54     79     56      0      0      0      0   3201   1980      0      0 116781 116782      0      0      0      0     41     13 
    0    358     50     48      0      0      0      0      0      0   3201   1980      0      0 116781 116782      0      0      0      0     42     13 
    0    532     56     56     89     64      0      0      0      0   3201   1980      0      0 116781 116782      0      0      0      0     45     13 
    0    325     50     48      0      0      0      0      0      0   3201   1980      0      0 116781 116782      0      0      0      0      0      0 
    0    315     55     56     89     67      0      0      0      0   3201   1980      0      0 116781 116782      0      0      0      0     40     13 
    0    348     54     55     89     67      0      0      0      0   3201   1980      0      0 116781 116782      0      0      0      0     42     13 
    0    348     49     47      0      0      0      0      0      0   3201   1980      0      0 116781 116782      0      0      0      0      0      0 
    0    143     48     45      0      0      0      0      0      0   3201   1980      0      0 116781 116782      0      0      0      0      0      0 
    0    143     48     45      0      0      0      0      0      0   3201   1980      0      0 116781 116782      0      0      0      0      0      0 
    0    142     47     44      0      0      0      0      0      0   3201   1980      0      0 116781 116782      0      0      0      0      0      0 
    0    142     47     44      0      0      0      0      0      0   3201   1980      0      0 116781 116782      0      0      0      0      0      0 
    0    141     47     43      0      0      0      0      0      0   3201   1980      0      0 116781 116782      0      0      0      0      0      0 
    0    410     53     55     89     67      0      0      0      0   3201   1980      0      0 116781 116782      0      0      0      0     63     13 
    0    439     49     47     10      8      0      0      0      0   3201   1980      0      0 116781 116782      0      0      0      0      0      0 
    0    362     53     54     89     68      0      0      0      0   3201   1980      0      0 116781 116782      0      0      0      0     43     14 
    0    537     54     55     89     63      0      0      0      0   3201   1980      0      0 116781 116782      0      0      0      0     41     14 
    0    533     55     57     89     68      0      0      0      0   3201   1980      0      0 116781 116782      0      0      0      0     43     14 
    0    501     55     57     89     67      0      0      0      0   3201   1980      0      0 116781 116782      0      0      0      0     40     13 
    0    229     48     45      0      0      0      0      0      0   3201   1980      0      0 116781 116782      0      0      0      0     79     14 
    0    504     54     54     89     65      0      0      0      0   3201   1980      0      0 116781 116782      0      0      0      0     40     13 
    0    533     55     57     89     68      0      0      0      0   3201   1980      0      0 116781 116782      0      0      0      0     41     15 
    0    531     55     56     89     67      0      0      0      0   3201   1980     34      0 116781 116782      0      0      0      0     43     13 
    0    532     55     57     89     68      0      0      0      0   3201   1965     48      0 116781 116782      0      0      0      0     42     14 
    0    528     55     58     89     67      0      0      0      0   3201   1980      9      0 116781 116782      0      0      0      0     41     13 
    0    282     49     47      0      0      0      0      0      0   3201   1980      0      0 116781 116782      0      0      0      0      0      1 
    0    403     54     55     89     67      0      0      0      0   3201   1980      0      0 116781 116782      0      0      0      0     40     13 
    0    191     48     45      0      0      0      0      0      0   3201   1980      0      0 116781 116782      0      0      0      0      0      1 
    0    142     47     44      0      0      0      0      0      0   3201   1980      0      0 116781 116782      0      0      0      0      0      0 
# gpu    pwr  gtemp  mtemp     sm    mem    enc    dec    jpg    ofa   mclk   pclk  pviol  tviol     fb   bar1   ccpm  sbecc  dbecc    pci  rxpci  txpci 
# Idx      W      C      C      %      %      %      %      %      %    MHz    MHz      %   bool     MB     MB     MB   errs   errs   errs   MB/s   MB/s 
    0    150     47     43      0      0      0      0      0      0   3201   1980      0      0 116781 116782      0      0      0      0     42     14 
    0    404     48     46      0      0      0      0      0      0   3201   1980      0      0 116781 116782      0      0      0      0      0      0 
    0    199     51     52      0      0      0      0      0      0   3201   1980      0      0 116781 116782      0      0      0      0     45     15 
    0    528     54     55     89     68      0      0      0      0   3201   1980     29      0 116781 116782      0      0      0      0     44     13 
    0    531     54     56     89     68      0      0      0      0   3201   1980      0      0 116781 116782      0      0      0      0     62     22 
    0    536     54     56     89     64      0      0      0      0   3201   1965     23      0 116781 116782      0      0      0      0     40     13 
    0    533     55     57     89     68      0      0      0      0   3201   1980      6      0 116781 116782      0      0      0      0     41     13 
    0    538     55     56     89     68      0      0      0      0   3201   1980     30      0 116781 116782      0      0      0      0     42     13 
    0    539     55     57     89     67      0      0      0      0   3201   1980     32      0 116781 116782      0      0      0      0     40     13 
    0    532     55     58     89     67      0      0      0      0   3201   1980     30      0 116781 116782      0      0      0      0     44     13 
    0    535     55     57     89     67      0      0      0      0   3201   1980     34      0 116781 116782      0      0      0      0     42     13 
    0    539     56     58     89     63      0      0      0      0   3201   1965     29      0 116781 116782      0      0      0      0     43     13 
    0    534     56     57     89     66      0      0      0      0   3201   1980      0      0 116781 116782      0      0      0      0     42     13 
    0    536     56     58     88     67      0      0      0      0   3201   1980      0      0 116781 116782      0      0      0      0     41     13 
    0    535     56     59     89     67      0      0      0      0   3201   1980      0      0 116781 116782      0      0      0      0     44     13 
    0    536     56     59     89     67      0      0      0      0   3201   1980      0      0 116781 116782      0      0      0      0     40     14 
    0    542     58     59     89     67      0      0      0      0   3201   1980      0      0 116781 116782      0      0      0      0     44     13 
    0    537     56     59     88     67      0      0      0      0   3201   1965     28      0 116781 116782      0      0      0      0     44     13 
    0    539     56     58     89     67      0      0      0      0   3201   1980      0      0 116781 116782      0      0      0      0     43     13 
    0    531     56     59     89     67      0      0      0      0   3201   1980      0      0 116781 116782      0      0      0      0      0      0 
    0    425     56     57     89     67      0      0      0      0   3201   1980      0      0 116781 116782      0      0      0      0     40     13 
    0    537     57     59     89     67      0      0      0      0   3201   1980      0      0 116781 116782      0      0      0      0     41     14 
    0    531     56     58     89     68      0      0      0      0   3201   1980      0      0 116781 116782      0      0      0      0     42     13 
    0    537     57     58     89     67      0      0      0      0   3201   1980      0      0 116781 116782      0      0      0      0      0      0 
    0    397     56     57     89     66      0      0      0      0   3201   1980      0      0 116781 116782      0      0      0      0     40     13 
    0    317     55     56     89     68      0      0      0      0   3201   1980      0      0 116781 116782      0      0      0      0     45     13 
    0    534     56     56     89     67      0      0      0      0   3201   1980      0      0 116781 116782      0      0      0      0     44     13 
    0    539     60     58     89     67      0      0      0      0   3201   1980      0      0 116781 116782      0      0      0      0     41     13 
    0    537     57     57     89     68      0      0      0      0   3201   1980      0      0 116781 116782      0      0      0      0     41     13 
    0    537     57     57     89     67      0      0      0      0   3201   1980      0      0 116781 116782      0      0      0      0     44     13 
