# gpu    pwr  gtemp  mtemp     sm    mem    enc    dec    jpg    ofa   mclk   pclk  pviol  tviol     fb   bar1   ccpm  sbecc  dbecc    pci  rxpci  txpci 
# Idx      W      C      C      %      %      %      %      %      %    MHz    MHz      %   bool     MB     MB     MB   errs   errs   errs   MB/s   MB/s 
    0    143     46     44      0      0      0      0      0      0   3201   1980      0      0 116719 116720      0      0      0      0      0      0 
    0    139     43     41      0      0      0      0      0      0   3201   1980      0      0 116719 116720      0      0      0      0      0      0 
    0    138     43     41      0      0      0      0      0      0   3201   1980      0      0 116719 116720      0      0      0      0      0      0 
    0    138     43     40      0      0      0      0      0      0   3201   1980      0      0 116719 116720      0      0      0      0      0      0 
    0    138     43     41      0      0      0      0      0      0   3201   1980      0      0 116719 116720      0      0      0      0      0      0 
    0    138     42     41      0      0      0      0      0      0   3201   1980      0      0 116719 116720      0      0      0      0      0      0 
    0    138     42     40      0      0      0      0      0      0   3201   1980      0      0 116719 116720      0      0      0      0      0      0 
    0    137     42     40      0      0      0      0      0      0   3201   1980      0      0 116719 116720      0      0      0      0      0      0 
    0    137     42     40      0      0      0      0      0      0   3201   1980      0      0 116719 116720      0      0      0      0      0      0 
    0    137     42     40      0      0      0      0      0      0   3201   1980      0      0 116719 116720      0      0      0      0      0      0 
    0    137     42     40      0      0      0      0      0      0   3201   1980      0      0 116719 116720      0      0      0      0      0      1 
    0    137     42     40      0      0      0      0      0      0   3201   1980      0      0 116719 116720      0      0      0      0      0      0 
    0    137     41     40      0      0      0      0      0      0   3201   1980      0      0 116719 116720      0      0      0      0      0     17 
    0    513     48     52     89     67      0      0      0      0   3201   1965     21      0 116781 116782      0      0      0      0     41     14 
    0    523     49     52     90     68      0      0      0      0   3201   1980     36      0 116781 116782      0      0      0      0     42     15 
    0    520     50     53     89     68      0      0      0      0   3201   1980     28      0 116781 116782      0      0      0      0     86     14 
    0    528     50     53     90     64      0      0      0      0   3201   1965     55      0 116781 116782      0      0      0      0     43     15 
    0    527     51     53     89     68      0      0      0      0   3201   1980      8      0 116781 116782      0      0      0      0     41     14 
    0    523     51     53     89     67      0      0      0      0   3201   1980     28      0 116781 116782      0      0      0      0     50     15 
    0    524     51     54     89     65      0      0      0      0   3201   1965     22      0 116781 116782      0      0      0      0     43     14 
    0    527     52     53     89     68      0      0      0      0   3201   1980     35      0 116781 116782      0      0      0      0     44     15 
    0    530     52     53     89     67      0      0      0      0   3201   1980     34      0 116781 116782      0      0      0      0     41     14 
    0    529     52     54     87     66      0      0      0      0   3201   1965     61      0 116781 116782      0      0      0      0     62     47 
    0    525     53     55     89     67      0      0      0      0   3201   1980     28      0 116781 116782      0      0      0      0     42     14 
    0    529     53     56     89     67      0      0      0      0   3201   1980      0      0 116781 116782      0      0      0      0     45     15 
    0    529     53     55     89     68      0      0      0      0   3201   1980      0      0 116781 116782      0      0      0      0     42     14 
    0    528     53     54     89     67      0      0      0      0   3201   1980      0      0 116781 116782      0      0      0      0     41     15 
    0    535     54     55     88     67      0      0      0      0   3201   1980      0      0 116781 116782      0      0      0      0     41     14 
    0    529     54     56     89     68      0      0      0      0   3201   1980      0      0 116781 116782      0      0      0      0     43     15 
    0    530     54     57     89     67      0      0      0      0   3201   1980      0      0 116781 116782      0      0      0      0     45     14 
    0    536     57     55     89     68      0      0      0      0   3201   1980      0      0 116781 116782      0      0      0      0     41     15 
    0    531     54     57     89     67      0      0      0      0   3201   1980      0      0 116781 116782      0      0      0      0     41     14 
    0    531     54     56     88     67      0      0      0      0   3201   1980     27      0 116781 116782      0      0      0      0     44     15 
    0    537     55     58     89     63      0      0      0      0   3201   1980      0      0 116781 116782      0      0      0      0     43     13 
    0    532     55     57     89     68      0      0      0      0   3201   1980      0      0 116781 116782      0      0      0      0     45     14 
    0    529     55     57     88     66      0      0      0      0   3201   1980      0      0 116781 116782      0      0      0      0     43     14 
    0    535     55     57     89     67      0      0      0      0   3201   1980      0      0 116781 116782      0      0      0      0     44     14 
    0    530     55     56     89     68      0      0      0      0   3201   1980      0      0 116781 116782      0      0      0      0     45     13 
    0    529     55     56     89     67      0      0      0      0   3201   1980     28      0 116781 116782      0      0      0      0     45     14 
    0    534     55     57     89     67      0      0      0      0   3201   1980      0      0 116781 116782      0      0      0      0     45     14 
    0    533     55     57     89     67      0      0      0      0   3201   1980     27      0 116781 116782      0      0      0      0     44     14 
    0    533     55     58     89     67      0      0      0      0   3201   1980      0      0 116781 116782      0      0      0      0     41     14 
    0    536     56     57     89     63      0      0      0      0   3201   1980      0      0 116781 116782      0      0      0      0     45     14 
    0    534     56     57     89     67      0      0      0      0   3201   1965     30      0 116781 116782      0      0      0      0     45     14 
# gpu    pwr  gtemp  mtemp     sm    mem    enc    dec    jpg    ofa   mclk   pclk  pviol  tviol     fb   bar1   ccpm  sbecc  dbecc    pci  rxpci  txpci 
# Idx      W      C      C      %      %      %      %      %      %    MHz    MHz      %   bool     MB     MB     MB   errs   errs   errs   MB/s   MB/s 
    0    531     56     58     89     68      0      0      0      0   3201   1980     28      0 116781 116782      0      0      0      0     41     14 
    0    536     56     58     89     67      0      0      0      0   3201   1980      0      0 116781 116782      0      0      0      0     43     13 
    0    532     56     56     89     67      0      0      0      0   3201   1980      0      0 116781 116782      0      0      0      0     41     14 
    0    533     56     58     89     68      0      0      0      0   3201   1980      0      0 116781 116782      0      0      0      0     45     14 
    0    543     56     58     89     68      0      0      0      0   3201   1965     17      0 116781 116782      0      0      0      0     45     14 
    0    536     56     57     89     67      0      0      0      0   3201   1980     10      0 116781 116782      0      0      0      0     45     14 
    0    535     56     56     89     68      0      0      0      0   3201   1980      0      0 116781 116782      0      0      0      0     41     14 
    0    541     57     58     89     63      0      0      0      0   3201   1980      0      0 116781 116782      0      0      0      0     44     14 
    0    535     57     59     89     67      0      0      0      0   3201   1980      0      0 116781 116782      0      0      0      0     41     14 
    0    532     57     57     89     67      0      0      0      0   3201   1980      0      0 116781 116782      0      0      0      0     41     18 
    0    535     57     59     89     67      0      0      0      0   3201   1980      0      0 116781 116782      0      0      0      0     41     14 
    0    535     57     59     88     67      0      0      0      0   3201   1980      0      0 116781 116782      0      0      0      0     42     13 
    0    537     57     57     89     68      0      0      0      0   3201   1980      0      0 116781 116782      0      0      0      0     84     14 
    0    537     57     59     89     63      0      0      0      0   3201   1980      0      0 116781 116782      0      0      0      0     44     14 
    0    531     57     60     89     67      0      0      0      0   3201   1980      0      0 116781 116782      0      0      0      0     41     14 
    0    535     57     59     89     68      0      0      0      0   3201   1980      0      0 116781 116782      0      0      0      0     44     14 
    0    540     57     59     89     63      0      0      0      0   3201   1980      0      0 116781 116782      0      0      0      0     45     14 
    0    534     57     58     89     68      0      0      0      0   3201   1980      0      0 116781 116782      0      0      0      0     43     14 
    0    533     57     58     89     68      0      0      0      0   3201   1980      0      0 116781 116782      0      0      0      0     41     14 
    0    536     57     58     89     68      0      0      0      0   3201   1980      0      0 116781 116782      0      0      0      0     42     14 
    0    532     57     60     89     67      0      0      0      0   3201   1980      0      0 116781 116782      0      0      0      0     41     13 
    0    532     57     59     89     68      0      0      0      0   3201   1980     34      0 116781 116782      0      0      0      0     41     14 
    0    531     57     58     88     67      0      0      0      0   3201   1965     55      0 116781 116782      0      0      0      0     41     14 
    0    535     57     59     89     68      0      0      0      0   3201   1980     28      0 116781 116782      0      0      0      0     42     14 
    0    538     58     60     88     67      0      0      0      0   3201   1950     38      0 116781 116782      0      0      0      0     43     13 
    0    533     57     60     89     67      0      0      0      0   3201   1965     54      0 116781 116782      0      0      0      0     41     14 
    0    536     58     59     89     68      0      0      0      0   3201   1980     32      0 116781 116782      0      0      0      0     41     14 
    0    540     60     59     89     68      0      0      0      0   3201   1980     30      0 116781 116782      0      0      0      0     44     13 
    0    533     58     59     89     68      0      0      0      0   3201   1980     28      0 116781 116782      0      0      0      0     41     14 
    0    538     58     60     89     67      0      0      0      0   3201   1980      0      0 116781 116782      0      0      0      0     41     14 
    0    540     58     59     90     64      0      0      0      0   3201   1965     42      0 116781 116782      0      0      0      0     41     21 
    0    532     58     59     88     66      0      0      0      0   3201   1980     17      0 116781 116782      0      0      0      0     41     14 
    0    536     58     59     89     68      0      0      0      0   3201   1980      0      0 116781 116782      0      0      0      0     42     14 
    0    540     58     59     89     68      0      0      0      0   3201   1965     14      0 116781 116782      0      0      0      0     41     14 
    0    533     58     60     88     67      0      0      0      0   3201   1980     46      0 116781 116782      0      0      0      0     45     14 
    0    535     58     60     89     68      0      0      0      0   3201   1980     32      0 116781 116782      0      0      0      0     45     14 
    0    539     58     60     89     66      0      0      0      0   3201   1965     18      0 116781 116782      0      0      0      0     41     14 
    0    532     58     60     89     68      0      0      0      0   3201   1980     41      0 116781 116782      0      0      0      0     43     13 
    0    535     58     59     89     67      0      0      0      0   3201   1980     29      0 116781 116782      0      0      0      0     41     16 
    0    533     58     59     89     62      0      0      0      0   3201   1980     28      0 116781 116782      0      0      0      0     44     14 
    0    535     58     61     89     67      0      0      0      0   3201   1980      0      0 116781 116782      0      0      0      0     42     13 
    0    535     58     60     89     68      0      0      0      0   3201   1980      0      0 116781 116782      0      0      0      0     43     18 
    0    538     58     59     89     67      0      0      0      0   3201   1980      0      0 116781 116782      0      0      0      0     41     14 
    0    535     58     59     89     67      0      0      0      0   3201   1980      0      0 116781 116782      0      0      0      0     43     15 
# gpu    pwr  gtemp  mtemp     sm    mem    enc    dec    jpg    ofa   mclk   pclk  pviol  tviol     fb   bar1   ccpm  sbecc  dbecc    pci  rxpci  txpci 
# Idx      W      C      C      %      %      %      %      %      %    MHz    MHz      %   bool     MB     MB     MB   errs   errs   errs   MB/s   MB/s 
    0    536     58     61     89     68      0      0      0      0   3201   1980      0      0 116781 116782      0      0      0      0     86     14 
    0    541     58     59     89     63      0      0      0      0   3201   1965     24      0 116781 116782      0      0      0      0     44     15 
    0    537     58     59     89     68      0      0      0      0   3201   1980      2      0 116781 116782      0      0      0      0     45     14 
    0    533     58     58     89     67      0      0      0      0   3201   1980      0      0 116781 116782      0      0      0      0     41     15 
    0    537     58     60     86     61      0      0      0      0   3201   1980      0      0 116781 116782      0      0      0      0     45     14 
    0    539     58     59     89     68      0      0      0      0   3201   1980      0      0 116781 116782      0      0      0      0     45     15 
    0    541     58     60     89     68      0      0      0      0   3201   1980      0      0 116781 116782      0      0      0      0     41     14 
    0    539     58     58     89     68      0      0      0      0   3201   1980      0      0 116781 116782      0      0      0      0     41     15 
    0    537     58     60     89     68      0      0      0      0   3201   1980      0      0 116781 116782      0      0      0      0     41     14 
    0    539     58     60     89     68      0      0      0      0   3201   1980      0      0 116781 116782      0      0      0      0     42     15 
    0    535     58     60     89     68      0      0      0      0   3201   1980      0      0 116781 116782      0      0      0      0     42     13 
    0    536     58     59     89     67      0      0      0      0   3201   1980      0      0 116781 116782      0      0      0      0     43     15 
    0    540     59     58     89     68      0      0      0      0   3201   1980      0      0 116781 116782      0      0      0      0     43     14 
    0    536     58     60     89     67      0      0      0      0   3201   1980      0      0 116781 116782      0      0      0      0     45     15 
    0    536     58     59     89     68      0      0      0      0   3201   1980     32      0 116781 116782      0      0      0      0     43     14 
    0    543     61     60     89     67      0      0      0      0   3201   1980      0      0 116781 116782      0      0      0      0     45     15 
    0    537     58     60     89     68      0      0      0      0   3201   1980      0      0 116781 116782      0      0      0      0     42     14 
    0    535     58     59     89     67      0      0      0      0   3201   1980      0      0 116781 116782      0      0      0      0     42     14 
    0    541     59     59     89     63      0      0      0      0   3201   1980      0      0 116781 116782      0      0      0      0     43     13 
    0    532     58     60     89     68      0      0      0      0   3201   1980      0      0 116781 116782      0      0      0      0     43     15 
    0    537     58     59     89     67      0      0      0      0   3201   1980      0      0 116781 116782      0      0      0      0     43     13 
    0    533     59     60     89     67      0      0      0      0   3201   1980      0      0 116781 116782      0      0      0      0     41     15 
    0    534     58     61     89     67      0      0      0      0   3201   1980      0      0 116781 116782      0      0      0      0     43     14 
    0    536     58     60     89     68      0      0      0      0   3201   1980      0      0 116781 116782      0      0      0      0     44     15 
    0    538     59     61     88     67      0      0      0      0   3201   1980      0      0 116781 116782      0      0      0      0     41     14 
    0    538     58     61     88     67      0      0      0      0   3201   1980      0      0 116781 116782      0      0      0      0     41     15 
    0    534     58     61     89     67      0      0      0      0   3201   1980      0      0 116781 116782      0      0      0      0     41     13 
    0    536     59     61     89     63      0      0      0      0   3201   1980      0      0 116781 116782      0      0      0      0     43     15 
    0    535     58     59     88     67      0      0      0      0   3201   1980      0      0 116781 116782      0      0      0      0     42     14 
    0    537     58     59     89     67      0      0      0      0   3201   1980      0      0 116781 116782      0      0      0      0     45     15 
    0    539     59     61     89     67      0      0      0      0   3201   1980      0      0 116781 116782      0      0      0      0     41     14 
    0    540     59     59     89     68      0      0      0      0   3201   1980      0      0 116781 116782      0      0      0      0     41     15 
    0    540     59     60     89     68      0      0      0      0   3201   1980     28      0 116781 116782      0      0      0      0     48     17 
    0    538     59     59     88     66      0      0      0      0   3201   1980      0      0 116781 116782      0      0      0      0     43     15 
    0    533     59     62     89     67      0      0      0      0   3201   1980      0      0 116781 116782      0      0      0      0     43     14 
    0    536     59     60     89     68      0      0      0      0   3201   1980      0      0 116781 116782      0      0      0      0     62     17 
    0    540     59     60     89     63      0      0      0      0   3201   1980      0      0 116781 116782      0      0      0      0     41     14 
    0    536     59     60     89     67      0      0      0      0   3201   1980      0      0 116781 116782      0      0      0      0     44     15 
    0    537     59     61     89     68      0      0      0      0   3201   1980      0      0 116781 116782      0      0      0      0     41     14 
    0    537     59     62     88     67      0      0      0      0   3201   1980      0      0 116781 116782      0      0      0      0     44     16 
    0    538     59     61     88     67      0      0      0      0   3201   1980      0      0 116781 116782      0      0      0      0     42     13 
    0    532     58     59     89     66      0      0      0      0   3201   1980      0      0 116781 116782      0      0      0      0     43     15 
    0    532     59     59     89     68      0      0      0      0   3201   1980      0      0 116781 116782      0      0      0      0     43     14 
    0    533     59     61     88     66      0      0      0      0   3201   1980      0      0 116781 116782      0      0      0      0     44     15 
# gpu    pwr  gtemp  mtemp     sm    mem    enc    dec    jpg    ofa   mclk   pclk  pviol  tviol     fb   bar1   ccpm  sbecc  dbecc    pci  rxpci  txpci 
# Idx      W      C      C      %      %      %      %      %      %    MHz    MHz      %   bool     MB     MB     MB   errs   errs   errs   MB/s   MB/s 
    0    532     59     61     89     67      0      0      0      0   3201   1980     28      0 116781 116782      0      0      0      0     50     14 
    0    541     59     60     89     63      0      0      0      0   3201   1980      0      0 116781 116782      0      0      0      0     41     14 
    0    538     59     61     89     67      0      0      0      0   3201   1980      0      0 116781 116782      0      0      0      0     43     14 
    0    538     59     61     89     68      0      0      0      0   3201   1980      0      0 116781 116782      0      0      0      0     41     15 
    0    536     59     61     89     66      0      0      0      0   3201   1980      0      0 116781 116782      0      0      0      0     41     14 
    0    533     59     60     89     67      0      0      0      0   3201   1980      0      0 116781 116782      0      0      0      0     45     14 
    0    535     59     61     89     68      0      0      0      0   3201   1980      0      0 116781 116782      0      0      0      0     42     14 
    0    538     59     61     89     68      0      0      0      0   3201   1980      0      0 116781 116782      0      0      0      0     45     14 
    0    536     59     60     88     67      0      0      0      0   3201   1980      0      0 116781 116782      0      0      0      0     44     14 
    0    537     59     60     87     66      0      0      0      0   3201   1980      0      0 116781 116782      0      0      0      0     43     13 
    0    538     59     60     89     68      0      0      0      0   3201   1980      0      0 116781 116782      0      0      0      0     41     14 
    0    537     59     60     89     68      0      0      0      0   3201   1980      0      0 116781 116782      0      0      0      0     45     14 
    0    539     59     60     88     67      0      0      0      0   3201   1980      0      0 116781 116782      0      0      0      0     42     14 
    0    540     59     59     88     67      0      0      0      0   3201   1980      0      0 116781 116782      0      0      0      0     45     14 
    0    537     59     61     89     67      0      0      0      0   3201   1980      0      0 116781 116782      0      0      0      0     41     14 
    0    536     61     60     88     67      0      0      0      0   3201   1965     11      0 116781 116782      0      0      0      0     41     14 
    0    536     59     60     89     68      0      0      0      0   3201   1980     49      0 116781 116782      0      0      0      0     45     14 
    0    533     59     60     89     67      0      0      0      0   3201   1980      0      0 116781 116782      0      0      0      0     42     14 
    0    539     59     62     89     68      0      0      0      0   3201   1980      0      0 116781 116782      0      0      0      0     43     14 
    0    538     59     61     89     68      0      0      0      0   3201   1980      0      0 116781 116782      0      0      0      0     43     14 
    0    534     59     61     88     67      0      0      0      0   3201   1980      0      0 116781 116782      0      0      0      0     45     14 
    0    540     59     60     88     67      0      0      0      0   3201   1980      0      0 116781 116782      0      0      0      0     42     14 
    0    536     59     61     89     68      0      0      0      0   3201   1980      0      0 116781 116782      0      0      0      0     43     14 
    0    536     59     60     89     67      0      0      0      0   3201   1980      0      0 116781 116782      0      0      0      0     41     13 
    0    538     59     60     89     63      0      0      0      0   3201   1980      0      0 116781 116782      0      0      0      0     43     14 
    0    535     59     61     89     67      0      0      0      0   3201   1980      0      0 116781 116782      0      0      0      0     41     14 
    0    532     59     60     89     68      0      0      0      0   3201   1980     32      0 116781 116782      0      0      0      0     41     15 
    0    541     59     60     89     67      0      0      0      0   3201   1980      0      0 116781 116782      0      0      0      0     43     14 
    0    535     59     60     89     67      0      0      0      0   3201   1980      0      0 116781 116782      0      0      0      0     41     14 
    0    538     59     61     89     68      0      0      0      0   3201   1980      0      0 116781 116782      0      0      0      0     41      0 
