# gpu    pwr  gtemp  mtemp     sm    mem    enc    dec    jpg    ofa   mclk   pclk  pviol  tviol     fb   bar1   ccpm  sbecc  dbecc    pci  rxpci  txpci 
# Idx      W      C      C      %      %      %      %      %      %    MHz    MHz      %   bool     MB     MB     MB   errs   errs   errs   MB/s   MB/s 
    0    173     47     44     15     12      0      0      0      0   3201   1980      0      0 116719 116720      0      0      0      0      0      0 
    0    140     43     42      0      0      0      0      0      0   3201   1980      0      0 116719 116720      0      0      0      0      0      1 
    0    138     43     41      0      0      0      0      0      0   3201   1980      0      0 116719 116720      0      0      0      0      0      0 
    0    138     43     41      0      0      0      0      0      0   3201   1980      0      0 116719 116720      0      0      0      0      0      1 
    0    138     43     41      0      0      0      0      0      0   3201   1980      0      0 116719 116720      0      0      0      0      0      0 
    0    138     42     41      0      0      0      0      0      0   3201   1980      0      0 116719 116720      0      0      0      0      0      0 
    0    137     42     40      0      0      0      0      0      0   3201   1980      0      0 116719 116720      0      0      0      0      0      0 
    0    137     42     40      0      0      0      0      0      0   3201   1980      0      0 116719 116720      0      0      0      0      0      0 
    0    137     42     40      0      0      0      0      0      0   3201   1980      0      0 116719 116720      0      0      0      0      0      0 
    0    137     42     40      0      0      0      0      0      0   3201   1980      0      0 116719 116720      0      0      0      0      0      0 
    0    137     42     40      0      0      0      0      0      0   3201   1980      0      0 116719 116720      0      0      0      0      0      0 
    0    137     41     40      0      0      0      0      0      0   3201   1980      0      0 116719 116720      0      0      0      0      0      0 
    0    137     41     39      0      0      0      0      0      0   3201   1980      0      0 116719 116720      0      0      0      0      0      0 
    0    412     48     50     89     68      0      0      0      0   3201   1980      0      0 116781 116782      0      0      0      0     85     13 
    0    528     49     52     89     68      0      0      0      0   3201   1980      0      0 116781 116782      0      0      0      0     45     13 
    0    524     50     52     89     68      0      0      0      0   3201   1980      0      0 116781 116782      0      0      0      0     44     13 
    0    522     50     52     89     67      0      0      0      0   3201   1980      0      0 116781 116782      0      0      0      0     41     14 
    0    529     51     53     89     67      0      0      0      0   3201   1980      0      0 116781 116782      0      0      0      0     42     13 
    0    525     51     54     89     68      0      0      0      0   3201   1980      0      0 116781 116782      0      0      0      0     42     13 
    0    524     51     53     89     67      0      0      0      0   3201   1980      0      0 116781 116782      0      0      0      0     40     13 
    0    530     52     54     89     68      0      0      0      0   3201   1980      0      0 116781 116782      0      0      0      0     41     13 
    0    527     52     55     89     68      0      0      0      0   3201   1980      0      0 116781 116782      0      0      0      0     40     13 
    0    528     52     54     89     67      0      0      0      0   3201   1980      0      0 116781 116782      0      0      0      0     43     13 
    0    525     52     55     89     68      0      0      0      0   3201   1980      0      0 116781 116782      0      0      0      0     43     13 
    0    527     52     54     89     67      0      0      0      0   3201   1980      0      0 116781 116782      0      0      0      0     40     13 
    0    532     56     54     89     63      0      0      0      0   3201   1980      0      0 116781 116782      0      0      0      0     44     13 
    0    525     53     55     89     67      0      0      0      0   3201   1980      0      0 116781 116782      0      0      0      0     43     13 
    0    526     53     55     89     67      0      0      0      0   3201   1980      0      0 116781 116782      0      0      0      0     40     13 
    0    530     53     56     89     68      0      0      0      0   3201   1980      0      0 116781 116782      0      0      0      0     44     13 
    0    528     53     56     89     68      0      0      0      0   3201   1980     27      0 116781 116782      0      0      0      0     45     13 
    0    528     54     56     89     67      0      0      0      0   3201   1980     30      0 116781 116782      0      0      0      0     45     13 
    0    534     54     55     89     64      0      0      0      0   3201   1980      0      0 116781 116782      0      0      0      0     40     13 
    0    531     54     56     89     67      0      0      0      0   3201   1980      0      0 116781 116782      0      0      0      0     41     14 
    0    529     54     56     89     67      0      0      0      0   3201   1980      0      0 116781 116782      0      0      0      0     40     14 
    0    534     55     56     89     66      0      0      0      0   3201   1980      0      0 116781 116782      0      0      0      0     40     15 
    0    530     54     55     89     67      0      0      0      0   3201   1980     29      0 116781 116782      0      0      0      0     45     13 
    0    531     55     56     89     67      0      0      0      0   3201   1980     34      0 116781 116782      0      0      0      0     44     14 
    0    539     55     57     89     68      0      0      0      0   3201   1980     30      0 116781 116782      0      0      0      0     40     13 
    0    535     55     56     89     68      0      0      0      0   3201   1980      0      0 116781 116782      0      0      0      0     43     14 
    0    534     55     57     89     68      0      0      0      0   3201   1980      0      0 116781 116782      0      0      0      0     64     16 
    0    535     55     57     89     63      0      0      0      0   3201   1980      0      0 116781 116782      0      0      0      0     42     14 
    0    532     55     56     89     68      0      0      0      0   3201   1980     29      0 116781 116782      0      0      0      0     40     13 
    0    535     55     56     89     68      0      0      0      0   3201   1980     28      0 116781 116782      0      0      0      0     66     14 
    0    534     55     57     89     67      0      0      0      0   3201   1965     56      0 116781 116782      0      0      0      0     43     13 
# gpu    pwr  gtemp  mtemp     sm    mem    enc    dec    jpg    ofa   mclk   pclk  pviol  tviol     fb   bar1   ccpm  sbecc  dbecc    pci  rxpci  txpci 
# Idx      W      C      C      %      %      %      %      %      %    MHz    MHz      %   bool     MB     MB     MB   errs   errs   errs   MB/s   MB/s 
    0    531     55     58     89     68      0      0      0      0   3201   1980      2      0 116781 116782      0      0      0      0     42     14 
    0    536     56     58     89     68      0      0      0      0   3201   1980      0      0 116781 116782      0      0      0      0     40     13 
    0    536     56     56     89     67      0      0      0      0   3201   1980      0      0 116781 116782      0      0      0      0     40     15 
    0    531     56     58     89     67      0      0      0      0   3201   1980      0      0 116781 116782      0      0      0      0     40     13 
    0    535     56     58     89     68      0      0      0      0   3201   1980      0      0 116781 116782      0      0      0      0     43     14 
    0    535     56     58     89     67      0      0      0      0   3201   1980      0      0 116781 116782      0      0      0      0     42     13 
    0    533     56     58     89     68      0      0      0      0   3201   1980      0      0 116781 116782      0      0      0      0     40     15 
    0    536     56     58     89     68      0      0      0      0   3201   1980      0      0 116781 116782      0      0      0      0     40     13 
    0    534     56     59     89     67      0      0      0      0   3201   1980      0      0 116781 116782      0      0      0      0     41     14 
    0    531     56     58     89     67      0      0      0      0   3201   1980      0      0 116781 116782      0      0      0      0     44     13 
    0    536     56     57     89     63      0      0      0      0   3201   1980      0      0 116781 116782      0      0      0      0     45     13 
    0    534     56     59     89     68      0      0      0      0   3201   1980      0      0 116781 116782      0      0      0      0     40     13 
    0    530     56     57     89     66      0      0      0      0   3201   1980      0      0 116781 116782      0      0      0      0     40     13 
    0    539     57     57     89     65      0      0      0      0   3201   1965     10      0 116781 116782      0      0      0      0     42     13 
    0    535     57     59     89     68      0      0      0      0   3201   1965     54      0 116781 116782      0      0      0      0     40     13 
    0    531     57     57     89     67      0      0      0      0   3201   1980     32      0 116781 116782      0      0      0      0     40     13 
    0    539     58     59     89     67      0      0      0      0   3201   1980      0      0 116781 116782      0      0      0      0     41     13 
    0    537     57     58     89     68      0      0      0      0   3201   1980      0      0 116781 116782      0      0      0      0     41     13 
    0    536     57     57     89     68      0      0      0      0   3201   1980      0      0 116781 116782      0      0      0      0     42     13 
    0    536     57     58     89     63      0      0      0      0   3201   1980      0      0 116781 116782      0      0      0      0     40     13 
    0    538     57     59     89     67      0      0      0      0   3201   1980      0      0 116781 116782      0      0      0      0     40     13 
    0    536     57     59     89     67      0      0      0      0   3201   1980      0      0 116781 116782      0      0      0      0     45     13 
    0    540     58     59     89     68      0      0      0      0   3201   1980      0      0 116781 116782      0      0      0      0     43     13 
    0    536     57     61     89     68      0      0      0      0   3201   1980      0      0 116781 116782      0      0      0      0     40     13 
    0    534     57     59     89     67      0      0      0      0   3201   1980      0      0 116781 116782      0      0      0      0     43     16 
    0    537     58     58     89     65      0      0      0      0   3201   1980      0      0 116781 116782      0      0      0      0     40     13 
    0    538     57     58     89     67      0      0      0      0   3201   1980      0      0 116781 116782      0      0      0      0     40     13 
    0    534     57     59     89     67      0      0      0      0   3201   1980      0      0 116781 116782      0      0      0      0     41     18 
    0    541     58     58     89     63      0      0      0      0   3201   1980      0      0 116781 116782      0      0      0      0     41     14 
    0    538     57     59     89     67      0      0      0      0   3201   1980     32      0 116781 116782      0      0      0      0     41     14 
    0    534     57     59     89     66      0      0      0      0   3201   1980     31      0 116781 116782      0      0      0      0     85     13 
    0    535     58     60     89     67      0      0      0      0   3201   1980      0      0 116781 116782      0      0      0      0     44     13 
    0    537     58     58     89     67      0      0      0      0   3201   1980     34      0 116781 116782      0      0      0      0     45     13 
    0    534     58     60     89     67      0      0      0      0   3201   1980     27      0 116781 116782      0      0      0      0     55     13 
    0    539     58     59     89     68      0      0      0      0   3201   1980      0      0 116781 116782      0      0      0      0     40     14 
    0    538     58     60     89     68      0      0      0      0   3201   1980      0      0 116781 116782      0      0      0      0     41     14 
    0    535     58     59     89     67      0      0      0      0   3201   1980      0      0 116781 116782      0      0      0      0     44     13 
    0    540     58     60     90     65      0      0      0      0   3201   1980      0      0 116781 116782      0      0      0      0     44     13 
    0    538     58     60     89     68      0      0      0      0   3201   1980     29      0 116781 116782      0      0      0      0     43     13 
    0    538     58     60     89     68      0      0      0      0   3201   1980     32      0 116781 116782      0      0      0      0     45     13 
    0    539     58     58     89     67      0      0      0      0   3201   1980      0      0 116781 116782      0      0      0      0     43     13 
    0    535     58     60     89     66      0      0      0      0   3201   1980      0      0 116781 116782      0      0      0      0     41     13 
    0    540     58     59     88     63      0      0      0      0   3201   1980      0      0 116781 116782      0      0      0      0     43     13 
    0    537     58     59     89     68      0      0      0      0   3201   1965     30      0 116781 116782      0      0      0      0     43     13 
# gpu    pwr  gtemp  mtemp     sm    mem    enc    dec    jpg    ofa   mclk   pclk  pviol  tviol     fb   bar1   ccpm  sbecc  dbecc    pci  rxpci  txpci 
# Idx      W      C      C      %      %      %      %      %      %    MHz    MHz      %   bool     MB     MB     MB   errs   errs   errs   MB/s   MB/s 
    0    541     58     60     89     67      0      0      0      0   3201   1980     32      0 116781 116782      0      0      0      0     43     13 
    0    545     58     59     89     68      0      0      0      0   3201   1980     30      0 116781 116782      0      0      0      0     40     13 
    0    538     58     60     89     67      0      0      0      0   3201   1980      0      0 116781 116782      0      0      0      0     43     13 
    0    538     58     60     89     67      0      0      0      0   3201   1980      0      0 116781 116782      0      0      0      0     45     14 
    0    540     59     60     89     63      0      0      0      0   3201   1980      0      0 116781 116782      0      0      0      0     47     13 
    0    537     58     61     89     68      0      0      0      0   3201   1980      0      0 116781 116782      0      0      0      0     41     14 
    0    539     58     60     89     67      0      0      0      0   3201   1980      0      0 116781 116782      0      0      0      0     40     14 
    0    542     59     59     90     65      0      0      0      0   3201   1980      0      0 116781 116782      0      0      0      0     42     14 
    0    538     58     59     89     68      0      0      0      0   3201   1980     31      0 116781 116782      0      0      0      0     42     13 
    0    539     58     61     89     67      0      0      0      0   3201   1980     32      0 116781 116782      0      0      0      0     44     18 
    0    537     59     61     89     68      0      0      0      0   3201   1980     29      0 116781 116782      0      0      0      0     40     13 
    0    537     59     60     89     67      0      0      0      0   3201   1980      0      0 116781 116782      0      0      0      0     40     15 
    0    539     59     61     89     68      0      0      0      0   3201   1980      0      0 116781 116782      0      0      0      0     45     18 
    0    545     59     61     89     63      0      0      0      0   3201   1980      0      0 116781 116782      0      0      0      0     40     14 
    0    541     59     61     89     67      0      0      0      0   3201   1980      0      0 116781 116782      0      0      0      0     41     13 
    0    541     59     61     89     67      0      0      0      0   3201   1980      0      0 116781 116782      0      0      0      0     42     14 
    0    540     59     59     89     68      0      0      0      0   3201   1980      0      0 116781 116782      0      0      0      0     41     13 
    0    536     59     60     89     67      0      0      0      0   3201   1980      0      0 116781 116782      0      0      0      0     45     14 
    0    543     59     61     89     68      0      0      0      0   3201   1980     31      0 116781 116782      0      0      0      0     40     13 
    0    542     59     60     89     67      0      0      0      0   3201   1965     59      0 116781 116782      0      0      0      0     40     14 
    0    541     59     62     89     68      0      0      0      0   3201   1980      0      0 116781 116782      0      0      0      0     40     13 
    0    540     59     60     89     68      0      0      0      0   3201   1980      0      0 116781 116782      0      0      0      0     41     14 
    0    540     59     60     89     67      0      0      0      0   3201   1980      0      0 116781 116782      0      0      0      0     41     13 
    0    537     59     60     89     68      0      0      0      0   3201   1980      0      0 116781 116782      0      0      0      0     45     14 
    0    539     59     60     89     67      0      0      0      0   3201   1980      0      0 116781 116782      0      0      0      0     40     14 
    0    540     59     61     89     67      0      0      0      0   3201   1965     32      0 116781 116782      0      0      0      0     42     14 
    0    541     59     60     89     68      0      0      0      0   3201   1980     32      0 116781 116782      0      0      0      0     42     13 
    0    546     59     59     89     63      0      0      0      0   3201   1965     44      0 116781 116782      0      0      0      0     40     15 
    0    535     59     61     89     68      0      0      0      0   3201   1980     19      0 116781 116782      0      0      0      0     40     13 
    0    538     59     60     89     67      0      0      0      0   3201   1980      0      0 116781 116782      0      0      0      0     41     15 
    0    539     59     61     89     63      0      0      0      0   3201   1980      0      0 116781 116782      0      0      0      0     40     13 
    0    539     59     61     89     67      0      0      0      0   3201   1980      0      0 116781 116782      0      0      0      0     40     14 
    0    538     59     60     89     68      0      0      0      0   3201   1980      0      0 116781 116782      0      0      0      0     41     13 
    0    541     59     61     89     68      0      0      0      0   3201   1980      0      0 116781 116782      0      0      0      0     44     14 
    0    542     59     60     89     67      0      0      0      0   3201   1980      0      0 116781 116782      0      0      0      0     42     13 
    0    538     59     61     88     67      0      0      0      0   3201   1980      0      0 116781 116782      0      0      0      0     42     14 
    0    541     59     60     89     63      0      0      0      0   3201   1965     52      0 116781 116782      0      0      0      0     41     13 
    0    539     59     60     89     68      0      0      0      0   3201   1980     42      0 116781 116782      0      0      0      0     40     14 
    0    541     59     60     88     67      0      0      0      0   3201   1980     31      0 116781 116782      0      0      0      0     40     18 
    0    542     59     59     89     67      0      0      0      0   3201   1965     52      0 116781 116782      0      0      0      0     40     15 
    0    537     59     62     89     67      0      0      0      0   3201   1980     11      0 116781 116782      0      0      0      0     44     13 
    0    535     59     59     89     67      0      0      0      0   3201   1980      0      0 116781 116782      0      0      0      0     64     17 
    0    540     59     60     89     68      0      0      0      0   3201   1965     51      0 116781 116782      0      0      0      0     41     13 
    0    541     59     60     89     67      0      0      0      0   3201   1980     43      0 116781 116782      0      0      0      0     40     15 
# gpu    pwr  gtemp  mtemp     sm    mem    enc    dec    jpg    ofa   mclk   pclk  pviol  tviol     fb   bar1   ccpm  sbecc  dbecc    pci  rxpci  txpci 
# Idx      W      C      C      %      %      %      %      %      %    MHz    MHz      %   bool     MB     MB     MB   errs   errs   errs   MB/s   MB/s 
    0    542     60     62     89     68      0      0      0      0   3201   1980      0      0 116781 116782      0      0      0      0     40     13 
    0    540     59     58     89     63      0      0      0      0   3201   1980      0      0 116781 116782      0      0      0      0     40     14 
    0    541     59     62     89     68      0      0      0      0   3201   1980      0      0 116781 116782      0      0      0      0     40     13 
    0    540     59     60     89     67      0      0      0      0   3201   1980      3      0 116781 116782      0      0      0      0     42     14 
    0    537     59     60     89     67      0      0      0      0   3201   1980     29      0 116781 116782      0      0      0      0     40     14 
    0    539     59     60     89     68      0      0      0      0   3201   1980      0      0 116781 116782      0      0      0      0     41     14 
    0    542     60     61     89     64      0      0      0      0   3201   1980      0      0 116781 116782      0      0      0      0     42     13 
    0    540     59     61     89     67      0      0      0      0   3201   1980      0      0 116781 116782      0      0      0      0     42     13 
    0    538     59     60     89     68      0      0      0      0   3201   1980      0      0 116781 116782      0      0      0      0     44     13 
    0    544     61     58     88     67      0      0      0      0   3201   1980      0      0 116781 116782      0      0      0      0     41     13 
    0    541     59     61     89     68      0      0      0      0   3201   1980      0      0 116781 116782      0      0      0      0     43     13 
    0    536     59     61     89     66      0      0      0      0   3201   1980      0      0 116781 116782      0      0      0      0     42     13 
    0    542     60     62     89     67      0      0      0      0   3201   1965     43      0 116781 116782      0      0      0      0     42     13 
    0    539     59     60     89     67      0      0      0      0   3201   1980     22      0 116781 116782      0      0      0      0     40     14 
    0    535     59     59     89     67      0      0      0      0   3201   1980      0      0 116781 116782      0      0      0      0     42     13 
    0    539     60     60     89     63      0      0      0      0   3201   1980      0      0 116781 116782      0      0      0      0     40     14 
    0    539     59     62     89     67      0      0      0      0   3201   1980      0      0 116781 116782      0      0      0      0     40     13 
    0    539     59     61     89     68      0      0      0      0   3201   1980      0      0 116781 116782      0      0      0      0     42     13 
    0    541     60     60     89     67      0      0      0      0   3201   1980      0      0 116781 116782      0      0      0      0     43     13 
    0    539     59     62     89     68      0      0      0      0   3201   1980      0      0 116781 116782      0      0      0      0     44     13 
    0    537     59     61     89     67      0      0      0      0   3201   1980      0      0 116781 116782      0      0      0      0     40     13 
    0    539     60     61     89     68      0      0      0      0   3201   1980      0      0 116781 116782      0      0      0      0     40     14 
    0    534     59     62     89     67      0      0      0      0   3201   1980     29      0 116781 116782      0      0      0      0     41     14 
    0    535     59     61     89     68      0      0      0      0   3201   1980     32      0 116781 116782      0      0      0      0     43     13 
    0    543     60     61     89     63      0      0      0      0   3201   1965     17      0 116781 116782      0      0      0      0     41     14 
    0    536     59     59     89     68      0      0      0      0   3201   1980     42      0 116781 116782      0      0      0      0     40     14 
    0    536     59     60     89     66      0      0      0      0   3201   1980     28      0 116781 116782      0      0      0      0     40     13 
    0    536     59     62     89     65      0      0      0      0   3201   1965     18      0 116781 116782      0      0      0      0     40     14 
    0    536     59     59     89     68      0      0      0      0   3201   1980     40      0 116781 116782      0      0      0      0     41     13 
    0    537     59     60     89     67      0      0      0      0   3201   1980     32      0 116781 116782      0      0      0      0     44      7 
