# gpu    pwr  gtemp  mtemp     sm    mem    enc    dec    jpg    ofa   mclk   pclk  pviol  tviol     fb   bar1   ccpm  sbecc  dbecc    pci  rxpci  txpci 
# Idx      W      C      C      %      %      %      %      %      %    MHz    MHz      %   bool     MB     MB     MB   errs   errs   errs   MB/s   MB/s 
    0    161     56     52      0      0      0      0      0      0   3201   1980      0      0 116719 116720      0      0      0      0      0      0 
    0    152     54     50      0      0      0      0      0      0   3201   1980      0      0 116719 116720      0      0      0      0      0      0 
    0    150     54     50      0      0      0      0      0      0   3201   1980      0      0 116719 116720      0      0      0      0      0      0 
    0    149     53     49      0      0      0      0      0      0   3201   1980      0      0 116719 116720      0      0      0      0      0      0 
    0    148     53     49      0      0      0      0      0      0   3201   1980      0      0 116719 116720      0      0      0      0      0      0 
    0    148     53     49      0      0      0      0      0      0   3201   1980      0      0 116719 116720      0      0      0      0      0      0 
    0    147     52     49      0      0      0      0      0      0   3201   1980      0      0 116719 116720      0      0      0      0      0      0 
    0    147     52     48      0      0      0      0      0      0   3201   1980      0      0 116719 116720      0      0      0      0      0      0 
    0    147     52     48      0      0      0      0      0      0   3201   1980      0      0 116719 116720      0      0      0      0      0      0 
    0    146     51     48      0      0      0      0      0      0   3201   1980      0      0 116719 116720      0      0      0      0      0      0 
    0    146     51     48      0      0      0      0      0      0   3201   1980      0      0 116719 116720      0      0      0      0      0      0 
    0    146     51     47      0      0      0      0      0      0   3201   1980      0      0 116719 116720      0      0      0      0      0      0 
    0    145     51     47      0      0      0      0      0      0   3201   1980      0      0 116719 116720      0      0      0      0      0      0 
    0    232     51     48     38     29      0      0      0      0   3201   1980      0      0 116825 116826      0      0      0      0      0      0 
    0    317     53     51     89     67      0      0      0      0   3201   1980     33      0 116825 116826      0      0      0      0     53     13 
    0    399     56     56     89     68      0      0      0      0   3201   1980      0      0 116825 116826      0      0      0      0      0      7 
    0    241     51     48      0      0      0      0      0      0   3201   1980      0      0 116825 116826      0      0      0      0      0      0 
    0    231     51     48      0      0      0      0      0      0   3201   1980      0      0 116825 116826      0      0      0      0      0      0 
    0    227     55     54     50     33      0      0      0      0   3201   1965     27      0 116825 116826      0      0      0      0     42     13 
    0    295     53     52     83     63      0      0      0      0   3201   1965     59      0 116825 116826      0      0      0      0      0      0 
    0    316     52     49      0      0      0      0      0      0   3201   1980     36      0 116825 116826      0      0      0      0      0      0 
    0    245     59     56     79     54      0      0      0      0   3201   1980      4      0 116825 116826      0      0      0      0     40     13 
    0    482     55     56     79     54      0      0      0      0   3201   1980     51      0 116825 116826      0      0      0      0      0      0 
    0    232     51     48      0      0      0      0      0      0   3201   1980      0      0 116825 116826      0      0      0      0      0      0 
    0    231     51     48      0      0      0      0      0      0   3201   1980      0      0 116825 116826      0      0      0      0      0      0 
    0    145     50     47      0      0      0      0      0      0   3201   1980      0      0 116825 116826      0      0      0      0      0      0 
    0    230     50     47      0      0      0      0      0      0   3201   1980     27      0 116825 116826      0      0      0      0      0      7 
    0    315     50     47      0      0      0      0      0      0   3201   1980      0      0 116825 116826      0      0      0      0      0      0 
    0    435     56     56     90     62      0      0      0      0   3201   1965     72      0 116825 116826      0      0      0      0     31      0 
    0    162     50     47      0      0      0      0      0      0   3201   1980     12      0 116825 116826      0      0      0      0      0      0 
    0    400     56     57     56     36      0      0      0      0   3201   1980     41      0 116825 116826      0      0      0      0     40     14 
    0    317     55     53     36     21      0      0      0      0   3201   1980     25      0 116825 116826      0      0      0      0     40     13 
    0    434     56     56     89     66      0      0      0      0   3201   1980     49      0 116825 116826      0      0      0      0      0      0 
    0    313     52     51     89     68      0      0      0      0   3201   1980     33      0 116825 116826      0      0      0      0      0      0 
    0    145     50     47      0      0      0      0      0      0   3201   1980      0      0 116825 116826      0      0      0      0      0      0 
    0    380     56     56     74     50      0      0      0      0   3201   1980      0      0 116825 116826      0      0      0      0     16      0 
    0    366     57     56     89     67      0      0      0      0   3201   1770     11      0 116825 116826      0      0      0      0     40     13 
    0    339     55     55     24     12      0      0      0      0   3201   1980     58      0 116825 116826      0      0      0      0     44     15 
    0    540     56     58     89     68      0      0      0      0   3201   1965     87      0 116825 116826      0      0      0      0      6     18 
    0    231     50     48      0      0      0      0      0      0   3201   1980     36      0 116825 116826      0      0      0      0      0      0 
    0    144     49     46      0      0      0      0      0      0   3201   1980      0      0 116825 116826      0      0      0      0      0      0 
    0    462     56     57     88     65      0      0      0      0   3201   1965     72      0 116825 116826      0      0      0      0     44     13 
    0    544     57     59     89     67      0      0      0      0   3201   1965     97      0 116825 116826      0      0      0      0     40     14 
    0    559     58     58     91     64      0      0      0      0   3201   1965     98      0 116825 116826      0      0      0      0      0      0 
# gpu    pwr  gtemp  mtemp     sm    mem    enc    dec    jpg    ofa   mclk   pclk  pviol  tviol     fb   bar1   ccpm  sbecc  dbecc    pci  rxpci  txpci 
# Idx      W      C      C      %      %      %      %      %      %    MHz    MHz      %   bool     MB     MB     MB   errs   errs   errs   MB/s   MB/s 
    0    336     54     52     68     52      0      0      0      0   3201   1965     43      0 116825 116826      0      0      0      0      0      0 
    0    313     52     49     45     34      0      0      0      0   3201   1980     26      0 116825 116826      0      0      0      0      0      0 
    0    145     50     47      0      0      0      0      0      0   3201   1980      0      0 116825 116826      0      0      0      0      0      0 
    0    314     51     48      0      0      0      0      0      0   3201   1980     62      0 116825 116826      0      0      0      0      0      0 
    0    144     49     46      0      0      0      0      0      0   3201   1980      0      0 116825 116826      0      0      0      0      0      0 
    0    300     54     54      7      3      0      0      0      0   3201   1965     20      0 116825 116826      0      0      0      0      0      0 
    0    370     56     55     88     67      0      0      0      0   3201   1920     23      0 116825 116826      0      0      0      0     41     16 
    0    560     57     58     90     62      0      0      0      0   3201   1965     98      0 116825 116826      0      0      0      0     40     17 
    0    543     58     53     72     54      0      0      0      0   3201   1935     94      0 116825 116826      0      0      0      0     43     13 
    0    351     51     49      0      0      0      0      0      0   3201   1980     70      0 116825 116826      0      0      0      0      0      0 
    0    276     56     56     89     67      0      0      0      0   3201   1965     16      0 116825 116826      0      0      0      0      8      0 
    0    325     51     49      0      0      0      0      0      0   3201   1980     48      0 116825 116826      0      0      0      0     61     15 
    0    498     56     57     89     68      0      0      0      0   3201   1980     45      0 116825 116826      0      0      0      0     41     14 
    0    356     56     57     90     62      0      0      0      0   3201   1980     62      0 116825 116826      0      0      0      0      0      0 
    0    325     51     48      0      0      0      0      0      0   3201   1980     48      0 116825 116826      0      0      0      0     40     14 
    0    194     50     47      0      0      0      0      0      0   3201   1980      0      0 116825 116826      0      0      0      0      0      0 
    0    316     55     56     89     67      0      0      0      0   3201   1965     50      0 116825 116826      0      0      0      0      0     16 
    0    361     55     51      0      0      0      0      0      0   3201   1980     35      0 116825 116826      0      0      0      0     44     13 
    0    283     50     47      0      0      0      0      0      0   3201   1980      0      0 116825 116826      0      0      0      0      0      0 
    0    312     55     53     89     68      0      0      0      0   3201   1980     32      0 116825 116826      0      0      0      0      0      0 
    0    236     54     53     89     67      0      0      0      0   3201   1980      0      0 116825 116826      0      0      0      0      0      0 
    0    315     50     47      0      0      0      0      0      0   3201   1980     28      0 116825 116826      0      0      0      0      0      0 
    0    313     50     48     24     19      0      0      0      0   3201   1980     27      0 116825 116826      0      0      0      0      0      0 
    0    249     49     47      0      0      0      0      0      0   3201   1980      0      0 116825 116826      0      0      0      0     44     13 
    0    209     49     46      0      0      0      0      0      0   3201   1980      1      0 116825 116826      0      0      0      0     43     14 
    0    289     49     47     29     22      0      0      0      0   3201   1980     61      0 116825 116826      0      0      0      0      0      0 
    0    315     50     47     36     28      0      0      0      0   3201   1980      0      0 116825 116826      0      0      0      0      0      0 
    0    143     48     45      0      0      0      0      0      0   3201   1980      0      0 116825 116826      0      0      0      0     63     14 
    0    378     54     52     67     45      0      0      0      0   3201   1965     21      0 116825 116826      0      0      0      0      0      1 
    0    428     51     49     87     66      0      0      0      0   3201   1980     59      0 116825 116826      0      0      0      0     40     14 
    0    422     55     52     89     68      0      0      0      0   3201   1980     38      0 116825 116826      0      0      0      0     42     16 
    0    433     55     49      0      0      0      0      0      0   3201   1980     66      0 116825 116826      0      0      0      0     44     13 
    0    333     53     52      8      4      0      0      0      0   3201   1965     14      0 116825 116826      0      0      0      0     42     11 
    0    323     51     49     89     67      0      0      0      0   3201   1980     49      0 116825 116826      0      0      0      0      0      0 
    0    226     53     53     32     18      0      0      0      0   3201   1965     25      0 116825 116826      0      0      0      0     43     14 
    0    275     49     46      0      0      0      0      0      0   3201   1980     35      0 116825 116826      0      0      0      0      0      0 
    0    229     48     46      0      0      0      0      0      0   3201   1980      0      0 116825 116826      0      0      0      0      0      1 
    0    362     54     53     89     67      0      0      0      0   3201   1965     30      0 116825 116826      0      0      0      0     44     13 
    0    190     48     45      0      0      0      0      0      0   3201   1980      2      0 116825 116826      0      0      0      0     40     14 
    0    285     49     46      0      0      0      0      0      0   3201   1980      0      0 116825 116826      0      0      0      0      0      0 
    0    143     47     44      0      0      0      0      0      0   3201   1980      0      0 116825 116826      0      0      0      0      0      0 
    0    142     47     44      0      0      0      0      0      0   3201   1980      0      0 116825 116826      0      0      0      0      0      0 
    0    190     51     50      0      0      0      0      0      0   3201   1965     14      0 116825 116826      0      0      0      0     43     15 
    0    276     51     48     17      8      0      0      0      0   3201   1980     16      0 116825 116826      0      0      0      0     40     13 
# gpu    pwr  gtemp  mtemp     sm    mem    enc    dec    jpg    ofa   mclk   pclk  pviol  tviol     fb   bar1   ccpm  sbecc  dbecc    pci  rxpci  txpci 
# Idx      W      C      C      %      %      %      %      %      %    MHz    MHz      %   bool     MB     MB     MB   errs   errs   errs   MB/s   MB/s 
    0    438     50     50     65     49      0      0      0      0   3201   1965     69      0 116825 116826      0      0      0      0      0      0 
    0    228     48     45      0      0      0      0      0      0   3201   1980      0      0 116825 116826      0      0      0      0      0      0 
    0    351     55     50     89     68      0      0      0      0   3201   1950     11      0 116825 116826      0      0      0      0     44     13 
    0    418     53     55     89     67      0      0      0      0   3201   1980     40      0 116825 116826      0      0      0      0      0      0 
    0    229     48     46      0      0      0      0      0      0   3201   1980     33      0 116825 116826      0      0      0      0      0      0 
    0    227     48     45      0      0      0      0      0      0   3201   1980     32      0 116825 116826      0      0      0      0      0      0 
    0    142     47     44      0      0      0      0      0      0   3201   1980      0      0 116825 116826      0      0      0      0      0      0 
    0    227     47     44      0      0      0      0      0      0   3201   1980      0      0 116825 116826      0      0      0      0      0      0 
    0    393     48     46      0      0      0      0      0      0   3201   1980     54      0 116825 116826      0      0      0      0     44     13 
    0    526     54     56     90     63      0      0      0      0   3201   1980     63      0 116825 116826      0      0      0      0     41     13 
    0    489     54     56     90     62      0      0      0      0   3201   1965     50      0 116825 116826      0      0      0      0      0      0 
    0    183     52     49      4      2      0      0      0      0   3201   1980      2      0 116825 116826      0      0      0      0     40     14 
    0    389     55     53     89     67      0      0      0      0   3201   1875     13      0 116825 116826      0      0      0      0     45     13 
    0    425     51     50     89     68      0      0      0      0   3201   1980     52      0 116825 116826      0      0      0      0      0      0 
    0    152     47     45      0      0      0      0      0      0   3201   1980      8      0 116825 116826      0      0      0      0     43     13 
    0    353     53     52     89     67      0      0      0      0   3201   1980     22      0 116825 116826      0      0      0      0      0      0 
    0    284     52     50     37     22      0      0      0      0   3201   1980      0      0 116825 116826      0      0      0      0     55     13 
    0    470     50     49     89     67      0      0      0      0   3201   1965     92      0 116825 116826      0      0      0      0     34      5 
    0    179     52     47      0      0      0      0      0      0   3201   1980      0      0 116825 116826      0      0      0      0     41      5 
    0    309     52     52     69     47      0      0      0      0   3201   1980      0      0 116825 116826      0      0      0      0     79     13 
    0    496     51     50     60     45      0      0      0      0   3201   1980     78      0 116825 116826      0      0      0      0      0      0 
