# gpu    pwr  gtemp  mtemp     sm    mem    enc    dec    jpg    ofa   mclk   pclk  pviol  tviol     fb   bar1   ccpm  sbecc  dbecc    pci  rxpci  txpci 
# Idx      W      C      C      %      %      %      %      %      %    MHz    MHz      %   bool     MB     MB     MB   errs   errs   errs   MB/s   MB/s 
    0    141     40     38      8      6      0      0      0      0   3201   1980      0      0 116719 116720      0      0      0      0      0      0 
    0    138     40     38      0      0      0      0      0      0   3201   1980      0      0 116719 116720      0      0      0      0      0      1 
    0    136     40     38      0      0      0      0      0      0   3201   1980      0      0 116719 116720      0      0      0      0      0      0 
    0    136     40     38      0      0      0      0      0      0   3201   1980      0      0 116719 116720      0      0      0      0      0      0 
    0    135     40     38      0      0      0      0      0      0   3201   1980      0      0 116719 116720      0      0      0      0      0      0 
    0    135     40     38      0      0      0      0      0      0   3201   1980      0      0 116719 116720      0      0      0      0      0      0 
    0    135     39     37      0      0      0      0      0      0   3201   1980      0      0 116719 116720      0      0      0      0      0      0 
    0    135     39     38      0      0      0      0      0      0   3201   1980      0      0 116719 116720      0      0      0      0      0      0 
    0    135     39     37      0      0      0      0      0      0   3201   1980      0      0 116719 116720      0      0      0      0      0      0 
    0    135     39     37      0      0      0      0      0      0   3201   1980      0      0 116719 116720      0      0      0      0      0      0 
    0    134     39     37      0      0      0      0      0      0   3201   1980      0      0 116719 116720      0      0      0      0      0      0 
    0    134     39     37      0      0      0      0      0      0   3201   1980      0      0 116719 116720      0      0      0      0      0      0 
    0    134     39     37      0      0      0      0      0      0   3201   1980      0      0 116719 116720      0      0      0      0      0      0 
    0    160     39     37      0      0      0      0      0      0   3201   1935      7      0 116825 116826      0      0      0      0     41     14 
    0    509     46     48     89     68      0      0      0      0   3201   1980     28      0 116825 116826      0      0      0      0     45     16 
    0    517     47     49     89     67      0      0      0      0   3201   1980     36      0 116825 116826      0      0      0      0     44     13 
    0    518     47     51     89     68      0      0      0      0   3201   1980     32      0 116825 116826      0      0      0      0     43     14 
    0    523     48     51     89     68      0      0      0      0   3201   1980      0      0 116825 116826      0      0      0      0     45     14 
    0    526     48     51     89     68      0      0      0      0   3201   1980      0      0 116825 116826      0      0      0      0     42     14 
    0    520     49     51     89     68      0      0      0      0   3201   1980     34      0 116825 116826      0      0      0      0     42     14 
    0    523     49     53     89     67      0      0      0      0   3201   1965     36      0 116825 116826      0      0      0      0     41     14 
    0    522     50     52     89     65      0      0      0      0   3201   1965     24      0 116825 116826      0      0      0      0     41     14 
    0    520     50     52     89     67      0      0      0      0   3201   1980     11      0 116825 116826      0      0      0      0     44     14 
    0    519     50     53     89     67      0      0      0      0   3201   1980      0      0 116825 116826      0      0      0      0     57     14 
    0    525     50     53     89     67      0      0      0      0   3201   1980      0      0 116825 116826      0      0      0      0     42     14 
    0    523     51     52     89     67      0      0      0      0   3201   1980     30      0 116825 116826      0      0      0      0     41     14 
    0    524     51     52     89     68      0      0      0      0   3201   1980     33      0 116825 116826      0      0      0      0     42     14 
    0    522     51     55     89     67      0      0      0      0   3201   1980     35      0 116825 116826      0      0      0      0     45     14 
    0    519     51     53     89     68      0      0      0      0   3201   1980     36      0 116825 116826      0      0      0      0     42     14 
    0    528     51     54     89     68      0      0      0      0   3201   1965     33      0 116825 116826      0      0      0      0     43     14 
    0    527     52     52     90     62      0      0      0      0   3201   1965     26      0 116825 116826      0      0      0      0     45     14 
    0    527     53     52     89     67      0      0      0      0   3201   1965     20      0 116825 116826      0      0      0      0     43     13 
    0    521     52     54     89     68      0      0      0      0   3201   1980     16      0 116825 116826      0      0      0      0     42     14 
    0    516     52     53     89     68      0      0      0      0   3201   1980     29      0 116825 116826      0      0      0      0     45     14 
    0    527     53     53     89     67      0      0      0      0   3201   1980      0      0 116825 116826      0      0      0      0     44     14 
    0    528     53     55     89     68      0      0      0      0   3201   1980     29      0 116825 116826      0      0      0      0     43     14 
    0    524     53     54     89     68      0      0      0      0   3201   1980     31      0 116825 116826      0      0      0      0     44     14 
    0    532     53     55     88     67      0      0      0      0   3201   1980     35      0 116825 116826      0      0      0      0     41     14 
    0    530     53     56     89     68      0      0      0      0   3201   1965     36      0 116825 116826      0      0      0      0     43     15 
    0    529     53     56     89     68      0      0      0      0   3201   1965     29      0 116825 116826      0      0      0      0     41     14 
    0    530     56     55     90     62      0      0      0      0   3201   1965     23      0 116825 116826      0      0      0      0     42     14 
    0    529     54     56     89     68      0      0      0      0   3201   1980     17      0 116825 116826      0      0      0      0     41     14 
    0    537     54     55     89     68      0      0      0      0   3201   1980      0      0 116825 116826      0      0      0      0     41     15 
    0    538     54     57     89     68      0      0      0      0   3201   1980     31      0 116825 116826      0      0      0      0     41     14 
# gpu    pwr  gtemp  mtemp     sm    mem    enc    dec    jpg    ofa   mclk   pclk  pviol  tviol     fb   bar1   ccpm  sbecc  dbecc    pci  rxpci  txpci 
# Idx      W      C      C      %      %      %      %      %      %    MHz    MHz      %   bool     MB     MB     MB   errs   errs   errs   MB/s   MB/s 
    0    538     54     57     89     67      0      0      0      0   3201   1980      0      0 116825 116826      0      0      0      0     41     15 
    0    531     54     54     89     67      0      0      0      0   3201   1980     32      0 116825 116826      0      0      0      0     41     14 
    0    533     54     55     89     67      0      0      0      0   3201   1980     36      0 116825 116826      0      0      0      0     43     15 
    0    537     55     57     89     67      0      0      0      0   3201   1980      0      0 116825 116826      0      0      0      0     43     13 
    0    537     55     56     89     68      0      0      0      0   3201   1965     32      0 116825 116826      0      0      0      0     44     15 
    0    536     55     55     90     62      0      0      0      0   3201   1965     21      0 116825 116826      0      0      0      0     42     14 
    0    538     55     56     89     67      0      0      0      0   3201   1980     16      0 116825 116826      0      0      0      0     41     15 
    0    528     55     56     89     68      0      0      0      0   3201   1980     21      0 116825 116826      0      0      0      0     41     17 
    0    538     55     58     89     68      0      0      0      0   3201   1980     29      0 116825 116826      0      0      0      0     41     15 
    0    535     55     58     89     68      0      0      0      0   3201   1980     35      0 116825 116826      0      0      0      0     41     14 
    0    539     55     58     89     67      0      0      0      0   3201   1980     35      0 116825 116826      0      0      0      0     44     15 
    0    534     55     57     88     67      0      0      0      0   3201   1980     32      0 116825 116826      0      0      0      0     43     13 
    0    539     56     58     89     68      0      0      0      0   3201   1980     30      0 116825 116826      0      0      0      0     45     15 
    0    536     56     58     89     68      0      0      0      0   3201   1980     32      0 116825 116826      0      0      0      0     44     14 
    0    534     56     57     90     62      0      0      0      0   3201   1965     24      0 116825 116826      0      0      0      0     44     15 
    0    539     61     57     90     62      0      0      0      0   3201   1965     21      0 116825 116826      0      0      0      0     41     14 
    0    530     56     56     89     68      0      0      0      0   3201   1980     22      0 116825 116826      0      0      0      0     58     15 
    0    532     56     58     89     68      0      0      0      0   3201   1980     36      0 116825 116826      0      0      0      0     43     14 
    0    535     56     58     89     67      0      0      0      0   3201   1980     35      0 116825 116826      0      0      0      0     43     15 
    0    536     56     56     89     68      0      0      0      0   3201   1980     36      0 116825 116826      0      0      0      0     41     14 
    0    537     56     58     89     68      0      0      0      0   3201   1980     34      0 116825 116826      0      0      0      0     45     15 
    0    540     56     58     89     68      0      0      0      0   3201   1980      0      0 116825 116826      0      0      0      0     41     14 
    0    538     56     58     89     67      0      0      0      0   3201   1965     33      0 116825 116826      0      0      0      0     41     15 
    0    537     56     58     89     68      0      0      0      0   3201   1965     27      0 116825 116826      0      0      0      0     41     14 
    0    539     59     58     89     62      0      0      0      0   3201   1965     23      0 116825 116826      0      0      0      0     43     15 
    0    537     56     58     89     67      0      0      0      0   3201   1980     21      0 116825 116826      0      0      0      0     41     14 
    0    535     57     57     89     67      0      0      0      0   3201   1980     27      0 116825 116826      0      0      0      0     42     15 
    0    536     57     57     89     68      0      0      0      0   3201   1980     31      0 116825 116826      0      0      0      0     41     14 
    0    538     57     58     89     67      0      0      0      0   3201   1980     36      0 116825 116826      0      0      0      0     41     15 
    0    536     57     57     88     67      0      0      0      0   3201   1980     36      0 116825 116826      0      0      0      0     41     14 
    0    538     57     60     89     67      0      0      0      0   3201   1980     33      0 116825 116826      0      0      0      0     42     15 
    0    541     57     59     89     67      0      0      0      0   3201   1980      0      0 116825 116826      0      0      0      0     45     14 
    0    540     57     58     89     67      0      0      0      0   3201   1965     32      0 116825 116826      0      0      0      0     41     15 
    0    537     57     58     90     62      0      0      0      0   3201   1965     20      0 116825 116826      0      0      0      0     41     14 
    0    538     60     57     89     68      0      0      0      0   3201   1980     23      0 116825 116826      0      0      0      0     45     15 
    0    535     57     58     89     68      0      0      0      0   3201   1980     27      0 116825 116826      0      0      0      0     43     16 
    0    533     57     59     89     67      0      0      0      0   3201   1980      0      0 116825 116826      0      0      0      0     43     14 
    0    541     57     60     89     68      0      0      0      0   3201   1980      0      0 116825 116826      0      0      0      0     45     14 
    0    539     57     58     89     67      0      0      0      0   3201   1980     34      0 116825 116826      0      0      0      0     45     15 
    0    539     57     59     89     67      0      0      0      0   3201   1980     36      0 116825 116826      0      0      0      0     45     14 
    0    541     57     60     89     67      0      0      0      0   3201   1980     34      0 116825 116826      0      0      0      0     43     15 
    0    541     57     59     89     68      0      0      0      0   3201   1980      0      0 116825 116826      0      0      0      0     42     14 
    0    538     57     58     90     62      0      0      0      0   3201   1965     22      0 116825 116826      0      0      0      0     43     15 
    0    540     58     58     90     62      0      0      0      0   3201   1980      7      0 116825 116826      0      0      0      0     43     14 
# gpu    pwr  gtemp  mtemp     sm    mem    enc    dec    jpg    ofa   mclk   pclk  pviol  tviol     fb   bar1   ccpm  sbecc  dbecc    pci  rxpci  txpci 
# Idx      W      C      C      %      %      %      %      %      %    MHz    MHz      %   bool     MB     MB     MB   errs   errs   errs   MB/s   MB/s 
    0    534     57     58     89     68      0      0      0      0   3201   1980      0      0 116825 116826      0      0      0      0     57     14 
    0    536     57     61     89     68      0      0      0      0   3201   1980     36      0 116825 116826      0      0      0      0     41     14 
    0    540     57     59     89     68      0      0      0      0   3201   1980     35      0 116825 116826      0      0      0      0     41     15 
    0    541     58     61     89     68      0      0      0      0   3201   1980     34      0 116825 116826      0      0      0      0     42     14 
    0    539     58     58     89     68      0      0      0      0   3201   1980      0      0 116825 116826      0      0      0      0     42     15 
    0    539     58     60     89     68      0      0      0      0   3201   1980     33      0 116825 116826      0      0      0      0     44     14 
    0    541     58     59     89     68      0      0      0      0   3201   1965     35      0 116825 116826      0      0      0      0     45     15 
    0    536     58     58     89     67      0      0      0      0   3201   1965     27      0 116825 116826      0      0      0      0     45     14 
    0    540     58     59     90     62      0      0      0      0   3201   1965     23      0 116825 116826      0      0      0      0     41     15 
    0    542     60     59     89     68      0      0      0      0   3201   1980     19      0 116825 116826      0      0      0      0     41     13 
    0    537     58     58     89     67      0      0      0      0   3201   1980      0      0 116825 116826      0      0      0      0     41     41 
    0    543     58     58     89     68      0      0      0      0   3201   1980     34      0 116825 116826      0      0      0      0     45     14 
    0    543     58     60     89     68      0      0      0      0   3201   1980     29      0 116825 116826      0      0      0      0     43     16 
    0    542     58     58     89     68      0      0      0      0   3201   1980      0      0 116825 116826      0      0      0      0     42     14 
    0    540     58     60     89     68      0      0      0      0   3201   1980     34      0 116825 116826      0      0      0      0     41     14 
    0    539     58     58     89     67      0      0      0      0   3201   1980     35      0 116825 116826      0      0      0      0     41     14 
    0    544     58     60     89     67      0      0      0      0   3201   1965     30      0 116825 116826      0      0      0      0     41     14 
    0    539     58     58     90     62      0      0      0      0   3201   1965     22      0 116825 116826      0      0      0      0     41     14 
    0    537     61     60     89     68      0      0      0      0   3201   1980     21      0 116825 116826      0      0      0      0     44     14 
    0    536     58     59     89     67      0      0      0      0   3201   1980     29      0 116825 116826      0      0      0      0     41     14 
    0    543     58     59     88     67      0      0      0      0   3201   1980      0      0 116825 116826      0      0      0      0     41     14 
    0    540     58     59     89     68      0      0      0      0   3201   1980     29      0 116825 116826      0      0      0      0     45     14 
    0    539     58     60     89     67      0      0      0      0   3201   1980     30      0 116825 116826      0      0      0      0     41     14 
    0    542     58     59     89     68      0      0      0      0   3201   1980     30      0 116825 116826      0      0      0      0     41     14 
    0    540     58     59     89     67      0      0      0      0   3201   1980     36      0 116825 116826      0      0      0      0     41     14 
    0    542     58     60     89     67      0      0      0      0   3201   1965     33      0 116825 116826      0      0      0      0     42     14 
    0    538     58     59     90     62      0      0      0      0   3201   1965     22      0 116825 116826      0      0      0      0     43     14 
    0    540     58     60     90     62      0      0      0      0   3201   1950     23      0 116825 116826      0      0      0      0     42     14 
    0    534     58     60     89     67      0      0      0      0   3201   1980     27      0 116825 116826      0      0      0      0     41     17 
    0    540     58     59     89     67      0      0      0      0   3201   1980     36      0 116825 116826      0      0      0      0     43     14 
    0    537     58     60     89     68      0      0      0      0   3201   1980     36      0 116825 116826      0      0      0      0     41     14 
    0    537     58     60     89     67      0      0      0      0   3201   1980     34      0 116825 116826      0      0      0      0     41     14 
    0    539     58     60     89     67      0      0      0      0   3201   1980     32      0 116825 116826      0      0      0      0     41     14 
    0    543     58     59     89     67      0      0      0      0   3201   1980      0      0 116825 116826      0      0      0      0     41     14 
    0    545     59     61     89     67      0      0      0      0   3201   1980      0      0 116825 116826      0      0      0      0     44     14 
    0    542     59     60     89     66      0      0      0      0   3201   1965     23      0 116825 116826      0      0      0      0     42     14 
    0    540     59     60     90     62      0      0      0      0   3201   1920     20      0 116825 116826      0      0      0      0     44     14 
    0    533     58     60     89     68      0      0      0      0   3201   1980     25      0 116825 116826      0      0      0      0     64     14 
    0    541     58     60     89     67      0      0      0      0   3201   1980     33      0 116825 116826      0      0      0      0     45     14 
    0    541     59     61     89     68      0      0      0      0   3201   1980     36      0 116825 116826      0      0      0      0     45     14 
    0    542     59     60     89     68      0      0      0      0   3201   1980     33      0 116825 116826      0      0      0      0     44     14 
    0    543     59     59     89     67      0      0      0      0   3201   1980      0      0 116825 116826      0      0      0      0     45     14 
    0    539     59     60     89     67      0      0      0      0   3201   1980     32      0 116825 116826      0      0      0      0     43     14 
    0    538     58     59     89     67      0      0      0      0   3201   1965     32      0 116825 116826      0      0      0      0     44     14 
# gpu    pwr  gtemp  mtemp     sm    mem    enc    dec    jpg    ofa   mclk   pclk  pviol  tviol     fb   bar1   ccpm  sbecc  dbecc    pci  rxpci  txpci 
# Idx      W      C      C      %      %      %      %      %      %    MHz    MHz      %   bool     MB     MB     MB   errs   errs   errs   MB/s   MB/s 
    0    538     58     60     89     67      0      0      0      0   3201   1965     27      0 116825 116826      0      0      0      0     43     14 
    0    538     60     59     90     64      0      0      0      0   3201   1920     23      0 116825 116826      0      0      0      0     43     14 
    0    530     59     59     89     68      0      0      0      0   3201   1980     20      0 116825 116826      0      0      0      0     41     14 
    0    539     59     60     89     67      0      0      0      0   3201   1980     32      0 116825 116826      0      0      0      0     42     14 
    0    537     59     61     89     68      0      0      0      0   3201   1980     34      0 116825 116826      0      0      0      0     42     14 
    0    538     59     61     89     68      0      0      0      0   3201   1980     32      0 116825 116826      0      0      0      0     42     14 
    0    539     59     59     89     68      0      0      0      0   3201   1980     28      0 116825 116826      0      0      0      0     41     14 
    0    530     59     60     89     68      0      0      0      0   3201   1980     34      0 116825 116826      0      0      0      0     41     14 
    0    539     59     60     89     68      0      0      0      0   3201   1980     36      0 116825 116826      0      0      0      0     41     14 
    0    538     59     61     89     67      0      0      0      0   3201   1965     29      0 116825 116826      0      0      0      0     42     14 
    0    540     59     60     89     68      0      0      0      0   3201   1980      5      0 116825 116826      0      0      0      0     45     14 
    0    531     59     61     89     68      0      0      0      0   3201   1980      0      0 116825 116826      0      0      0      0     46     14 
    0    533     59     60     89     68      0      0      0      0   3201   1980      0      0 116825 116826      0      0      0      0     43     14 
    0    539     59     61     89     68      0      0      0      0   3201   1980     34      0 116825 116826      0      0      0      0     44     14 
    0    537     59     60     89     68      0      0      0      0   3201   1980     36      0 116825 116826      0      0      0      0     41     14 
    0    539     59     59     89     68      0      0      0      0   3201   1980     36      0 116825 116826      0      0      0      0     42     14 
    0    534     59     61     89     67      0      0      0      0   3201   1980     36      0 116825 116826      0      0      0      0     42     14 
    0    539     59     61     89     67      0      0      0      0   3201   1980      0      0 116825 116826      0      0      0      0     41     14 
    0    539     59     61     89     67      0      0      0      0   3201   1980      0      0 116825 116826      0      0      0      0     44     14 
    0    537     59     60     89     68      0      0      0      0   3201   1965     21      0 116825 116826      0      0      0      0     45     14 
    0    537     60     57     89     65      0      0      0      0   3201   1875     21      0 116825 116826      0      0      0      0     41     14 
    0    530     59     61     89     68      0      0      0      0   3201   1980     27      0 116825 116826      0      0      0      0     58     16 
    0    534     59     59     88     67      0      0      0      0   3201   1980     33      0 116825 116826      0      0      0      0     43     14 
    0    539     59     60     89     68      0      0      0      0   3201   1980      0      0 116825 116826      0      0      0      0     41     14 
    0    539     59     61     89     67      0      0      0      0   3201   1980      0      0 116825 116826      0      0      0      0     41     14 
    0    532     59     59     89     67      0      0      0      0   3201   1980     33      0 116825 116826      0      0      0      0     41     14 
    0    544     59     58     88     67      0      0      0      0   3201   1980     35      0 116825 116826      0      0      0      0     41     14 
    0    541     59     61     89     68      0      0      0      0   3201   1965     36      0 116825 116826      0      0      0      0     41     14 
    0    542     59     59     89     68      0      0      0      0   3201   1980      0      0 116825 116826      0      0      0      0     45     14 
    0    540     61     59     88     67      0      0      0      0   3201   1980      0      0 116825 116826      0      0      0      0     42     14 
    0    533     59     61     89     67      0      0      0      0   3201   1980      0      0 116825 116826      0      0      0      0     42     14 
    0    537     59     61     89     67      0      0      0      0   3201   1980     33      0 116825 116826      0      0      0      0     41     14 
    0    532     59     61     89     68      0      0      0      0   3201   1980     36      0 116825 116826      0      0      0      0     41     14 
    0    537     59     60     89     68      0      0      0      0   3201   1980     36      0 116825 116826      0      0      0      0     44     14 
    0    533     59     60     89     68      0      0      0      0   3201   1980     36      0 116825 116826      0      0      0      0     41     14 
    0    538     59     60     89     67      0      0      0      0   3201   1980     36      0 116825 116826      0      0      0      0     41     14 
    0    543     59     61     89     67      0      0      0      0   3201   1980     35      0 116825 116826      0      0      0      0     45     14 
    0    536     59     60     89     67      0      0      0      0   3201   1965     27      0 116825 116826      0      0      0      0     41     14 
    0    541     59     61     89     68      0      0      0      0   3201   1965     23      0 116825 116826      0      0      0      0     42     14 
    0    531     59     61     89     68      0      0      0      0   3201   1980     21      0 116825 116826      0      0      0      0     41     14 
    0    529     59     60     88     67      0      0      0      0   3201   1980     28      0 116825 116826      0      0      0      0     42     14 
    0    539     59     62     89     67      0      0      0      0   3201   1980      0      0 116825 116826      0      0      0      0     44     14 
    0    537     59     60     89     68      0      0      0      0   3201   1980      0      0 116825 116826      0      0      0      0     45     14 
    0    537     59     61     89     67      0      0      0      0   3201   1980     32      0 116825 116826      0      0      0      0     46     14 
# gpu    pwr  gtemp  mtemp     sm    mem    enc    dec    jpg    ofa   mclk   pclk  pviol  tviol     fb   bar1   ccpm  sbecc  dbecc    pci  rxpci  txpci 
# Idx      W      C      C      %      %      %      %      %      %    MHz    MHz      %   bool     MB     MB     MB   errs   errs   errs   MB/s   MB/s 
    0    535     59     60     89     67      0      0      0      0   3201   1980     34      0 116825 116826      0      0      0      0     41     14 
    0    534     59     61     89     67      0      0      0      0   3201   1965     36      0 116825 116826      0      0      0      0     43     14 
    0    540     59     61     90     65      0      0      0      0   3201   1965     28      0 116825 116826      0      0      0      0     41     14 
    0    537     60     60     89     67      0      0      0      0   3201   1950     21      0 116825 116826      0      0      0      0     41     14 
    0    542     59     59     89     68      0      0      0      0   3201   1980     23      0 116825 116826      0      0      0      0     43     14 
    0    535     59     61     89     68      0      0      0      0   3201   1980     29      0 116825 116826      0      0      0      0     42     14 
    0    538     59     62     89     68      0      0      0      0   3201   1980      0      0 116825 116826      0      0      0      0     45     14 
    0    539     59     60     89     67      0      0      0      0   3201   1980     31      0 116825 116826      0      0      0      0     43     14 
    0    539     59     60     89     67      0      0      0      0   3201   1980     35      0 116825 116826      0      0      0      0     43     14 
    0    537     59     61     89     68      0      0      0      0   3201   1980     35      0 116825 116826      0      0      0      0     43     14 
    0    538     59     62     89     67      0      0      0      0   3201   1980     36      0 116825 116826      0      0      0      0     41     14 
    0    538     59     60     90     62      0      0      0      0   3201   1980      0      0 116825 116826      0      0      0      0     44     15 
    0    542     60     60     89     68      0      0      0      0   3201   1980      0      0 116825 116826      0      0      0      0     45     14 
    0    538     59     61     89     68      0      0      0      0   3201   1980      8      0 116825 116826      0      0      0      0     41     15 
    0    534     59     61     89     67      0      0      0      0   3201   1980     19      0 116825 116826      0      0      0      0     41     15 
    0    533     59     60     89     67      0      0      0      0   3201   1980     34      0 116825 116826      0      0      0      0     41     15 
    0    537     59     60     89     67      0      0      0      0   3201   1980     36      0 116825 116826      0      0      0      0     41     14 
    0    540     59     61     89     67      0      0      0      0   3201   1980     34      0 116825 116826      0      0      0      0     41     15 
    0    542     59     61     89     67      0      0      0      0   3201   1980      0      0 116825 116826      0      0      0      0     41     14 
    0    539     59     60     88     67      0      0      0      0   3201   1980     32      0 116825 116826      0      0      0      0     44     15 
    0    537     59     62     89     67      0      0      0      0   3201   1965     34      0 116825 116826      0      0      0      0     42     14 
    0    538     59     62     90     62      0      0      0      0   3201   1965     22      0 116825 116826      0      0      0      0     43     15 
    0    536     60     61     89     68      0      0      0      0   3201   1920     24      0 116825 116826      0      0      0      0     41     14 
    0    530     59     61     89     68      0      0      0      0   3201   1980     27      0 116825 116826      0      0      0      0     47     18 
    0    534     59     60     89     68      0      0      0      0   3201   1980     35      0 116825 116826      0      0      0      0     43     14 
    0    535     59     62     89     67      0      0      0      0   3201   1980     36      0 116825 116826      0      0      0      0     42     15 
    0    535     59     60     89     67      0      0      0      0   3201   1980     35      0 116825 116826      0      0      0      0     45     14 
    0    538     59     62     89     67      0      0      0      0   3201   1980     34      0 116825 116826      0      0      0      0     44     15 
    0    537     59     60     89     68      0      0      0      0   3201   1980      0      0 116825 116826      0      0      0      0     44     14 
    0    539     59     62     89     67      0      0      0      0   3201   1965     32      0 116825 116826      0      0      0      0     42     15 
    0    537     59     60     90     62      0      0      0      0   3201   1965     24      0 116825 116826      0      0      0      0     41     14 
    0    539     64     61     89     68      0      0      0      0   3201   1920     20      0 116825 116826      0      0      0      0     43     15 
    0    530     59     62     89     68      0      0      0      0   3201   1980     25      0 116825 116826      0      0      0      0     67     14 
    0    535     59     61     89     67      0      0      0      0   3201   1980     34      0 116825 116826      0      0      0      0     41     15 
    0    537     59     62     89     68      0      0      0      0   3201   1980     35      0 116825 116826      0      0      0      0     43     14 
    0    539     59     62     89     67      0      0      0      0   3201   1980     35      0 116825 116826      0      0      0      0     45     15 
    0    540     59     61     89     68      0      0      0      0   3201   1980     36      0 116825 116826      0      0      0      0     45     14 
    0    542     59     61     89     67      0      0      0      0   3201   1980     36      0 116825 116826      0      0      0      0     45     15 
    0    539     59     62     89     68      0      0      0      0   3201   1980      0      0 116825 116826      0      0      0      0     45     14 
    0    539     60     60     90     62      0      0      0      0   3201   1980      0      0 116825 116826      0      0      0      0     42     15 
    0    540     60     62     90     62      0      0      0      0   3201   1965     15      0 116825 116826      0      0      0      0     43     14 
    0    530     59     62     89     68      0      0      0      0   3201   1980     21      0 116825 116826      0      0      0      0     45     15 
    0    528     59     62     89     68      0      0      0      0   3201   1980     34      0 116825 116826      0      0      0      0     41     14 
    0    540     59     61     89     68      0      0      0      0   3201   1980     34      0 116825 116826      0      0      0      0     41     15 
# gpu    pwr  gtemp  mtemp     sm    mem    enc    dec    jpg    ofa   mclk   pclk  pviol  tviol     fb   bar1   ccpm  sbecc  dbecc    pci  rxpci  txpci 
# Idx      W      C      C      %      %      %      %      %      %    MHz    MHz      %   bool     MB     MB     MB   errs   errs   errs   MB/s   MB/s 
    0    542     59     61     89     67      0      0      0      0   3201   1980     35      0 116825 116826      0      0      0      0     41     14 
    0    537     59     61     89     67      0      0      0      0   3201   1980     33      0 116825 116826      0      0      0      0     41     15 
    0    538     60     60     88     67      0      0      0      0   3201   1980     27      0 116825 116826      0      0      0      0     43     14 
    0    536     60     62     89     67      0      0      0      0   3201   1980     28      0 116825 116826      0      0      0      0     44     15 
    0    537     60     60     89     67      0      0      0      0   3201   1965     30      0 116825 116826      0      0      0      0     42     14 
    0    538     60     61     90     62      0      0      0      0   3201   1965     20      0 116825 116826      0      0      0      0     41     15 
    0    540     61     61     89     68      0      0      0      0   3201   1875     23      0 116825 116826      0      0      0      0     42     14 
    0    535     60     61     89     68      0      0      0      0   3201   1980     31      0 116825 116826      0      0      0      0     41     15 
    0    536     60     62     89     68      0      0      0      0   3201   1980     34      0 116825 116826      0      0      0      0     45     14 
    0    543     60     62     89     68      0      0      0      0   3201   1980     34      0 116825 116826      0      0      0      0     45     15 
    0    542     60     60     89     67      0      0      0      0   3201   1980     27      0 116825 116826      0      0      0      0     45     14 
    0    541     60     60     89     67      0      0      0      0   3201   1980      0      0 116825 116826      0      0      0      0     42     14 
    0    540     60     62     89     67      0      0      0      0   3201   1980     31      0 116825 116826      0      0      0      0     41     14 
    0    536     60     62     89     67      0      0      0      0   3201   1965     33      0 116825 116826      0      0      0      0     42     14 
    0    540     60     60     90     62      0      0      0      0   3201   1965     22      0 116825 116826      0      0      0      0     41     14 
    0    541     60     62     89     67      0      0      0      0   3201   1905     22      0 116825 116826      0      0      0      0     42     13 
    0    535     60     61     89     67      0      0      0      0   3201   1980     26      0 116825 116826      0      0      0      0     46     17 
    0    543     60     61     89     67      0      0      0      0   3201   1980      0      0 116825 116826      0      0      0      0     41     14 
    0    194     53     50      0      0      0      0      0      0   3201   1980      0      0 116825 116826      0      0      0      0      0      0 
