# gpu    pwr  gtemp  mtemp     sm    mem    enc    dec    jpg    ofa   mclk   pclk  pviol  tviol     fb   bar1   ccpm  sbecc  dbecc    pci  rxpci  txpci 
# Idx      W      C      C      %      %      %      %      %      %    MHz    MHz      %   bool     MB     MB     MB   errs   errs   errs   MB/s   MB/s 
    0    166     44     42     57     45      0      0      0      0   3201   1980      0      0 116719 116720      0      0      0      0      0      0 
    0    158     44     42      0      0      0      0      0      0   3201   1980      0      0 116719 116720      0      0      0      0      0      0 
    0    139     44     42      0      0      0      0      0      0   3201   1980      0      0 116719 116720      0      0      0      0      0      0 
    0    139     44     42      0      0      0      0      0      0   3201   1980      0      0 116719 116720      0      0      0      0      0      0 
    0    138     43     41      0      0      0      0      0      0   3201   1980      0      0 116719 116720      0      0      0      0      0      0 
    0    138     43     41      0      0      0      0      0      0   3201   1980      0      0 116719 116720      0      0      0      0      0      0 
    0    138     43     41      0      0      0      0      0      0   3201   1980      0      0 116719 116720      0      0      0      0      0      0 
    0    138     43     40      0      0      0      0      0      0   3201   1980      0      0 116719 116720      0      0      0      0      0      0 
    0    138     43     41      0      0      0      0      0      0   3201   1980      0      0 116719 116720      0      0      0      0      0      0 
    0    138     42     40      0      0      0      0      0      0   3201   1980      0      0 116719 116720      0      0      0      0      0      0 
    0    138     42     40      0      0      0      0      0      0   3201   1980      0      0 116719 116720      0      0      0      0      0      0 
    0    137     42     40      0      0      0      0      0      0   3201   1980      0      0 116719 116720      0      0      0      0      0      0 
    0    141     42     40      0      0      0      0      0      0   3201   1980      0      0 116781 116782      0      0      0      0     43     13 
    0    520     49     51     88     67      0      0      0      0   3201   1980      0      0 116781 116782      0      0      0      0     43     14 
    0    524     50     52     89     68      0      0      0      0   3201   1980      0      0 116781 116782      0      0      0      0     41     14 
    0    525     50     54     88     67      0      0      0      0   3201   1980      0      0 116781 116782      0      0      0      0     41     14 
    0    522     51     53     89     67      0      0      0      0   3201   1980      0      0 116781 116782      0      0      0      0     44     14 
    0    524     51     54     89     68      0      0      0      0   3201   1980      0      0 116781 116782      0      0      0      0     46     14 
    0    527     51     55     89     67      0      0      0      0   3201   1980      0      0 116781 116782      0      0      0      0     42     14 
    0    526     52     53     89     68      0      0      0      0   3201   1980      0      0 116781 116782      0      0      0      0     41     14 
    0    526     52     55     89     66      0      0      0      0   3201   1980      0      0 116781 116782      0      0      0      0     42     13 
    0    527     52     53     89     67      0      0      0      0   3201   1980      0      0 116781 116782      0      0      0      0     46     14 
    0    526     53     54     89     66      0      0      0      0   3201   1980      0      0 116781 116782      0      0      0      0     44     13 
    0    526     53     56     89     68      0      0      0      0   3201   1980     31      0 116781 116782      0      0      0      0     42     14 
    0    529     53     56     89     63      0      0      0      0   3201   1980     27      0 116781 116782      0      0      0      0     41     14 
    0    528     53     56     89     67      0      0      0      0   3201   1980      0      0 116781 116782      0      0      0      0     41     14 
    0    529     54     56     89     68      0      0      0      0   3201   1980      0      0 116781 116782      0      0      0      0     43     14 
    0    534     54     56     89     68      0      0      0      0   3201   1980      0      0 116781 116782      0      0      0      0     45     14 
    0    533     54     55     89     68      0      0      0      0   3201   1980      0      0 116781 116782      0      0      0      0     41     14 
    0    534     54     57     89     67      0      0      0      0   3201   1980      0      0 116781 116782      0      0      0      0     45     14 
    0    538     55     55     89     65      0      0      0      0   3201   1980      0      0 116781 116782      0      0      0      0     41     14 
    0    532     55     56     89     68      0      0      0      0   3201   1980      0      0 116781 116782      0      0      0      0     41     15 
    0    532     55     57     89     68      0      0      0      0   3201   1980      0      0 116781 116782      0      0      0      0     41     14 
    0    537     56     55     88     63      0      0      0      0   3201   1980      0      0 116781 116782      0      0      0      0     43     15 
    0    532     55     58     89     68      0      0      0      0   3201   1980      0      0 116781 116782      0      0      0      0     45     14 
    0    531     55     57     89     66      0      0      0      0   3201   1980      0      0 116781 116782      0      0      0      0     41     15 
    0    536     55     57     89     67      0      0      0      0   3201   1965     47      0 116781 116782      0      0      0      0     44     14 
    0    529     55     57     89     68      0      0      0      0   3201   1980      8      0 116781 116782      0      0      0      0     41     15 
    0    532     55     57     88     67      0      0      0      0   3201   1980      0      0 116781 116782      0      0      0      0     41     15 
    0    537     56     58     89     63      0      0      0      0   3201   1980      0      0 116781 116782      0      0      0      0     41     15 
    0    531     56     58     89     67      0      0      0      0   3201   1980      0      0 116781 116782      0      0      0      0     43     14 
    0    530     56     58     88     67      0      0      0      0   3201   1980      0      0 116781 116782      0      0      0      0     46     19 
    0    537     56     57     90     64      0      0      0      0   3201   1980      0      0 116781 116782      0      0      0      0     42     13 
    0    534     56     56     89     68      0      0      0      0   3201   1980      0      0 116781 116782      0      0      0      0     41     15 
# gpu    pwr  gtemp  mtemp     sm    mem    enc    dec    jpg    ofa   mclk   pclk  pviol  tviol     fb   bar1   ccpm  sbecc  dbecc    pci  rxpci  txpci 
# Idx      W      C      C      %      %      %      %      %      %    MHz    MHz      %   bool     MB     MB     MB   errs   errs   errs   MB/s   MB/s 
    0    533     56     58     89     67      0      0      0      0   3201   1980      0      0 116781 116782      0      0      0      0     86     13 
    0    537     56     58     88     67      0      0      0      0   3201   1965     24      0 116781 116782      0      0      0      0     41     15 
    0    533     56     58     89     68      0      0      0      0   3201   1980     33      0 116781 116782      0      0      0      0     41     14 
    0    533     56     57     89     67      0      0      0      0   3201   1980     30      0 116781 116782      0      0      0      0     44     14 
    0    529     56     59     89     68      0      0      0      0   3201   1980     30      0 116781 116782      0      0      0      0     41     14 
    0    532     56     57     89     67      0      0      0      0   3201   1980      0      0 116781 116782      0      0      0      0     44     15 
    0    538     56     58     89     68      0      0      0      0   3201   1980     27      0 116781 116782      0      0      0      0     40     13 
    0    536     57     57     89     63      0      0      0      0   3201   1980      0      0 116781 116782      0      0      0      0     41     15 
    0    534     57     58     89     67      0      0      0      0   3201   1980      0      0 116781 116782      0      0      0      0     45     14 
    0    535     57     57     89     67      0      0      0      0   3201   1980      0      0 116781 116782      0      0      0      0     45     15 
    0    537     57     59     89     67      0      0      0      0   3201   1980      0      0 116781 116782      0      0      0      0     45     14 
    0    535     57     59     89     66      0      0      0      0   3201   1980     30      0 116781 116782      0      0      0      0     41     15 
    0    543     57     58     89     65      0      0      0      0   3201   1980      0      0 116781 116782      0      0      0      0     45     14 
    0    539     57     59     89     68      0      0      0      0   3201   1980      0      0 116781 116782      0      0      0      0     45     15 
    0    541     57     57     88     67      0      0      0      0   3201   1980      0      0 116781 116782      0      0      0      0     41     14 
    0    544     57     58     89     68      0      0      0      0   3201   1980      0      0 116781 116782      0      0      0      0     41     14 
    0    534     57     58     89     67      0      0      0      0   3201   1980      0      0 116781 116782      0      0      0      0     45     14 
    0    538     57     58     88     67      0      0      0      0   3201   1980      0      0 116781 116782      0      0      0      0     41     15 
    0    539     57     60     89     68      0      0      0      0   3201   1980      0      0 116781 116782      0      0      0      0     44     14 
    0    539     58     60     89     67      0      0      0      0   3201   1980      0      0 116781 116782      0      0      0      0     44     15 
    0    538     57     60     89     68      0      0      0      0   3201   1980      0      0 116781 116782      0      0      0      0     41     14 
    0    543     58     58     89     63      0      0      0      0   3201   1980      0      0 116781 116782      0      0      0      0     45     15 
    0    537     58     59     89     68      0      0      0      0   3201   1980      0      0 116781 116782      0      0      0      0     45     14 
    0    540     58     60     89     68      0      0      0      0   3201   1980     32      0 116781 116782      0      0      0      0     41     15 
    0    544     58     59     89     65      0      0      0      0   3201   1965     45      0 116781 116782      0      0      0      0     43     13 
    0    539     58     60     89     68      0      0      0      0   3201   1965     51      0 116781 116782      0      0      0      0     41     15 
    0    537     58     60     89     68      0      0      0      0   3201   1980     32      0 116781 116782      0      0      0      0     45     14 
    0    538     58     59     89     66      0      0      0      0   3201   1980      0      0 116781 116782      0      0      0      0     41     15 
    0    540     58     60     89     68      0      0      0      0   3201   1980      0      0 116781 116782      0      0      0      0     41     14 
    0    542     58     60     89     68      0      0      0      0   3201   1980      0      0 116781 116782      0      0      0      0     41     15 
    0    545     58     60     89     63      0      0      0      0   3201   1980      0      0 116781 116782      0      0      0      0     41     13 
    0    533     58     59     89     67      0      0      0      0   3201   1980      0      0 116781 116782      0      0      0      0     44     15 
    0    540     58     62     89     68      0      0      0      0   3201   1980      0      0 116781 116782      0      0      0      0     41     14 
    0    541     58     61     89     68      0      0      0      0   3201   1980      0      0 116781 116782      0      0      0      0     45     15 
    0    540     58     60     89     68      0      0      0      0   3201   1980      0      0 116781 116782      0      0      0      0     45     14 
    0    542     58     59     88     67      0      0      0      0   3201   1980      0      0 116781 116782      0      0      0      0     46     19 
    0    541     58     60     89     67      0      0      0      0   3201   1980      0      0 116781 116782      0      0      0      0     42     14 
    0    539     58     61     89     68      0      0      0      0   3201   1980      0      0 116781 116782      0      0      0      0     45     15 
    0    540     58     61     89     68      0      0      0      0   3201   1980      0      0 116781 116782      0      0      0      0     52     14 
    0    540     59     60     89     63      0      0      0      0   3201   1965     24      0 116781 116782      0      0      0      0     41     14 
    0    543     59     60     89     67      0      0      0      0   3201   1980     37      0 116781 116782      0      0      0      0     42     14 
    0    541     59     59     89     68      0      0      0      0   3201   1980     32      0 116781 116782      0      0      0      0     45     15 
    0    542     59     61     89     67      0      0      0      0   3201   1980     29      0 116781 116782      0      0      0      0     45     14 
    0    543     59     60     89     68      0      0      0      0   3201   1980      0      0 116781 116782      0      0      0      0     45     15 
# gpu    pwr  gtemp  mtemp     sm    mem    enc    dec    jpg    ofa   mclk   pclk  pviol  tviol     fb   bar1   ccpm  sbecc  dbecc    pci  rxpci  txpci 
# Idx      W      C      C      %      %      %      %      %      %    MHz    MHz      %   bool     MB     MB     MB   errs   errs   errs   MB/s   MB/s 
    0    546     59     58     89     64      0      0      0      0   3201   1980      0      0 116781 116782      0      0      0      0     41     14 
    0    541     59     60     88     67      0      0      0      0   3201   1980      0      0 116781 116782      0      0      0      0     41     15 
    0    542     59     61     89     68      0      0      0      0   3201   1980      0      0 116781 116782      0      0      0      0     41     14 
    0    543     60     60     89     68      0      0      0      0   3201   1980      0      0 116781 116782      0      0      0      0     43     15 
    0    541     59     61     87     66      0      0      0      0   3201   1980      0      0 116781 116782      0      0      0      0     45     14 
    0    540     59     61     89     68      0      0      0      0   3201   1980      0      0 116781 116782      0      0      0      0     45     16 
    0    543     59     60     89     68      0      0      0      0   3201   1980      0      0 116781 116782      0      0      0      0     43     14 
    0    542     59     60     89     68      0      0      0      0   3201   1980      0      0 116781 116782      0      0      0      0     41     14 
    0    542     59     59     89     68      0      0      0      0   3201   1980      0      0 116781 116782      0      0      0      0     41     14 
    0    547     59     60     89     63      0      0      0      0   3201   1980      0      0 116781 116782      0      0      0      0     41     14 
    0    538     59     61     89     68      0      0      0      0   3201   1980      0      0 116781 116782      0      0      0      0     42     14 
    0    541     59     61     88     67      0      0      0      0   3201   1980      0      0 116781 116782      0      0      0      0     43     14 
    0    546     59     61     89     68      0      0      0      0   3201   1980      0      0 116781 116782      0      0      0      0     41     14 
    0    540     59     61     89     67      0      0      0      0   3201   1980      0      0 116781 116782      0      0      0      0     42     14 
    0    541     59     61     89     68      0      0      0      0   3201   1980      0      0 116781 116782      0      0      0      0     45     19 
    0    544     59     60     89     64      0      0      0      0   3201   1980      0      0 116781 116782      0      0      0      0     43     14 
    0    541     59     61     89     67      0      0      0      0   3201   1980      0      0 116781 116782      0      0      0      0     43     14 
    0    541     59     61     89     68      0      0      0      0   3201   1980      0      0 116781 116782      0      0      0      0     41     18 
    0    540     59     60     89     63      0      0      0      0   3201   1980      0      0 116781 116782      0      0      0      0     42     14 
    0    541     59     61     89     68      0      0      0      0   3201   1980      0      0 116781 116782      0      0      0      0     41     14 
    0    538     59     60     89     67      0      0      0      0   3201   1980      0      0 116781 116782      0      0      0      0     76     14 
    0    547     59     61     89     67      0      0      0      0   3201   1980      0      0 116781 116782      0      0      0      0     41     14 
    0    540     59     62     89     68      0      0      0      0   3201   1980      0      0 116781 116782      0      0      0      0     42     14 
    0    541     59     60     89     67      0      0      0      0   3201   1980      0      0 116781 116782      0      0      0      0     44     14 
    0    545     60     61     89     63      0      0      0      0   3201   1980      0      0 116781 116782      0      0      0      0     41     14 
    0    544     60     62     89     68      0      0      0      0   3201   1980      0      0 116781 116782      0      0      0      0     43     14 
    0    543     60     62     89     68      0      0      0      0   3201   1980      0      0 116781 116782      0      0      0      0     44     14 
    0    543     60     61     89     68      0      0      0      0   3201   1980      0      0 116781 116782      0      0      0      0     44     14 
    0    540     60     62     89     67      0      0      0      0   3201   1980      0      0 116781 116782      0      0      0      0     41     14 
    0    545     61     60     89     68      0      0      0      0   3201   1980      0      0 116781 116782      0      0      0      0     42     14 
    0    543     60     61     89     68      0      0      0      0   3201   1980      0      0 116781 116782      0      0      0      0     44     14 
    0    542     60     62     89     67      0      0      0      0   3201   1980      0      0 116781 116782      0      0      0      0     45     14 
    0    545     63     61     89     68      0      0      0      0   3201   1980      0      0 116781 116782      0      0      0      0     41     14 
    0    540     60     61     89     68      0      0      0      0   3201   1980      0      0 116781 116782      0      0      0      0     45     14 
    0    539     60     60     89     67      0      0      0      0   3201   1980      0      0 116781 116782      0      0      0      0     45     13 
    0    545     60     61     89     68      0      0      0      0   3201   1965     42      0 116781 116782      0      0      0      0     41     14 
    0    541     60     60     89     68      0      0      0      0   3201   1980     45      0 116781 116782      0      0      0      0     45     14 
    0    544     60     61     89     68      0      0      0      0   3201   1980      0      0 116781 116782      0      0      0      0     44     14 
    0    547     61     58     89     63      0      0      0      0   3201   1965     46      0 116781 116782      0      0      0      0     43     14 
    0    545     60     61     88     67      0      0      0      0   3201   1980     43      0 116781 116782      0      0      0      0     43     14 
    0    544     60     62     89     67      0      0      0      0   3201   1980     32      0 116781 116782      0      0      0      0     45     13 
    0    547     60     62     89     63      0      0      0      0   3201   1980      0      0 116781 116782      0      0      0      0     41     14 
    0    542     60     62     88     66      0      0      0      0   3201   1980      0      0 116781 116782      0      0      0      0     45     14 
    0    542     60     62     88     67      0      0      0      0   3201   1980      0      0 116781 116782      0      0      0      0     41     14 
# gpu    pwr  gtemp  mtemp     sm    mem    enc    dec    jpg    ofa   mclk   pclk  pviol  tviol     fb   bar1   ccpm  sbecc  dbecc    pci  rxpci  txpci 
# Idx      W      C      C      %      %      %      %      %      %    MHz    MHz      %   bool     MB     MB     MB   errs   errs   errs   MB/s   MB/s 
    0    548     60     61     89     67      0      0      0      0   3201   1965     52      0 116781 116782      0      0      0      0     46     14 
    0    541     60     61     89     67      0      0      0      0   3201   1980     12      0 116781 116782      0      0      0      0     41     14 
    0    543     60     62     89     68      0      0      0      0   3201   1980     32      0 116781 116782      0      0      0      0     45     18 
    0    548     60     60     89     64      0      0      0      0   3201   1965     22      0 116781 116782      0      0      0      0     41     14 
    0    541     60     61     88     66      0      0      0      0   3201   1980      5      0 116781 116782      0      0      0      0     43     13 
    0    538     60     62     89     66      0      0      0      0   3201   1980      0      0 116781 116782      0      0      0      0     44     18 
    0    544     60     61     89     63      0      0      0      0   3201   1980      0      0 116781 116782      0      0      0      0     44     14 
    0    543     60     60     89     67      0      0      0      0   3201   1980      0      0 116781 116782      0      0      0      0     41     14 
    0    538     60     61     89     67      0      0      0      0   3201   1980      0      0 116781 116782      0      0      0      0     85     14 
    0    546     60     61     89     67      0      0      0      0   3201   1980      0      0 116781 116782      0      0      0      0     43     14 
    0    538     60     62     89     67      0      0      0      0   3201   1980      0      0 116781 116782      0      0      0      0     42     14 
    0    542     60     61     89     68      0      0      0      0   3201   1980      0      0 116781 116782      0      0      0      0     40     14 
    0    547     60     61     88     63      0      0      0      0   3201   1980      0      0 116781 116782      0      0      0      0     45     14 
    0    543     60     61     88     67      0      0      0      0   3201   1980      0      0 116781 116782      0      0      0      0     45     14 
    0    542     60     61     89     67      0      0      0      0   3201   1980      0      0 116781 116782      0      0      0      0     46     14 
    0    544     60     61     89     68      0      0      0      0   3201   1980      0      0 116781 116782      0      0      0      0     42     13 
    0    542     60     62     89     67      0      0      0      0   3201   1980      0      0 116781 116782      0      0      0      0     42     14 
    0    544     63     62     88     67      0      0      0      0   3201   1980      0      0 116781 116782      0      0      0      0     45     14 
    0    544     60     62     89     67      0      0      0      0   3201   1980      0      0 116781 116782      0      0      0      0     42     13 
    0    542     60     62     89     68      0      0      0      0   3201   1980      0      0 116781 116782      0      0      0      0     41     14 
    0    538     60     61     89     67      0      0      0      0   3201   1980      7      0 116781 116782      0      0      0      0     43     13 
    0    540     60     62     88     67      0      0      0      0   3201   1965     58      0 116781 116782      0      0      0      0     41     14 
    0    543     60     61     89     68      0      0      0      0   3201   1980      0      0 116781 116782      0      0      0      0     44     14 
    0    542     61     61     89     67      0      0      0      0   3201   1980     28      0 116781 116782      0      0      0      0     40     14 
    0    545     60     62     89     67      0      0      0      0   3201   1980      0      0 116781 116782      0      0      0      0     44     14 
    0    543     60     60     88     67      0      0      0      0   3201   1980      0      0 116781 116782      0      0      0      0     45     14 
    0    548     61     60     89     68      0      0      0      0   3201   1980      0      0 116781 116782      0      0      0      0     42     14 
    0    539     60     62     89     67      0      0      0      0   3201   1980      0      0 116781 116782      0      0      0      0     45     13 
    0    541     60     62     89     68      0      0      0      0   3201   1980      0      0 116781 116782      0      0      0      0     46     14 
    0    504     56     54     36     27      0      0      0      0   3201   1980      0      0 116781 116782      0      0      0      0      0      0 
