# gpu    pwr  gtemp  mtemp     sm    mem    enc    dec    jpg    ofa   mclk   pclk  pviol  tviol     fb   bar1   ccpm  sbecc  dbecc    pci  rxpci  txpci 
# Idx      W      C      C      %      %      %      %      %      %    MHz    MHz      %   bool     MB     MB     MB   errs   errs   errs   MB/s   MB/s 
    0    138     38     36      0      0      0      0      0      0   3201   1980      0      0 124645 124646      0      0      0      0      0      0 
    0    133     38     36      0      0      0      0      0      0   3201   1980      0      0 124645 124646      0      0      0      0      0      0 
    0    133     38     36      0      0      0      0      0      0   3201   1980      0      0 124645 124646      0      0      0      0      0      0 
    0    133     38     36      0      0      0      0      0      0   3201   1980      0      0 124645 124646      0      0      0      0      0      0 
    0    133     38     36      0      0      0      0      0      0   3201   1980      0      0 124645 124646      0      0      0      0      0      0 
    0    133     38     36      0      0      0      0      0      0   3201   1980      0      0 124645 124646      0      0      0      0      0      0 
    0    133     38     36      0      0      0      0      0      0   3201   1980      0      0 124645 124646      0      0      0      0      0      0 
    0    133     38     36      0      0      0      0      0      0   3201   1980      0      0 124645 124646      0      0      0      0      0      0 
    0    133     38     35      0      0      0      0      0      0   3201   1980      0      0 124645 124646      0      0      0      0      0      0 
    0    133     38     36      0      0      0      0      0      0   3201   1980      0      0 124645 124646      0      0      0      0      0      0 
    0    133     38     36      0      0      0      0      0      0   3201   1980      0      0 124645 124646      0      0      0      0      0      1 
    0    133     38     36      0      0      0      0      0      0   3201   1980      0      0 124645 124646      0      0      0      0      0      0 
    0    133     38     36      0      0      0      0      0      0   3201   1980      0      0 124645 124646      0      0      0      0      0      1 
    0    363     42     44     83     42      0      0      0      0   3201   1980      0      0 124651 124652      0      0      0      0     58     14 
    0    393     44     44     83     41      0      0      0      0   3201   1980      0      0 124651 124652      0      0      0      0     76     17 
    0    402     44     43     83     41      0      0      0      0   3201   1980      0      0 124651 124652      0      0      0      0     76     17 
    0    402     45     45     82     42      0      0      0      0   3201   1980      0      0 124651 124652      0      0      0      0     69     16 
    0    400     45     46     83     45      0      0      0      0   3201   1980      0      0 124651 124652      0      0      0      0     51     14 
    0    404     45     44     83     42      0      0      0      0   3201   1980      0      0 124651 124652      0      0      0      0     60     16 
    0    397     46     44     83     42      0      0      0      0   3201   1980      0      0 124651 124652      0      0      0      0     75     17 
    0    404     46     46     83     42      0      0      0      0   3201   1980      0      0 124651 124652      0      0      0      0     63     16 
    0    406     46     46     82     41      0      0      0      0   3201   1980      0      0 124651 124652      0      0      0      0     86     17 
    0    407     46     45     82     41      0      0      0      0   3201   1980      0      0 124651 124652      0      0      0      0     96     18 
    0    404     46     44     83     43      0      0      0      0   3201   1980      0      0 124651 124652      0      0      0      0     69     15 
    0    403     46     46     83     43      0      0      0      0   3201   1980      0      0 124651 124652      0      0      0      0     52     15 
    0    425     47     46     82     42      0      0      0      0   3201   1980      0      0 124651 124652      0      0      0      0     52     14 
    0    422     48     46     83     43      0      0      0      0   3201   1980      0      0 124651 124652      0      0      0      0     69     16 
    0    406     47     47     83     41      0      0      0      0   3201   1980      0      0 124651 124652      0      0      0      0     75     15 
    0    411     48     48     81     40      0      0      0      0   3201   1980      0      0 124651 124652      0      0      0      0     77     17 
    0    406     48     48     83     42      0      0      0      0   3201   1980      0      0 124651 124652      0      0      0      0     82     16 
    0    404     48     47     82     41      0      0      0      0   3201   1980      0      0 124651 124652      0      0      0      0     75     17 
    0    411     48     46     83     42      0      0      0      0   3201   1980      0      0 124651 124652      0      0      0      0    103     17 
    0    410     48     47     83     41      0      0      0      0   3201   1980      0      0 124651 124652      0      0      0      0     82     18 
    0    412     49     47     82     41      0      0      0      0   3201   1980      0      0 124651 124652      0      0      0      0     69     15 
    0    402     48     49     83     42      0      0      0      0   3201   1980      0      0 124651 124652      0      0      0      0     59     16 
    0    406     49     49     83     41      0      0      0      0   3201   1980      0      0 124651 124652      0      0      0      0     75     16 
    0    410     49     46     82     41      0      0      0      0   3201   1980      0      0 124651 124652      0      0      0      0     93     18 
    0    410     50     47     82     41      0      0      0      0   3201   1980      0      0 124651 124652      0      0      0      0     99     16 
    0    417     49     47     81     43      0      0      0      0   3201   1980      0      0 124651 124652      0      0      0      0     90     18 
    0    408     49     49     83     42      0      0      0      0   3201   1980      0      0 124651 124652      0      0      0      0     68     15 
    0    389     49     47      0      0      0      0      0      0   3201   1980      0      0 124651 124652      0      0      0      0     71     15 
    0    408     50     49     82     41      0      0      0      0   3201   1980      0      0 124651 124652      0      0      0      0     89     18 
    0    427     50     48     80     40      0      0      0      0   3201   1980      0      0 124651 124652      0      0      0      0    126     20 
    0    429     50     49     82     43      0      0      0      0   3201   1980      0      0 124651 124652      0      0      0      0    109     18 
# gpu    pwr  gtemp  mtemp     sm    mem    enc    dec    jpg    ofa   mclk   pclk  pviol  tviol     fb   bar1   ccpm  sbecc  dbecc    pci  rxpci  txpci 
# Idx      W      C      C      %      %      %      %      %      %    MHz    MHz      %   bool     MB     MB     MB   errs   errs   errs   MB/s   MB/s 
    0    420     50     50     83     42      0      0      0      0   3201   1980      0      0 124651 124652      0      0      0      0     83     17 
    0    409     50     48     83     42      0      0      0      0   3201   1980      0      0 124651 124652      0      0      0      0     74     16 
    0    407     50     50     81     41      0      0      0      0   3201   1980      0      0 124651 124652      0      0      0      0     60     14 
    0    398     50     48     83     43      0      0      0      0   3201   1980      0      0 124651 124652      0      0      0      0     60     15 
    0    406     50     49     83     43      0      0      0      0   3201   1980      0      0 124651 124652      0      0      0      0     60     14 
    0    409     50     51     83     43      0      0      0      0   3201   1980      0      0 124651 124652      0      0      0      0     69     16 
    0    416     51     51     81     43      0      0      0      0   3201   1980      0      0 124651 124652      0      0      0      0    117     18 
    0    429     52     49     82     42      0      0      0      0   3201   1980      0      0 124651 124652      0      0      0      0    126     18 
    0    425     51     50     82     42      0      0      0      0   3201   1980      0      0 124651 124652      0      0      0      0     99     17 
    0    414     51     49     81     41      0      0      0      0   3201   1980      0      0 124651 124652      0      0      0      0     84     16 
    0    411     51     49     83     42      0      0      0      0   3201   1980      0      0 124651 124652      0      0      0      0     71     15 
    0    414     51     51     83     41      0      0      0      0   3201   1980      0      0 124651 124652      0      0      0      0    103     18 
    0    415     51     49     83     42      0      0      0      0   3201   1980      0      0 124651 124652      0      0      0      0     90     17 
    0    416     52     50     82     41      0      0      0      0   3201   1980      0      0 124651 124652      0      0      0      0     94     17 
    0    414     51     50     82     41      0      0      0      0   3201   1980      0      0 124651 124652      0      0      0      0     86     16 
    0    412     51     49     83     42      0      0      0      0   3201   1980      0      0 124651 124652      0      0      0      0     54     14 
    0    405     51     49     83     42      0      0      0      0   3201   1980      0      0 124651 124652      0      0      0      0     69     15 
    0    408     52     49     82     41      0      0      0      0   3201   1980      0      0 124651 124652      0      0      0      0     83     17 
    0    409     51     52     84     42      0      0      0      0   3201   1980      0      0 124651 124652      0      0      0      0     63     15 
    0    409     51     52     83     42      0      0      0      0   3201   1980      0      0 124651 124652      0      0      0      0     60     15 
    0    405     52     50     82     41      0      0      0      0   3201   1980      0      0 124651 124652      0      0      0      0     77     16 
    0    412     52     50     82     41      0      0      0      0   3201   1980      0      0 124651 124652      0      0      0      0     77     16 
    0    411     52     50     83     41      0      0      0      0   3201   1980      0      0 124651 124652      0      0      0      0     67     15 
    0    408     52     52     83     42      0      0      0      0   3201   1980      0      0 124651 124652      0      0      0      0     68     15 
    0    409     52     52     81     41      0      0      0      0   3201   1980      0      0 124651 124652      0      0      0      0     69     15 
    0    408     52     52     83     41      0      0      0      0   3201   1980      0      0 124651 124652      0      0      0      0     68     15 
    0    408     52     52     83     42      0      0      0      0   3201   1980      0      0 124651 124652      0      0      0      0     69     15 
    0    408     52     52     83     43      0      0      0      0   3201   1980      0      0 124651 124652      0      0      0      0     60     14 
    0    402     52     52     83     40      0      0      0      0   3201   1980      0      0 124651 124652      0      0      0      0     95     16 
    0    417     52     50     82     41      0      0      0      0   3201   1980      0      0 124651 124652      0      0      0      0    103     17 
    0    425     53     52     81     43      0      0      0      0   3201   1980      0      0 124651 124652      0      0      0      0     90     18 
    0    417     52     52     82     40      0      0      0      0   3201   1980      0      0 124651 124652      0      0      0      0    102     17 
    0    416     52     50     83     42      0      0      0      0   3201   1980      0      0 124651 124652      0      0      0      0     86     16 
    0    412     52     50     83     42      0      0      0      0   3201   1980      0      0 124651 124652      0      0      0      0     72     15 
    0    411     52     52     83     41      0      0      0      0   3201   1980      0      0 124651 124652      0      0      0      0     71     15 
    0    409     52     52     82     41      0      0      0      0   3201   1980      0      0 124651 124652      0      0      0      0     77     16 
    0    407     52     50     83     42      0      0      0      0   3201   1980      0      0 124651 124652      0      0      0      0     59     14 
    0    407     52     51     82     41      0      0      0      0   3201   1980      0      0 124651 124652      0      0      0      0     69     15 
    0    409     52     50     83     42      0      0      0      0   3201   1980      0      0 124651 124652      0      0      0      0     68     15 
    0    410     52     51     83     43      0      0      0      0   3201   1980      0      0 124651 124652      0      0      0      0     60     15 
    0    412     53     52     83     45      0      0      0      0   3201   1980      0      0 124651 124652      0      0      0      0     50     14 
    0    179     47     44      0      0      0      0      0      0   3201   1980      0      0 124651 124652      0      0      0      0      0      0 
    0    296     51     50     83     42      0      0      0      0   3201   1980      0      0 124651 124652      0      0      0      0     60     14 
    0    405     52     51     82     41      0      0      0      0   3201   1980      0      0 124651 124652      0      0      0      0     87     17 
# gpu    pwr  gtemp  mtemp     sm    mem    enc    dec    jpg    ofa   mclk   pclk  pviol  tviol     fb   bar1   ccpm  sbecc  dbecc    pci  rxpci  txpci 
# Idx      W      C      C      %      %      %      %      %      %    MHz    MHz      %   bool     MB     MB     MB   errs   errs   errs   MB/s   MB/s 
    0    413     52     52     83     42      0      0      0      0   3201   1980      0      0 124651 124652      0      0      0      0     76     16 
    0    414     52     52     83     41      0      0      0      0   3201   1980      0      0 124651 124652      0      0      0      0     77     16 
    0    416     53     51     82     41      0      0      0      0   3201   1980      0      0 124651 124652      0      0      0      0     84     18 
    0    416     53     50     83     42      0      0      0      0   3201   1980      0      0 124651 124652      0      0      0      0     95     17 
    0    416     52     51     83     42      0      0      0      0   3201   1980      0      0 124651 124652      0      0      0      0     76     16 
    0    404     52     50     82     43      0      0      0      0   3201   1980      0      0 124651 124652      0      0      0      0     52     14 
    0    425     52     51     83     45      0      0      0      0   3201   1980      0      0 124651 124652      0      0      0      0     50     14 
    0    425     53     52     83     41      0      0      0      0   3201   1980      0      0 124651 124652      0      0      0      0     76     16 
    0    416     53     51     83     42      0      0      0      0   3201   1980      0      0 124651 124652      0      0      0      0     89     18 
    0    427     53     52     82     42      0      0      0      0   3201   1980      0      0 124651 124652      0      0      0      0     84     16 
    0    422     53     50     82     40      0      0      0      0   3201   1980      0      0 124651 124652      0      0      0      0    103     17 
    0    409     53     51     83     42      0      0      0      0   3201   1980      0      0 124651 124652      0      0      0      0     67     15 
    0    413     53     52     83     42      0      0      0      0   3201   1980      0      0 124651 124652      0      0      0      0     85     16 
    0    417     53     52     83     42      0      0      0      0   3201   1980      0      0 124651 124652      0      0      0      0     83     17 
    0    414     53     51     83     41      0      0      0      0   3201   1980      0      0 124651 124652      0      0      0      0     76     16 
    0    409     53     52     82     41      0      0      0      0   3201   1980      0      0 124651 124652      0      0      0      0     76     16 
    0    415     53     51     82     41      0      0      0      0   3201   1980      0      0 124651 124652      0      0      0      0    106     17 
    0    417     53     52     82     41      0      0      0      0   3201   1980      0      0 124651 124652      0      0      0      0     76     17 
    0    413     53     52     83     42      0      0      0      0   3201   1980      0      0 124651 124652      0      0      0      0     68     15 
    0    417     53     52     82     41      0      0      0      0   3201   1980      0      0 124651 124652      0      0      0      0     90     18 
    0    418     53     52     83     42      0      0      0      0   3201   1980      0      0 124651 124652      0      0      0      0     93     17 
    0    420     53     52     81     42      0      0      0      0   3201   1980      0      0 124651 124652      0      0      0      0     50     14 
    0    162     48     45      0      0      0      0      0      0   3201   1980      0      0 124651 124652      0      0      0      0      0      0 
