# gpu    pwr  gtemp  mtemp     sm    mem    enc    dec    jpg    ofa   mclk   pclk  pviol  tviol     fb   bar1   ccpm  sbecc  dbecc    pci  rxpci  txpci 
# Idx      W      C      C      %      %      %      %      %      %    MHz    MHz      %   bool     MB     MB     MB   errs   errs   errs   MB/s   MB/s 
    0    137     37     35      0      0      0      0      0      0   3201   1980      0      0 124645 124646      0      0      0      0      0      1 
    0    132     36     35      0      0      0      0      0      0   3201   1980      0      0 124645 124646      0      0      0      0      0      0 
    0    132     36     35      0      0      0      0      0      0   3201   1980      0      0 124645 124646      0      0      0      0      0      1 
    0    132     36     34      0      0      0      0      0      0   3201   1980      0      0 124645 124646      0      0      0      0      0      0 
    0    132     36     34      0      0      0      0      0      0   3201   1980      0      0 124645 124646      0      0      0      0      0      1 
    0    132     36     34      0      0      0      0      0      0   3201   1980      0      0 124645 124646      0      0      0      0      0      0 
    0    132     36     34      0      0      0      0      0      0   3201   1980      0      0 124645 124646      0      0      0      0      0      1 
    0    132     36     34      0      0      0      0      0      0   3201   1980      0      0 124645 124646      0      0      0      0      0      0 
    0    132     36     34      0      0      0      0      0      0   3201   1980      0      0 124645 124646      0      0      0      0      0      1 
    0    132     36     34      0      0      0      0      0      0   3201   1980      0      0 124645 124646      0      0      0      0      0      0 
    0    132     36     34      0      0      0      0      0      0   3201   1980      0      0 124645 124646      0      0      0      0      0      5 
    0    132     36     34      0      0      0      0      0      0   3201   1980      0      0 124645 124646      0      0      0      0      0      0 
    0    132     36     34      0      0      0      0      0      0   3201   1980      0      0 124645 124646      0      0      0      0      0      1 
    0    287     39     39     83     44      0      0      0      0   3201   1980      0      0 124651 124652      0      0      0      0     49     13 
    0    404     41     40     83     42      0      0      0      0   3201   1980      0      0 124651 124652      0      0      0      0     80     15 
    0    400     41     43     84     42      0      0      0      0   3201   1980      0      0 124651 124652      0      0      0      0     52     14 
    0    243     39     39      0      0      0      0      0      0   3201   1980      0      0 124651 124652      0      0      0      0     49     14 
    0    232     37     36      0      0      0      0      0      0   3201   1980      0      0 124651 124652      0      0      0      0      0      0 
    0    261     41     40     82     40      0      0      0      0   3201   1980      0      0 124651 124652      0      0      0      0     49     14 
    0    333     41     43     83     40      0      0      0      0   3201   1980      0      0 124651 124652      0      0      0      0     49     14 
    0    343     39     38      0      0      0      0      0      0   3201   1980      0      0 124651 124652      0      0      0      0      0      1 
    0    274     42     42     83     40      0      0      0      0   3201   1980      0      0 124651 124652      0      0      0      0     66     15 
    0    311     42     42     83     44      0      0      0      0   3201   1980      0      0 124651 124652      0      0      0      0      0      1 
    0    274     38     37      0      0      0      0      0      0   3201   1980      0      0 124651 124652      0      0      0      0      0      0 
    0    271     38     37      0      0      0      0      0      0   3201   1980      0      0 124651 124652      0      0      0      0      0      0 
    0    133     37     36      0      0      0      0      0      0   3201   1980      0      0 124651 124652      0      0      0      0     19     13 
    0    317     41     41      0      0      0      0      0      0   3201   1980      0      0 124651 124652      0      0      0      0     51     13 
    0    338     41     40     77     37      0      0      0      0   3201   1980      0      0 124651 124652      0      0      0      0     57     14 
    0    388     42     43     84     42      0      0      0      0   3201   1980      0      0 124651 124652      0      0      0      0      0      0 
    0    158     38     36      0      0      0      0      0      0   3201   1980      0      0 124651 124652      0      0      0      0     50     13 
    0    401     42     43     83     41      0      0      0      0   3201   1980      0      0 124651 124652      0      0      0      0     50     13 
    0    348     43     44     82     40      0      0      0      0   3201   1980      0      0 124651 124652      0      0      0      0     49     13 
    0    401     43     43     83     44      0      0      0      0   3201   1980      0      0 124651 124652      0      0      0      0     57     13 
    0    413     44     45     83     44      0      0      0      0   3201   1980      0      0 124651 124652      0      0      0      0      0      0 
    0    171     41     42      0      0      0      0      0      0   3201   1980      0      0 124651 124652      0      0      0      0     49     13 
    0    389     43     43     82     41      0      0      0      0   3201   1980      0      0 124651 124652      0      0      0      0     59     14 
    0    380     43     43     84     42      0      0      0      0   3201   1980      0      0 124651 124652      0      0      0      0     13     14 
    0    396     44     43     82     39      0      0      0      0   3201   1980      0      0 124651 124652      0      0      0      0     68     15 
    0    399     44     43     84     44      0      0      0      0   3201   1980      0      0 124651 124652      0      0      0      0     58     14 
    0    240     39     38      0      0      0      0      0      0   3201   1980      0      0 124651 124652      0      0      0      0      0      0 
    0    135     39     37      0      0      0      0      0      0   3201   1980      0      0 124651 124652      0      0      0      0     49     14 
    0    398     43     43     82     41      0      0      0      0   3201   1980      0      0 124651 124652      0      0      0      0     59     14 
    0    397     44     43     84     41      0      0      0      0   3201   1980      0      0 124651 124652      0      0      0      0     52     13 
    0    402     44     45     82     42      0      0      0      0   3201   1980      0      0 124651 124652      0      0      0      0      0      0 
# gpu    pwr  gtemp  mtemp     sm    mem    enc    dec    jpg    ofa   mclk   pclk  pviol  tviol     fb   bar1   ccpm  sbecc  dbecc    pci  rxpci  txpci 
# Idx      W      C      C      %      %      %      %      %      %    MHz    MHz      %   bool     MB     MB     MB   errs   errs   errs   MB/s   MB/s 
    0    292     41     40      0      0      0      0      0      0   3201   1980      0      0 124651 124652      0      0      0      0      0      0 
    0    289     40     39      0      0      0      0      0      0   3201   1980      0      0 124651 124652      0      0      0      0      0      1 
    0    135     39     37      0      0      0      0      0      0   3201   1980      0      0 124651 124652      0      0      0      0     16     14 
    0    363     41     41     83     44      0      0      0      0   3201   1980      0      0 124651 124652      0      0      0      0      0      1 
    0    135     39     37      0      0      0      0      0      0   3201   1980      0      0 124651 124652      0      0      0      0      0      0 
    0    362     43     44     84     44      0      0      0      0   3201   1980      0      0 124651 124652      0      0      0      0     50     14 
    0    369     44     42     83     38      0      0      0      0   3201   1980      0      0 124651 124652      0      0      0      0     74     16 
    0    392     44     43     54     28      0      0      0      0   3201   1980      0      0 124651 124652      0      0      0      0     52     14 
    0    401     44     44     84     41      0      0      0      0   3201   1980      0      0 124651 124652      0      0      0      0     59     14 
    0    323     40     39      0      0      0      0      0      0   3201   1980      0      0 124651 124652      0      0      0      0      0      1 
    0    290     43     44     84     42      0      0      0      0   3201   1980      0      0 124651 124652      0      0      0      0     51     14 
    0    373     43     42     55     29      0      0      0      0   3201   1980      0      0 124651 124652      0      0      0      0     58     16 
    0    393     44     44     84     42      0      0      0      0   3201   1980      0      0 124651 124652      0      0      0      0     59     13 
    0    302     44     44     83     42      0      0      0      0   3201   1980      0      0 124651 124652      0      0      0      0     49     13 
    0    368     44     44     79     40      0      0      0      0   3201   1980      0      0 124651 124652      0      0      0      0     51     13 
    0    203     40     38      0      0      0      0      0      0   3201   1980      0      0 124651 124652      0      0      0      0      0      0 
    0    300     43     43     82     41      0      0      0      0   3201   1980      0      0 124651 124652      0      0      0      0     49     13 
    0    407     44     44     83     42      0      0      0      0   3201   1980      0      0 124651 124652      0      0      0      0     59     14 
    0    245     40     39      0      0      0      0      0      0   3201   1980      0      0 124651 124652      0      0      0      0      0      0 
    0    318     44     46     83     43      0      0      0      0   3201   1980      0      0 124651 124652      0      0      0      0     50     13 
    0    301     44     43     83     44      0      0      0      0   3201   1980      0      0 124651 124652      0      0      0      0      0      0 
    0    327     41     40      0      0      0      0      0      0   3201   1980      0      0 124651 124652      0      0      0      0      0      0 
    0    344     42     42      0      0      0      0      0      0   3201   1980      0      0 124651 124652      0      0      0      0      0      0 
    0    310     44     45     84     43      0      0      0      0   3201   1980      0      0 124651 124652      0      0      0      0     50     13 
    0    258     42     41     25     12      0      0      0      0   3201   1980      0      0 124651 124652      0      0      0      0     49     14 
    0    360     42     41      0      0      0      0      0      0   3201   1980      0      0 124651 124652      0      0      0      0     46     13 
    0    374     43     43      0      0      0      0      0      0   3201   1980      0      0 124651 124652      0      0      0      0      0      0 
    0    168     42     43     29     14      0      0      0      0   3201   1980      0      0 124651 124652      0      0      0      0     49     13 
    0    405     44     43     83     42      0      0      0      0   3201   1980      0      0 124651 124652      0      0      0      0     51     13 
    0    414     45     46     83     41      0      0      0      0   3201   1980      0      0 124651 124652      0      0      0      0     51     14 
    0    400     45     43     83     39      0      0      0      0   3201   1980      0      0 124651 124652      0      0      0      0     69     15 
    0    402     45     44     84     43      0      0      0      0   3201   1980      0      0 124651 124652      0      0      0      0     51     13 
    0    409     45     44     83     44      0      0      0      0   3201   1980      0      0 124651 124652      0      0      0      0     49     14 
    0    400     45     45     71     37      0      0      0      0   3201   1980      0      0 124651 124652      0      0      0      0      0      0 
    0    245     44     44     84     42      0      0      0      0   3201   1980      0      0 124651 124652      0      0      0      0     55     16 
    0    291     40     39      0      0      0      0      0      0   3201   1980      0      0 124651 124652      0      0      0      0      0      0 
    0    275     41     39      0      0      0      0      0      0   3201   1980      0      0 124651 124652      0      0      0      0     49     14 
    0    374     44     43     83     41      0      0      0      0   3201   1980      0      0 124651 124652      0      0      0      0     51     13 
    0    209     43     43     83     44      0      0      0      0   3201   1980      0      0 124651 124652      0      0      0      0     49     13 
    0    350     42     43     74     39      0      0      0      0   3201   1980      0      0 124651 124652      0      0      0      0      0      0 
    0    136     39     38      0      0      0      0      0      0   3201   1980      0      0 124651 124652      0      0      0      0      0      0 
    0    135     39     37      0      0      0      0      0      0   3201   1980      0      0 124651 124652      0      0      0      0      0      0 
    0    215     42     43     84     42      0      0      0      0   3201   1980      0      0 124651 124652      0      0      0      0     57     14 
    0    272     43     43     83     40      0      0      0      0   3201   1980      0      0 124651 124652      0      0      0      0     59     14 
# gpu    pwr  gtemp  mtemp     sm    mem    enc    dec    jpg    ofa   mclk   pclk  pviol  tviol     fb   bar1   ccpm  sbecc  dbecc    pci  rxpci  txpci 
# Idx      W      C      C      %      %      %      %      %      %    MHz    MHz      %   bool     MB     MB     MB   errs   errs   errs   MB/s   MB/s 
    0    371     42     43     83     43      0      0      0      0   3201   1980      0      0 124651 124652      0      0      0      0      0      0 
    0    273     40     39      0      0      0      0      0      0   3201   1980      0      0 124651 124652      0      0      0      0     30     13 
    0    398     44     44     83     40      0      0      0      0   3201   1980      0      0 124651 124652      0      0      0      0     59     14 
    0    387     44     43     83     43      0      0      0      0   3201   1980      0      0 124651 124652      0      0      0      0     50     13 
    0    315     41     40      0      0      0      0      0      0   3201   1980      0      0 124651 124652      0      0      0      0      0      0 
    0    273     40     39      0      0      0      0      0      0   3201   1980      0      0 124651 124652      0      0      0      0      0      0 
    0    135     39     37      0      0      0      0      0      0   3201   1980      0      0 124651 124652      0      0      0      0     50     13 
    0    285     39     38      0      0      0      0      0      0   3201   1980      0      0 124651 124652      0      0      0      0     58     14 
    0    374     43     42     53     27      0      0      0      0   3201   1980      0      0 124651 124652      0      0      0      0     57     14 
    0    379     43     44     21     10      0      0      0      0   3201   1980      0      0 124651 124652      0      0      0      0      0      0 
    0    359     44     45     83     44      0      0      0      0   3201   1980      0      0 124651 124652      0      0      0      0      0      0 
    0    210     43     41     83     44      0      0      0      0   3201   1980      0      0 124651 124652      0      0      0      0     48     13 
    0    377     44     45     84     41      0      0      0      0   3201   1980      0      0 124651 124652      0      0      0      0     50     13 
    0    395     44     44     59     31      0      0      0      0   3201   1980      0      0 124651 124652      0      0      0      0      0      0 
    0    189     43     42     83     44      0      0      0      0   3201   1980      0      0 124651 124652      0      0      0      0     52     13 
    0    412     44     43     82     43      0      0      0      0   3201   1980      0      0 124651 124652      0      0      0      0     63     14 
    0    372     44     44     82     43      0      0      0      0   3201   1980      0      0 124651 124652      0      0      0      0     59     14 
    0    357     42     41      0      0      0      0      0      0   3201   1980      0      0 124651 124652      0      0      0      0      0      0 
    0    211     43     44     84     44      0      0      0      0   3201   1980      0      0 124651 124652      0      0      0      0     49     14 
    0    362     44     45     83     39      0      0      0      0   3201   1980      0      0 124651 124652      0      0      0      0     73     15 
    0    348     41     41      7      3      0      0      0      0   3201   1980      0      0 124651 124652      0      0      0      0      0      0 
