# gpu    pwr  gtemp  mtemp     sm    mem    enc    dec    jpg    ofa   mclk   pclk  pviol  tviol     fb   bar1   ccpm  sbecc  dbecc    pci  rxpci  txpci 
# Idx      W      C      C      %      %      %      %      %      %    MHz    MHz      %   bool     MB     MB     MB   errs   errs   errs   MB/s   MB/s 
    0    142     39     37      0      0      0      0      0      0   3201   1980      0      0 124645 124646      0      0      0      0      0      1 
    0    134     39     36      0      0      0      0      0      0   3201   1980      0      0 124645 124646      0      0      0      0      0      0 
    0    134     38     36      0      0      0      0      0      0   3201   1980      0      0 124645 124646      0      0      0      0      0      1 
    0    134     38     36      0      0      0      0      0      0   3201   1980      0      0 124645 124646      0      0      0      0      0      0 
    0    134     38     36      0      0      0      0      0      0   3201   1980      0      0 124645 124646      0      0      0      0      0      0 
    0    134     38     36      0      0      0      0      0      0   3201   1980      0      0 124645 124646      0      0      0      0      0      0 
    0    133     38     36      0      0      0      0      0      0   3201   1980      0      0 124645 124646      0      0      0      0      0      0 
    0    133     38     36      0      0      0      0      0      0   3201   1980      0      0 124645 124646      0      0      0      0      0      0 
    0    133     38     36      0      0      0      0      0      0   3201   1980      0      0 124645 124646      0      0      0      0      0      0 
    0    133     38     36      0      0      0      0      0      0   3201   1980      0      0 124645 124646      0      0      0      0      0      0 
    0    133     38     36      0      0      0      0      0      0   3201   1980      0      0 124645 124646      0      0      0      0      0      0 
    0    133     38     36      0      0      0      0      0      0   3201   1980      0      0 124645 124646      0      0      0      0      0      0 
    0    133     38     36      0      0      0      0      0      0   3201   1980      0      0 124645 124646      0      0      0      0      0      0 
    0    135     38     36      0      0      0      0      0      0   3201   1980      0      0 124649 124650      0      0      0      0      0      0 
    0    138     38     36      0      0      0      0      0      0   3201   1980      0      0 124651 124652      0      0      0      0      0      0 
    0    330     42     41     83     40      0      0      0      0   3201   1980      0      0 124651 124652      0      0      0      0     50     14 
    0    243     42     41     83     44      0      0      0      0   3201   1980      0      0 124651 124652      0      0      0      0     50     14 
    0    217     39     37      0      0      0      0      0      0   3201   1980      0      0 124651 124652      0      0      0      0      1      0 
    0    298     43     44     83     41      0      0      0      0   3201   1980      0      0 124651 124652      0      0      0      0     50     13 
    0    332     43     44     83     42      0      0      0      0   3201   1980      0      0 124651 124652      0      0      0      0     49     15 
    0    306     40     39      0      0      0      0      0      0   3201   1980      0      0 124651 124652      0      0      0      0      0      0 
    0    272     44     43     84     40      0      0      0      0   3201   1980      0      0 124651 124652      0      0      0      0     15      1 
    0    272     41     40     83     44      0      0      0      0   3201   1980      0      0 124651 124652      0      0      0      0      0      0 
    0    273     40     39      0      0      0      0      0      0   3201   1980      0      0 124651 124652      0      0      0      0      0      1 
    0    270     40     39      0      0      0      0      0      0   3201   1980      0      0 124651 124652      0      0      0      0      0      0 
    0    137     40     38      0      0      0      0      0      0   3201   1980      0      0 124651 124652      0      0      0      0     49     14 
    0    321     44     44     82     43      0      0      0      0   3201   1980      0      0 124651 124652      0      0      0      0     58     14 
    0    332     44     43     36     19      0      0      0      0   3201   1980      0      0 124651 124652      0      0      0      0     58     15 
    0    359     42     42     43     22      0      0      0      0   3201   1980      0      0 124651 124652      0      0      0      0      0      0 
    0    184     43     42     83     44      0      0      0      0   3201   1980      0      0 124651 124652      0      0      0      0     49     14 
    0    398     45     46     84     41      0      0      0      0   3201   1980      0      0 124651 124652      0      0      0      0     49      3 
    0    347     45     43     84     42      0      0      0      0   3201   1980      0      0 124651 124652      0      0      0      0     62     15 
    0    405     46     45     82     42      0      0      0      0   3201   1980      0      0 124651 124652      0      0      0      0     49     14 
    0    384     44     43     43     22      0      0      0      0   3201   1980      0      0 124651 124652      0      0      0      0      0      1 
    0    206     45     45     75     39      0      0      0      0   3201   1980      0      0 124651 124652      0      0      0      0     49     13 
    0    381     46     44     84     41      0      0      0      0   3201   1980      0      0 124651 124652      0      0      0      0     51     14 
    0    372     46     44     65     33      0      0      0      0   3201   1980      0      0 124651 124652      0      0      0      0     50     13 
    0    388     46     47     83     39      0      0      0      0   3201   1980      0      0 124651 124652      0      0      0      0     63     17 
    0    401     46     47     83     41      0      0      0      0   3201   1980      0      0 124651 124652      0      0      0      0     52     13 
    0    212     42     40      0      0      0      0      0      0   3201   1980      0      0 124651 124652      0      0      0      0      0      1 
    0    164     44     42     31     16      0      0      0      0   3201   1980      0      0 124651 124652      0      0      0      0     56     14 
    0    396     46     44     84     41      0      0      0      0   3201   1980      0      0 124651 124652      0      0      0      0     58     14 
    0    400     47     47     84     41      0      0      0      0   3201   1980      0      0 124651 124652      0      0      0      0     56     14 
    0    360     44     43     83     44      0      0      0      0   3201   1980      0      0 124651 124652      0      0      0      0      0      0 
# gpu    pwr  gtemp  mtemp     sm    mem    enc    dec    jpg    ofa   mclk   pclk  pviol  tviol     fb   bar1   ccpm  sbecc  dbecc    pci  rxpci  txpci 
# Idx      W      C      C      %      %      %      %      %      %    MHz    MHz      %   bool     MB     MB     MB   errs   errs   errs   MB/s   MB/s 
    0    284     43     41      0      0      0      0      0      0   3201   1980      0      0 124651 124652      0      0      0      0      0      1 
    0    284     43     41      0      0      0      0      0      0   3201   1980      0      0 124651 124652      0      0      0      0      0      0 
    0    137     42     40      0      0      0      0      0      0   3201   1980      0      0 124651 124652      0      0      0      0     52     13 
    0    338     43     42     18      9      0      0      0      0   3201   1980      0      0 124651 124652      0      0      0      0      0      0 
    0    137     42     39      0      0      0      0      0      0   3201   1980      0      0 124651 124652      0      0      0      0      0      7 
    0    400     47     46     84     44      0      0      0      0   3201   1980      0      0 124651 124652      0      0      0      0      0      0 
    0    354     47     47     83     39      0      0      0      0   3201   1980      0      0 124651 124652      0      0      0      0     67     15 
    0    387     47     48     83     44      0      0      0      0   3201   1980      0      0 124651 124652      0      0      0      0     49     14 
    0    398     47     48     84     40      0      0      0      0   3201   1980      0      0 124651 124652      0      0      0      0     54     15 
    0    282     43     42      0      0      0      0      0      0   3201   1980      0      0 124651 124652      0      0      0      0      0      0 
    0    299     47     47     82     41      0      0      0      0   3201   1980      0      0 124651 124652      0      0      0      0      0      8 
    0    367     47     48     72     38      0      0      0      0   3201   1980      0      0 124651 124652      0      0      0      0     69     15 
    0    394     47     46     84     41      0      0      0      0   3201   1980      0      0 124651 124652      0      0      0      0      0      0 
    0    318     47     47     65     34      0      0      0      0   3201   1980      0      0 124651 124652      0      0      0      0     58     14 
    0    364     47     46     83     44      0      0      0      0   3201   1980      0      0 124651 124652      0      0      0      0     50     14 
    0    159     43     41      0      0      0      0      0      0   3201   1980      0      0 124651 124652      0      0      0      0      0      0 
    0    336     47     48     83     43      0      0      0      0   3201   1980      0      0 124651 124652      0      0      0      0     49     15 
    0    404     48     46     83     41      0      0      0      0   3201   1980      0      0 124651 124652      0      0      0      0     59     14 
    0    211     43     41      0      0      0      0      0      0   3201   1980      0      0 124651 124652      0      0      0      0      0      1 
    0    358     47     47     84     44      0      0      0      0   3201   1980      0      0 124651 124652      0      0      0      0      0      0 
    0    279     46     46     83     44      0      0      0      0   3201   1980      0      0 124651 124652      0      0      0      0     52     15 
    0    319     44     42      0      0      0      0      0      0   3201   1980      0      0 124651 124652      0      0      0      0     49     14 
    0    340     44     43      0      0      0      0      0      0   3201   1980      0      0 124651 124652      0      0      0      0      0      1 
    0    351     48     47     83     44      0      0      0      0   3201   1980      0      0 124651 124652      0      0      0      0     50     13 
    0    259     47     44     66     35      0      0      0      0   3201   1980      0      0 124651 124652      0      0      0      0     53     14 
    0    348     47     47     21     11      0      0      0      0   3201   1980      0      0 124651 124652      0      0      0      0     50     13 
    0    346     44     43      0      0      0      0      0      0   3201   1980      0      0 124651 124652      0      0      0      0      0      1 
    0    213     47     46     71     37      0      0      0      0   3201   1980      0      0 124651 124652      0      0      0      0     49     14 
    0    401     48     48     84     43      0      0      0      0   3201   1980      0      0 124651 124652      0      0      0      0     58     14 
    0    399     48     48     83     41      0      0      0      0   3201   1980      0      0 124651 124652      0      0      0      0     58     14 
    0    401     48     46     84     40      0      0      0      0   3201   1980      0      0 124651 124652      0      0      0      0     67     14 
    0    410     49     49     84     44      0      0      0      0   3201   1980      0      0 124651 124652      0      0      0      0     52     14 
    0    405     49     47     84     44      0      0      0      0   3201   1980      0      0 124651 124652      0      0      0      0     51     10 
    0    388     48     50     84     44      0      0      0      0   3201   1980      0      0 124651 124652      0      0      0      0      0      0 
    0    275     48     47     84     41      0      0      0      0   3201   1980      0      0 124651 124652      0      0      0      0     59     14 
    0    279     44     43      0      0      0      0      0      0   3201   1980      0      0 124651 124652      0      0      0      0     35     14 
    0    316     47     46     46     24      0      0      0      0   3201   1980      0      0 124651 124652      0      0      0      0     49     13 
    0    368     48     46     83     43      0      0      0      0   3201   1980      0      0 124651 124652      0      0      0      0      0      0 
    0    222     48     46     83     45      0      0      0      0   3201   1980      0      0 124651 124652      0      0      0      0     50     14 
    0    336     45     43      0      0      0      0      0      0   3201   1980      0      0 124651 124652      0      0      0      0      0      0 
    0    139     43     41      0      0      0      0      0      0   3201   1980      0      0 124651 124652      0      0      0      0      0      0 
    0    138     43     41      0      0      0      0      0      0   3201   1980      0      0 124651 124652      0      0      0      0      0      0 
    0    247     47     45     83     43      0      0      0      0   3201   1980      0      0 124651 124652      0      0      0      0     59     14 
    0    273     47     46     83     43      0      0      0      0   3201   1980      0      0 124651 124652      0      0      0      0     60     14 
# gpu    pwr  gtemp  mtemp     sm    mem    enc    dec    jpg    ofa   mclk   pclk  pviol  tviol     fb   bar1   ccpm  sbecc  dbecc    pci  rxpci  txpci 
# Idx      W      C      C      %      %      %      %      %      %    MHz    MHz      %   bool     MB     MB     MB   errs   errs   errs   MB/s   MB/s 
    0    327     44     43      0      0      0      0      0      0   3201   1980      0      0 124651 124652      0      0      0      0      0      0 
    0    274     44     43      0      0      0      0      0      0   3201   1980      0      0 124651 124652      0      0      0      0     53     14 
    0    412     48     46     83     43      0      0      0      0   3201   1980      0      0 124651 124652      0      0      0      0     56     26 
    0    395     48     47     83     45      0      0      0      0   3201   1980      0      0 124651 124652      0      0      0      0      0      0 
    0    278     44     43      0      0      0      0      0      0   3201   1980      0      0 124651 124652      0      0      0      0      0      0 
    0    276     44     42      0      0      0      0      0      0   3201   1980      0      0 124651 124652      0      0      0      0      0      0 
    0    159     45     42     77     42      0      0      0      0   3201   1980      0      0 124651 124652      0      0      0      0     52     14 
    0    285     45     43     84     42      0      0      0      0   3201   1980      0      0 124651 124652      0      0      0      0     61     15 
    0    371     47     45     83     43      0      0      0      0   3201   1980      0      0 124651 124652      0      0      0      0     59     14 
    0    371     46     44     38     19      0      0      0      0   3201   1980      0      0 124651 124652      0      0      0      0      0     12 
    0    363     46     45      0      0      0      0      0      0   3201   1980      0      0 124651 124652      0      0      0      0      0      0 
    0    221     47     47     83     45      0      0      0      0   3201   1980      0      0 124651 124652      0      0      0      0     54     15 
    0    370     48     49     83     44      0      0      0      0   3201   1980      0      0 124651 124652      0      0      0      0     52     14 
    0    380     47     46     77     42      0      0      0      0   3201   1980      0      0 124651 124652      0      0      0      0      1      1 
    0    228     48     46     84     46      0      0      0      0   3201   1980      0      0 124651 124652      0      0      0      0     50     14 
    0    427     49     50     83     45      0      0      0      0   3201   1980      0      0 124651 124652      0      0      0      0     50     15 
    0    379     49     49     83     43      0      0      0      0   3201   1980      0      0 124651 124652      0      0      0      0     68     15 
    0    335     45     43      0      0      0      0      0      0   3201   1980      0      0 124651 124652      0      0      0      0      0     17 
    0    253     48     48     83     45      0      0      0      0   3201   1980      0      0 124651 124652      0      0      0      0     51     14 
    0    360     49     47     83     40      0      0      0      0   3201   1980      0      0 124651 124652      0      0      0      0     74     17 
    0    311     45     43      0      0      0      0      0      0   3201   1980      0      0 124651 124652      0      0      0      0      0      0 
    0    139     44     42      0      0      0      0      0      0   3201   1980      0      0 124651 124652      0      0      0      0      0      0 
    0    138     43     41      0      0      0      0      0      0   3201   1980      0      0 124651 124652      0      0      0      0      0      0 
    0    138     43     41      0      0      0      0      0      0   3201   1980      0      0 124651 124652      0      0      0      0      4      0 
    0    138     43     40      0      0      0      0      0      0   3201   1980      0      0 124651 124652      0      0      0      0      0      0 
    0    138     43     40      0      0      0      0      0      0   3201   1980      0      0 124651 124652      0      0      0      0      0      0 
    0    138     42     40      0      0      0      0      0      0   3201   1980      0      0 124651 124652      0      0      0      0      0      0 
    0 