# gpu    pwr  gtemp  mtemp     sm    mem    enc    dec    jpg    ofa   mclk   pclk  pviol  tviol     fb   bar1   ccpm  sbecc  dbecc    pci  rxpci  txpci 
# Idx      W      C      C      %      %      %      %      %      %    MHz    MHz      %   bool     MB     MB     MB   errs   errs   errs   MB/s   MB/s 
    0    132     37     35      0      0      0      0      0      0   3201   1980      0      0 124645 124646      0      0      0      0      0      0 
    0    133     36     35      0      0      0      0      0      0   3201   1980      0      0 124645 124646      0      0      0      0      0      0 
    0    132     36     34      0      0      0      0      0      0   3201   1980      0      0 124645 124646      0      0      0      0      0      0 
    0    132     36     34      0      0      0      0      0      0   3201   1980      0      0 124645 124646      0      0      0      0      0      0 
    0    132     36     34      0      0      0      0      0      0   3201   1980      0      0 124645 124646      0      0      0      0      0      0 
    0    132     36     34      0      0      0      0      0      0   3201   1980      0      0 124645 124646      0      0      0      0      0      0 
    0    132     36     34      0      0      0      0      0      0   3201   1980      0      0 124645 124646      0      0      0      0      0      0 
    0    132     36     34      0      0      0      0      0      0   3201   1980      0      0 124645 124646      0      0      0      0      0      0 
    0    132     36     34      0      0      0      0      0      0   3201   1980      0      0 124645 124646      0      0      0      0      0      0 
    0    132     36     34      0      0      0      0      0      0   3201   1980      0      0 124645 124646      0      0      0      0      0      0 
    0    132     36     34      0      0      0      0      0      0   3201   1980      0      0 124645 124646      0      0      0      0      0      0 
    0    132     36     34      0      0      0      0      0      0   3201   1980      0      0 124645 124646      0      0      0      0      0      0 
    0    132     36     34      0      0      0      0      0      0   3201   1980      0      0 124645 124646      0      0      0      0      0      5 
    0    381     41     37     83     40      0      0      0      0   3201   1980      0      0 124651 124652      0      0      0      0     68     15 
    0    402     41     42     83     40      0      0      0      0   3201   1980      0      0 124651 124652      0      0      0      0     68     15 
    0    400     41     43     83     41      0      0      0      0   3201   1980      0      0 124651 124652      0      0      0      0     51     14 
    0    410     43     42     81     37      0      0      0      0   3201   1980      0      0 124651 124652      0      0      0      0     83     17 
    0    408     43     42     72     34      0      0      0      0   3201   1980      0      0 124651 124652      0      0      0      0     80     17 
    0    402     43     43     82     39      0      0      0      0   3201   1980      0      0 124651 124652      0      0      0      0     80     18 
    0    414     43     45     83     42      0      0      0      0   3201   1980      0      0 124651 124652      0      0      0      0     89     18 
    0    435     44     43     83     40      0      0      0      0   3201   1980      0      0 124651 124652      0      0      0      0    135     16 
    0    397     43     43     83     42      0      0      0      0   3201   1980      0      0 124651 124652      0      0      0      0     74     14 
    0    434     46     42     81     39      0      0      0      0   3201   1980      0      0 124651 124652      0      0      0      0    118     18 
    0    419     44     44     83     39      0      0      0      0   3201   1980      0      0 124651 124652      0      0      0      0     87     18 
    0    414     44     43     81     37      0      0      0      0   3201   1980      0      0 124651 124652      0      0      0      0     62     17 
    0    401     44     43     83     41      0      0      0      0   3201   1980      0      0 124651 124652      0      0      0      0     67     18 
    0    411     44     43     83     40      0      0      0      0   3201   1980      0      0 124651 124652      0      0      0      0     68     16 
    0    406     45     45     82     39      0      0      0      0   3201   1980      0      0 124651 124652      0      0      0      0     86     18 
    0    434     45     43     82     40      0      0      0      0   3201   1980      0      0 124651 124652      0      0      0      0    108     16 
    0    408     45     43     83     39      0      0      0      0   3201   1980      0      0 124651 124652      0      0      0      0     69     14 
    0    402     44     44     83     42      0      0      0      0   3201   1980      0      0 124651 124652      0      0      0      0     52     15 
    0    330     45     44     84     40      0      0      0      0   3201   1980      0      0 124651 124652      0      0      0      0     67     18 
    0    415     45     45     83     39      0      0      0      0   3201   1980      0      0 124651 124652      0      0      0      0     96     15 
    0    412     46     43     83     39      0      0      0      0   3201   1980      0      0 124651 124652      0      0      0      0     95     21 
    0    426     45     45     83     40      0      0      0      0   3201   1980      0      0 124651 124652      0      0      0      0     76     16 
    0    413     45     45     82     39      0      0      0      0   3201   1980      0      0 124651 124652      0      0      0      0    108     18 
    0    414     46     43     83     41      0      0      0      0   3201   1980      0      0 124651 124652      0      0      0      0     83     16 
    0    248     41     39      0      0      0      0      0      0   3201   1980      0      0 124651 124652      0      0      0      0      0      0 
