# gpu    pwr  gtemp  mtemp     sm    mem    enc    dec    jpg    ofa   mclk   pclk  pviol  tviol     fb   bar1   ccpm  sbecc  dbecc    pci  rxpci  txpci 
# Idx      W      C      C      %      %      %      %      %      %    MHz    MHz      %   bool     MB     MB     MB   errs   errs   errs   MB/s   MB/s 
    0    145     37     35     37     21      0      0      0      0   3201   1980      0      0 124645 124646      0      0      0      0      0      0 
    0    141     37     35      0      0      0      0      0      0   3201   1980      0      0 124645 124646      0      0      0      0      0      1 
    0    132     36     34      0      0      0      0      0      0   3201   1980      0      0 124645 124646      0      0      0      0      0      0 
    0    132     36     34      0      0      0      0      0      0   3201   1980      0      0 124645 124646      0      0      0      0      0      1 
    0    132     36     34      0      0      0      0      0      0   3201   1980      0      0 124645 124646      0      0      0      0      0      0 
    0    132     36     34      0      0      0      0      0      0   3201   1980      0      0 124645 124646      0      0      0      0      0      1 
    0    132     36     34      0      0      0      0      0      0   3201   1980      0      0 124645 124646      0      0      0      0      0      0 
    0    132     36     34      0      0      0      0      0      0   3201   1980      0      0 124645 124646      0      0      0      0      0      1 
    0    132     36     34      0      0      0      0      0      0   3201   1980      0      0 124645 124646      0      0      0      0      0      0 
    0    132     36     34      0      0      0      0      0      0   3201   1980      0      0 124645 124646      0      0      0      0      1      1 
    0    132     36     34      0      0      0      0      0      0   3201   1980      0      0 124645 124646      0      0      0      0      0      0 
    0    132     36     34      0      0      0      0      0      0   3201   1980      0      0 124645 124646      0      0      0      0      0      1 
    0    132     36     34      0      0      0      0      0      0   3201   1980      0      0 124645 124646      0      0      0      0      0      0 
    0    343     41     41     82     39      0      0      0      0   3201   1980      0      0 124651 124652      0      0      0      0     62     16 
    0    392     42     39     82     43      0      0      0      0   3201   1980      0      0 124651 124652      0      0      0      0     49     13 
    0    315     41     40     80     41      0      0      0      0   3201   1980      0      0 124651 124652      0      0      0      0     59     15 
    0    392     42     42     83     43      0      0      0      0   3201   1980      0      0 124651 124652      0      0      0      0     51     13 
    0    370     42     43     83     44      0      0      0      0   3201   1980      0      0 124651 124652      0      0      0      0     49     16 
    0    410     43     43     83     44      0      0      0      0   3201   1980      0      0 124651 124652      0      0      0      0     31      0 
    0    284     42     41     83     44      0      0      0      0   3201   1980      0      0 124651 124652      0      0      0      0     55     15 
    0    394     43     43     83     41      0      0      0      0   3201   1980      0      0 124651 124652      0      0      0      0     59     14 
    0    355     43     43     83     40      0      0      0      0   3201   1980      0      0 124651 124652      0      0      0      0     62     16 
    0    405     43     43     83     41      0      0      0      0   3201   1980      0      0 124651 124652      0      0      0      0     66     14 
    0    350     40     39      0      0      0      0      0      0   3201   1980      0      0 124651 124652      0      0      0      0     49     14 
    0    404     43     43     83     41      0      0      0      0   3201   1980      0      0 124651 124652      0      0      0      0     66     15 
    0    410     44     43     81     38      0      0      0      0   3201   1980      0      0 124651 124652      0      0      0      0     66     16 
    0    250     39     38      0      0      0      0      0      0   3201   1980      0      0 124651 124652      0      0      0      0     72     16 
    0    410     44     43     83     40      0      0      0      0   3201   1980      0      0 124651 124652      0      0      0      0    103     20 
    0    402     44     44     84     42      0      0      0      0   3201   1980      0      0 124651 124652      0      0      0      0     96     15 
    0    293     40     39      0      0      0      0      0      0   3201   1980      0      0 124651 124652      0      0      0      0     49     15 
    0    299     40     39      0      0      0      0      0      0   3201   1980      0      0 124651 124652      0      0      0      0     49     13 
    0    404     45     44     82     37      0      0      0      0   3201   1980      0      0 124651 124652      0      0      0      0    105     22 
    0    415     45     45     84     41      0      0      0      0   3201   1980      0      0 124651 124652      0      0      0      0    113     15 
    0    372     44     45     83     41      0      0      0      0   3201   1980      0      0 124651 124652      0      0      0      0     92     17 
    0    411     44     43     84     41      0      0      0      0   3201   1980      0      0 124651 124652      0      0      0      0     62     14 
    0    404     45     44     83     40      0      0      0      0   3201   1980      0      0 124651 124652      0      0      0      0     49     14 
    0    328     44     43     84     40      0      0      0      0   3201   1980      0      0 124651 124652      0      0      0      0     61     15 
    0    380     42     42     43     23      0      0      0      0   3201   1980      0      0 124651 124652      0      0      0      0      0      1 
    0    394     45     43     83     44      0      0      0      0   3201   1980      0      0 124651 124652      0      0      0      0     59     14 
    0    399     44     46     84     42      0      0      0      0   3201   1980      0      0 124651 124652      0      0      0      0     53     14 
    0    404     45     45     83     44      0      0      0      0   3201   1980      0      0 124651 124652      0      0      0      0     51     13 
    0    403     45     44     83     42      0      0      0      0   3201   1980      0      0 124651 124652      0      0      0      0     49     15 
    0    343     46     44     83     41      0      0      0      0   3201   1980      0      0 124651 124652      0      0      0      0     74     15 
    0    410     45     45     81     37      0      0      0      0   3201   1980      0      0 124651 124652      0      0      0      0     74     16 
# gpu    pwr  gtemp  mtemp     sm    mem    enc    dec    jpg    ofa   mclk   pclk  pviol  tviol     fb   bar1   ccpm  sbecc  dbecc    pci  rxpci  txpci 
# Idx      W      C      C      %      %      %      %      %      %    MHz    MHz      %   bool     MB     MB     MB   errs   errs   errs   MB/s   MB/s 
    0    401     45     46     84     42      0      0      0      0   3201   1980      0      0 124651 124652      0      0      0      0     91     14 
    0    394     45     44     83     41      0      0      0      0   3201   1980      0      0 124651 124652      0      0      0      0     69     16 
    0    384     45     44     83     44      0      0      0      0   3201   1980      0      0 124651 124652      0      0      0      0     59     15 
    0    385     45     46     12      5      0      0      0      0   3201   1980      0      0 124651 124652      0      0      0      0     52     15 
    0    304     41     40      0      0      0      0      0      0   3201   1980      0      0 124651 124652      0      0      0      0      0      0 
    0    189     43     42     83     41      0      0      0      0   3201   1980      0      0 124651 124652      0      0      0      0     59     14 
    0    396     45     46     83     40      0      0      0      0   3201   1980      0      0 124651 124652      0      0      0      0     59     14 
    0    410     45     43     82     37      0      0      0      0   3201   1980      0      0 124651 124652      0      0      0      0     69     15 
    0    404     45     46     84     42      0      0      0      0   3201   1980      0      0 124651 124652      0      0      0      0     68     15 
    0    300     43     43      2      1      0      0      0      0   3201   1980      0      0 124651 124652      0      0      0      0     49     13 
    0    410     46     44     81     37      0      0      0      0   3201   1980      0      0 124651 124652      0      0      0      0     69     16 
    0    408     45     45     83     41      0      0      0      0   3201   1980      0      0 124651 124652      0      0      0      0     69     15 
    0    381     46     46     84     41      0      0      0      0   3201   1980      0      0 124651 124652      0      0      0      0     74     15 
    0    371     45     45     83     44      0      0      0      0   3201   1980      0      0 124651 124652      0      0      0      0     49     17 
    0    401     46     45     82     39      0      0      0      0   3201   1980      0      0 124651 124652      0      0      0      0     73     17 
    0    365     45     45     51     25      0      0      0      0   3201   1980      0      0 124651 124652      0      0      0      0     49     14 
    0    412     46     46     83     41      0      0      0      0   3201   1980      0      0 124651 124652      0      0      0      0     51     13 
    0    167     40     39      0      0      0      0      0      0   3201   1980      0      0 124651 124652      0      0      0      0      0      0 
