# gpu    pwr  gtemp  mtemp     sm    mem    enc    dec    jpg    ofa   mclk   pclk  pviol  tviol     fb   bar1   ccpm  sbecc  dbecc    pci  rxpci  txpci 
# Idx      W      C      C      %      %      %      %      %      %    MHz    MHz      %   bool     MB     MB     MB   errs   errs   errs   MB/s   MB/s 
    0    136     40     38      0      0      0      0      0      0   3201   1980      0      0 124645 124646      0      0      0      0      0      0 
    0    137     40     38      0      0      0      0      0      0   3201   1980      0      0 124645 124646      0      0      0      0      0      0 
    0    136     40     38      0      0      0      0      0      0   3201   1980      0      0 124645 124646      0      0      0      0      0      0 
    0    136     40     38      0      0      0      0      0      0   3201   1980      0      0 124645 124646      0      0      0      0      0      0 
    0    136     40     38      0      0      0      0      0      0   3201   1980      0      0 124645 124646      0      0      0      0      0      0 
    0    136     40     38      0      0      0      0      0      0   3201   1980      0      0 124645 124646      0      0      0      0      0     11 
    0    135     40     38      0      0      0      0      0      0   3201   1980      0      0 124645 124646      0      0      0      0      0      0 
    0    135     40     38      0      0      0      0      0      0   3201   1980      0      0 124645 124646      0      0      0      0      0      0 
    0    135     40     37      0      0      0      0      0      0   3201   1980      0      0 124645 124646      0      0      0      0      0      1 
    0    135     40     38      0      0      0      0      0      0   3201   1980      0      0 124645 124646      0      0      0      0      0      0 
    0    135     40     37      0      0      0      0      0      0   3201   1980      0      0 124645 124646      0      0      0      0      0      1 
    0    135     39     37      0      0      0      0      0      0   3201   1980      0      0 124645 124646      0      0      0      0      0      5 
    0    135     39     37      0      0      0      0      0      0   3201   1980      0      0 124645 124646      0      0      0      0      0      1 
    0    175     42     40     39     18      0      0      0      0   3201   1980      0      0 124651 124652      0      0      0      0      0      0 
    0    220     41     39     12      6      0      0      0      0   3201   1980      0      0 124651 124652      0      0      0      0     49     14 
    0    247     42     43     16      8      0      0      0      0   3201   1980      0      0 124651 124652      0      0      0      0      0      8 
    0    176     40     38      0      0      0      0      0      0   3201   1980      0      0 124651 124652      0      0      0      0      0      1 
    0    173     40     38      0      0      0      0      0      0   3201   1980      0      0 124651 124652      0      0      0      0      0      0 
    0    176     42     43     84     44      0      0      0      0   3201   1980      0      0 124651 124652      0      0      0      0     46     14 
    0    202     41     40      0      0      0      0      0      0   3201   1980      0      0 124651 124652      0      0      0      0      0      0 
    0    217     40     39      0      0      0      0      0      0   3201   1980      0      0 124651 124652      0      0      0      0      0      1 
    0    212     44     43     80     32      0      0      0      0   3201   1980      0      0 124651 124652      0      0      0      0      0      0 
    0    180     41     40     77     40      0      0      0      0   3201   1980      0      0 124651 124652      0      0      0      0      0      0 
    0    175     40     38      0      0      0      0      0      0   3201   1980      0      0 124651 124652      0      0      0      0      0      0 
    0    176     40     38      0      0      0      0      0      0   3201   1980      0      0 124651 124652      0      0      0      0      0      0 
    0    136     40     37      0      0      0      0      0      0   3201   1980      0      0 124651 124652      0      0      0      0      0      0 
    0    176     40     38      0      0      0      0      0      0   3201   1980      0      0 124651 124652      0      0      0      0      0      0 
    0    214     40     38      0      0      0      0      0      0   3201   1980      0      0 124651 124652      0      0      0      0      0      0 
    0    264     42     42      7      4      0      0      0      0   3201   1980      0      0 124651 124652      0      0      0      0      0      0 
    0    136     40     38      0      0      0      0      0      0   3201   1980      0      0 124651 124652      0      0      0      0      0      0 
    0    278     43     43     83     44      0      0      0      0   3201   1980      0      0 124651 124652      0      0      0      0     15      0 
    0    199     41     40     27     14      0      0      0      0   3201   1980      0      0 124651 124652      0      0      0      0     49      2 
    0    232     43     43     53     28      0      0      0      0   3201   1980      0      0 124651 124652      0      0      0      0      0      0 
    0    218     44     43     28     15      0      0      0      0   3201   1980      0      0 124651 124652      0      0      0      0      0      0 
    0    136     40     38      0      0      0      0      0      0   3201   1980      0      0 124651 124652      0      0      0      0      0      0 
    0    232     41     40     62     33      0      0      0      0   3201   1980      0      0 124651 124652      0      0      0      0      0      0 
    0    230     44     41     34     17      0      0      0      0   3201   1980      0      0 124651 124652      0      0      0      0      0      0 
    0    208     43     40     69     35      0      0      0      0   3201   1980      0      0 124651 124652      0      0      0      0     86     14 
    0    294     44     42     35     17      0      0      0      0   3201   1980      0      0 124651 124652      0      0      0      0      0      0 
    0    178     41     39      0      0      0      0      0      0   3201   1980      0      0 124651 124652      0      0      0      0      0      1 
    0    136     40     38      0      0      0      0      0      0   3201   1980      0      0 124651 124652      0      0      0      0      0      0 
    0    255     41     39      0      0      0      0      0      0   3201   1980      0      0 124651 124652      0      0      0      0     54     15 
    0    338     44     43     82     42      0      0      0      0   3201   1980      0      0 124651 124652      0      0      0      0      0      0 
    0    280     43     42     54     29      0      0      0      0   3201   1980      0      0 124651 124652      0      0      0      0      0      1 
# gpu    pwr  gtemp  mtemp     sm    mem    enc    dec    jpg    ofa   mclk   pclk  pviol  tviol     fb   bar1   ccpm  sbecc  dbecc    pci  rxpci  txpci 
# Idx      W      C      C      %      %      %      %      %      %    MHz    MHz      %   bool     MB     MB     MB   errs   errs   errs   MB/s   MB/s 
    0    194     41     39      0      0      0      0      0      0   3201   1980      0      0 124651 124652      0      0      0      0      0      0 
    0    197     41     39      0      0      0      0      0      0   3201   1980      0      0 124651 124652      0      0      0      0      0      1 
    0    136     40     39      0      0      0      0      0      0   3201   1980      0      0 124651 124652      0      0      0      0      0      0 
    0    219     41     39      0      0      0      0      0      0   3201   1980      0      0 124651 124652      0      0      0      0      0      1 
    0    136     40     38      0      0      0      0      0      0   3201   1980      0      0 124651 124652      0      0      0      0      0      0 
    0    203     40     39     52     26      0      0      0      0   3201   1980      0      0 124651 124652      0      0      0      0      0      1 
    0    273     43     43     84     43      0      0      0      0   3201   1980      0      0 124651 124652      0      0      0      0     59     14 
    0    270     41     40      0      0      0      0      0      0   3201   1980      0      0 124651 124652      0      0      0      0      0     14 
    0    277     42     40     25     12      0      0      0      0   3201   1980      0      0 124651 124652      0      0      0      0     59     14 
    0    224     41     39      0      0      0      0      0      0   3201   1980      0      0 124651 124652      0      0      0      0      0      0 
    0    214     44     42     32     17      0      0      0      0   3201   1980      0      0 124651 124652      0      0      0      0      0      0 
    0    208     41     39      0      0      0      0      0      0   3201   1980      0      0 124651 124652      0      0      0      0      0      0 
    0    287     44     42      9      3      0      0      0      0   3201   1980      0      0 124651 124652      0      0      0      0      0      0 
    0    185     41     40      0      0      0      0      0      0   3201   1980      0      0 124651 124652      0      0      0      0      0      0 
    0    220     41     39      0      0      0      0      0      0   3201   1980      0      0 124651 124652      0      0      0      0     49     13 
    0    175     41     39      0      0      0      0      0      0   3201   1980      0      0 124651 124652      0      0      0      0      0      0 
    0    215     42     40     71     36      0      0      0      0   3201   1980      0      0 124651 124652      0      0      0      0      0      0 
    0    216     41     39      0      0      0      0      0      0   3201   1980      0      0 124651 124652      0      0      0      0     49     13 
    0    215     41     39      0      0      0      0      0      0   3201   1980      0      0 124651 124652      0      0      0      0      0      0 
    0    212     44     43      0      0      0      0      0      0   3201   1980      0      0 124651 124652      0      0      0      0      0      0 
    0    183     42     41     28     13      0      0      0      0   3201   1980      0      0 124651 124652      0      0      0      0      0      0 
    0    219     41     39      0      0      0      0      0      0   3201   1980      0      0 124651 124652      0      0      0      0      0      0 
    0    215     41     39      0      0      0      0      0      0   3201   1980      0      0 124651 124652      0      0      0      0      1      1 
    0    175     41     39      0      0      0      0      0      0   3201   1980      0      0 124651 124652      0      0      0      0      1     14 
    0    176     41     39      0      0      0      0      0      0   3201   1980      0      0 124651 124652      0      0      0      0      0      1 
    0    218     41     39      0      0      0      0      0      0   3201   1980      0      0 124651 124652      0      0      0      0      0      0 
    0    217     41     39      0      0      0      0      0      0   3201   1980      0      0 124651 124652      0      0      0      0      0      1 
    0    136     40     38      0      0      0      0      0      0   3201   1980      0      0 124651 124652      0      0      0      0      0      0 
    0    235     44     42     21     11      0      0      0      0   3201   1980      0      0 124651 124652      0      0      0      0      0      1 
    0    225     41     39      0      0      0      0      0      0   3201   1980      0      0 124651 124652      0      0      0      0      0      8 
    0    255     42     40      0      0      0      0      0      0   3201   1980      0      0 124651 124652      0      0      0      0     87     15 
    0    255     41     39      0      0      0      0      0      0   3201   1980      0      0 124651 124652      0      0      0      0     28     16 
    0    215     41     39      0      0      0      0      0      0   3201   1980      0      0 124651 124652      0      0      0      0     52     14 
    0    238     42     40      0      0      0      0      0      0   3201   1980      0      0 124651 124652      0      0      0      0      0      0 
    0    171     44     43     74     37      0      0      0      0   3201   1980      0      0 124651 124652      0      0      0      0      0      1 
    0    215     41     39      0      0      0      0      0      0   3201   1980      0      0 124651 124652      0      0      0      0      0      0 
    0    175     41     39      0      0      0      0      0      0   3201   1980      0      0 124651 124652      0      0      0      0      0      1 
    0    236     43     43     83     43      0      0      0      0   3201   1980      0      0 124651 124652      0      0      0      0      0      0 
    0    138     40     38      0      0      0      0      0      0   3201   1980      0      0 124651 124652      0      0      0      0      0      0 
    0    214     41     39     14      7      0      0      0      0   3201   1980      0      0 124651 124652      0      0      0      0      0      0 
    0    136     40     38      0      0      0      0      0      0   3201   1980      0      0 124651 124652      0      0      0      0      0      0 
    0    136     40     38      0      0      0      0      0      0   3201   1980      0      0 124651 124652      0      0      0      0      0      0 
    0    140     43     39      0      0      0      0      0      0   3201   1980      0      0 124651 124652      0      0      0      0     85     14 
    0    198     40     38      0      0      0      0      0      0   3201   1980      0      0 124651 124652      0      0      0      0     52     13 
# gpu    pwr  gtemp  mtemp     sm    mem    enc    dec    jpg    ofa   mclk   pclk  pviol  tviol     fb   bar1   ccpm  sbecc  dbecc    pci  rxpci  txpci 
# Idx      W      C      C      %      %      %      %      %      %    MHz    MHz      %   bool     MB     MB     MB   errs   errs   errs   MB/s   MB/s 
    0    268     41     39     10      5      0      0      0      0   3201   1980      0      0 124651 124652      0      0      0      0      0      0 
    0    173     41     39      0      0      0      0      0      0   3201   1980      0      0 124651 124652      0      0      0      0      0      0 
    0    213     41     40     19     10      0      0      0      0   3201   1980      0      0 124651 124652      0      0      0      0     86     14 
    0    238     44     40      0      0      0      0      0      0   3201   1980      0      0 124651 124652      0      0      0      0      4      0 
    0    182     41     39      0      0      0      0      0      0   3201   1980      0      0 124651 124652      0      0      0      0      0      0 
    0    178     41     39      0      0      0      0      0      0   3201   1980      0      0 124651 124652      0      0      0      0      0      0 
    0    136     40     38      0      0      0      0      0      0   3201   1980      0      0 124651 124652      0      0      0      0      0      0 
    0    177     40     38      0      0      0      0      0      0   3201   1980      0      0 124651 124652      0      0      0      0      0      0 
    0    226     41     39      0      0      0      0      0      0   3201   1980      0      0 124651 124652      0      0      0      0      0      0 
    0    296     42     40     82     41      0      0      0      0   3201   1980      0      0 124651 124652      0      0      0      0      0      0 
    0    252     42     41     33     17      0      0      0      0   3201   1980      0      0 124651 124652      0      0      0      0      0      0 
    0    137     41     38      0      0      0      0      0      0   3201   1980      0      0 124651 124652      0      0      0      0      0     18 
    0    251     42     40     83     43      0      0      0      0   3201   1980      0      0 124651 124652      0      0      0      0      0      0 
    0    257     43     41     81     41      0      0      0      0   3201   1980      0      0 124651 124652      0      0      0      0      0      1 
    0    136     40     38      0      0      0      0      0      0   3201   1980      0      0 124651 124652      0      0      0      0      0      0 
    0    230     43     42     10      4      0      0      0      0   3201   1980      0      0 124651 124652      0      0      0      0     22      1 
    0    183     43     41      0      0      0      0      0      0   3201   1980      0      0 124651 124652      0      0      0      0     49     13 
    0    326     42     40     14      8      0      0      0      0   3201   1980      0      0 124651 124652      0      0      0      0      0      1 
    0    136     41     39      0      0      0      0      0      0   3201   1980      0      0 124651 124652      0      0      0      0     51     13 
    0    212     41     39      0      0      0      0      0      0   3201   1980      0      0 124651 124652      0      0      0      0     49     15 
    0    291     41     40      0      0      0      0      0      0   3201   1980      0      0 124651 124652      0      0      0      0      0      0 
