# gpu    pwr  gtemp  mtemp     sm    mem    enc    dec    jpg    ofa   mclk   pclk  pviol  tviol     fb   bar1   ccpm  sbecc  dbecc    pci  rxpci  txpci 
# Idx      W      C      C      %      %      %      %      %      %    MHz    MHz      %   bool     MB     MB     MB   errs   errs   errs   MB/s   MB/s 
    0    148     41     41      4      2      0      0      0      0   3201   1980      0      0 124645 124646      0      0      0      0      0      1 
    0    135     39     37      0      0      0      0      0      0   3201   1980      0      0 124645 124646      0      0      0      0      0      0 
    0    135     39     37      0      0      0      0      0      0   3201   1980      0      0 124645 124646      0      0      0      0      0      1 
    0    134     39     37      0      0      0      0      0      0   3201   1980      0      0 124645 124646      0      0      0      0      0      0 
    0    134     39     37      0      0      0      0      0      0   3201   1980      0      0 124645 124646      0      0      0      0      0      5 
    0    134     39     37      0      0      0      0      0      0   3201   1980      0      0 124645 124646      0      0      0      0      0      0 
    0    134     39     37      0      0      0      0      0      0   3201   1980      0      0 124645 124646      0      0      0      0      0      1 
    0    134     39     37      0      0      0      0      0      0   3201   1980      0      0 124645 124646      0      0      0      0      0      0 
    0    134     39     37      0      0      0      0      0      0   3201   1980      0      0 124645 124646      0      0      0      0      0      1 
    0    134     39     37      0      0      0      0      0      0   3201   1980      0      0 124645 124646      0      0      0      0      0      0 
    0    134     39     37      0      0      0      0      0      0   3201   1980      0      0 124645 124646      0      0      0      0      0      1 
    0    134     39     37      0      0      0      0      0      0   3201   1980      0      0 124645 124646      0      0      0      0      0      0 
    0    134     39     37      0      0      0      0      0      0   3201   1980      0      0 124645 124646      0      0      0      0      0      1 
    0    241     43     43     83     45      0      0      0      0   3201   1980      0      0 124651 124652      0      0      0      0     51     14 
    0    414     44     43     83     43      0      0      0      0   3201   1980      0      0 124651 124652      0      0      0      0     86     15 
    0    405     45     46     83     43      0      0      0      0   3201   1980      0      0 124651 124652      0      0      0      0     59     14 
    0    372     42     41      0      0      0      0      0      0   3201   1980      0      0 124651 124652      0      0      0      0      0      1 
    0    348     42     41     51     28      0      0      0      0   3201   1980      0      0 124651 124652      0      0      0      0      0      0 
    0    201     45     43     80     42      0      0      0      0   3201   1980      0      0 124651 124652      0      0      0      0     59     14 
    0    405     46     47     83     45      0      0      0      0   3201   1980      0      0 124651 124652      0      0      0      0     50     14 
    0    409     47     47     83     45      0      0      0      0   3201   1980      0      0 124651 124652      0      0      0      0     50     15 
    0    278     46     44     85     36      0      0      0      0   3201   1980      0      0 124651 124652      0      0      0      0     75     15 
    0    395     47     47     83     46      0      0      0      0   3201   1980      0      0 124651 124652      0      0      0      0     53     16 
    0    422     47     48     83     45      0      0      0      0   3201   1980      0      0 124651 124652      0      0      0      0     51     14 
    0    345     47     48     83     45      0      0      0      0   3201   1980      0      0 124651 124652      0      0      0      0     50     15 
    0    169     42     41      0      0      0      0      0      0   3201   1980      0      0 124651 124652      0      0      0      0     10      0 
    0    338     47     47     81     44      0      0      0      0   3201   1980      0      0 124651 124652      0      0      0      0      0      2 
    0    413     48     47     83     45      0      0      0      0   3201   1980      0      0 124651 124652      0      0      0      0     53     14 
    0    420     48     48     83     42      0      0      0      0   3201   1980      0      0 124651 124652      0      0      0      0     59     14 
    0    267     43     42      0      0      0      0      0      0   3201   1980      0      0 124651 124652      0      0      0      0      0      0 
    0    390     48     46     83     39      0      0      0      0   3201   1980      0      0 124651 124652      0      0      0      0     63     15 
    0    414     49     48     83     41      0      0      0      0   3201   1980      0      0 124651 124652      0      0      0      0     59     14 
    0    416     49     47     83     42      0      0      0      0   3201   1980      0      0 124651 124652      0      0      0      0     69     15 
    0    421     49     49     83     43      0      0      0      0   3201   1980      0      0 124651 124652      0      0      0      0     50     14 
    0    271     44     43      0      0      0      0      0      0   3201   1980      0      0 124651 124652      0      0      0      0      0      0 
    0    388     49     46     83     43      0      0      0      0   3201   1980      0      0 124651 124652      0      0      0      0     59     14 
    0    424     49     47     84     42      0      0      0      0   3201   1980      0      0 124651 124652      0      0      0      0     59     15 
    0    429     50     49     84     41      0      0      0      0   3201   1980      0      0 124651 124652      0      0      0      0     75     16 
    0    424     50     48     84     40      0      0      0      0   3201   1980      0      0 124651 124652      0      0      0      0     60     15 
    0    390     47     45     83     46      0      0      0      0   3201   1980      0      0 124651 124652      0      0      0      0      0      0 
    0    140     44     42      0      0      0      0      0      0   3201   1980      0      0 124651 124652      0      0      0      0      0      0 
    0    346     49     48     83     42      0      0      0      0   3201   1980      0      0 124651 124652      0      0      0      0     85     16 
    0    426     50     50     83     41      0      0      0      0   3201   1980      0      0 124651 124652      0      0      0      0     77     16 
    0    427     50     50     82     42      0      0      0      0   3201   1980      0      0 124651 124652      0      0      0      0     74     16 
# gpu    pwr  gtemp  mtemp     sm    mem    enc    dec    jpg    ofa   mclk   pclk  pviol  tviol     fb   bar1   ccpm  sbecc  dbecc    pci  rxpci  txpci 
# Idx      W      C      C      %      %      %      %      %      %    MHz    MHz      %   bool     MB     MB     MB   errs   errs   errs   MB/s   MB/s 
    0    401     50     51     83     43      0      0      0      0   3201   1980      0      0 124651 124652      0      0      0      0     59     14 
    0    380     50     48     83     43      0      0      0      0   3201   1980      0      0 124651 124652      0      0      0      0     59     14 
    0    197     45     43      0      0      0      0      0      0   3201   1980      0      0 124651 124652      0      0      0      0      0      0 
    0    335     49     48     83     43      0      0      0      0   3201   1980      0      0 124651 124652      0      0      0      0     53     14 
    0    232     45     43      0      0      0      0      0      0   3201   1980      0      0 124651 124652      0      0      0      0      0      0 
    0    309     50     49     84     42      0      0      0      0   3201   1980      0      0 124651 124652      0      0      0      0     60     14 
    0    435     52     50     83     42      0      0      0      0   3201   1980      0      0 124651 124652      0      0      0      0     92     16 
    0    433     51     51     83     42      0      0      0      0   3201   1980      0      0 124651 124652      0      0      0      0     62     15 
    0    424     51     50     84     41      0      0      0      0   3201   1980      0      0 124651 124652      0      0      0      0     68     16 
    0    420     51     48     81     45      0      0      0      0   3201   1980      0      0 124651 124652      0      0      0      0     54     14 
    0    274     50     47     83     45      0      0      0      0   3201   1980      0      0 124651 124652      0      0      0      0     60     15 
    0    407     51     51     83     43      0      0      0      0   3201   1980      0      0 124651 124652      0      0      0      0     60     17 
    0    429     51     51     83     42      0      0      0      0   3201   1980      0      0 124651 124652      0      0      0      0     69     15 
    0    393     51     52     83     43      0      0      0      0   3201   1980      0      0 124651 124652      0      0      0      0     60     15 
    0    415     55     51     83     43      0      0      0      0   3201   1980      0      0 124651 124652      0      0      0      0     60     15 
    0    355     47     45      0      0      0      0      0      0   3201   1980      0      0 124651 124652      0      0      0      0      0      0 
    0    270     50     48     83     44      0      0      0      0   3201   1980      0      0 124651 124652      0      0      0      0     59     15 
    0    417     51     51     83     44      0      0      0      0   3201   1980      0      0 124651 124652      0      0      0      0     60     16 
    0    367     48     46     67     37      0      0      0      0   3201   1980      0      0 124651 124652      0      0      0      0      0      0 
    0    261     51     49     81     44      0      0      0      0   3201   1980      0      0 124651 124652      0      0      0      0     60     14 
    0    379     51     49     83     45      0      0      0      0   3201   1980      0      0 124651 124652      0      0      0      0     51     14 
    0    424     51     49     83     43      0      0      0      0   3201   1980      0      0 124651 124652      0      0      0      0     60     14 
    0    401     51     52     83     43      0      0      0      0   3201   1980      0      0 124651 124652      0      0      0      0     55     14 
    0    346     51     50     83     45      0      0      0      0   3201   1980      0      0 124651 124652      0      0      0      0     60     14 
    0    346     48     45      0      0      0      0      0      0   3201   1980      0      0 124651 124652      0      0      0      0     54     14 
    0    418     52     52     83     46      0      0      0      0   3201   1980      0      0 124651 124652      0      0      0      0     54     14 
    0    428     52     52     83     43      0      0      0      0   3201   1980      0      0 124651 124652      0      0      0      0     51     14 
    0    241     47     44      0      0      0      0      0      0   3201   1980      0      0 124651 124652      0      0      0      0      0     11 
    0    416     52     49     83     43      0      0      0      0   3201   1980      0      0 124651 124652      0      0      0      0     60     15 
    0    422     52     48     83     42      0      0      0      0   3201   1980      0      0 124651 124652      0      0      0      0     77     16 
    0    430     56     51     83     43      0      0      0      0   3201   1980      0      0 124651 124652      0      0      0      0     68     15 
    0    425     52     52     84     43      0      0      0      0   3201   1980      0      0 124651 124652      0      0      0      0     60     14 
    0    423     53     52     84     42      0      0      0      0   3201   1980      0      0 124651 124652      0      0      0      0     60     15 
    0    425     52     50     83     43      0      0      0      0   3201   1980      0      0 124651 124652      0      0      0      0     60     14 
    0    322     52     51     63     33      0      0      0      0   3201   1980      0      0 124651 124652      0      0      0      0     59     15 
    0    423     52     52     81     43      0      0      0      0   3201   1980      0      0 124651 124652      0      0      0      0      0      0 
    0    341     52     52     83     45      0      0      0      0   3201   1980      0      0 124651 124652      0      0      0      0     44      0 
    0    409     53     49     82     41      0      0      0      0   3201   1980      0      0 124651 124652      0      0      0      0     60     14 
    0    290     48     45      0      0      0      0      0      0   3201   1980      0      0 124651 124652      0      0      0      0     52     14 
    0    429     53     50     82     44      0      0      0      0   3201   1980      0      0 124651 124652      0      0      0      0     51     14 
    0    234     47     44      0      0      0      0      0      0   3201   1980      0      0 124651 124652      0      0      0      0      0      0 
    0    142     47     44      0      0      0      0      0      0   3201   1980      0      0 124651 124652      0      0      0      0      0      0 
    0    181     52     48      0      0      0      0      0      0   3201   1980      0      0 124651 124652      0      0      0      0     59     14 
    0    351     48     45      3      2      0      0      0      0   3201   1980      0      0 124651 124652      0      0      0      0     60     14 
# gpu    pwr  gtemp  mtemp     sm    mem    enc    dec    jpg    ofa   mclk   pclk  pviol  tviol     fb   bar1   ccpm  sbecc  dbecc    pci  rxpci  txpci 
# Idx      W      C      C      %      %      %      %      %      %    MHz    MHz      %   bool     MB     MB     MB   errs   errs   errs   MB/s   MB/s 
    0    416     52     50     83     43      0      0      0      0   3201   1980      0      0 124651 124652      0      0      0      0     59     14 
    0    386     52     52     83     45      0      0      0      0   3201   1980      0      0 124651 124652      0      0      0      0     50     14 
    0    409     54     51     84     44      0      0      0      0   3201   1980      0      0 124651 124652      0      0      0      0     67     16 
    0    420     52     52     83     43      0      0      0      0   3201   1980      0      0 124651 124652      0      0      0      0     59     14 
    0    429     53     52     83     45      0      0      0      0   3201   1980      0      0 124651 124652      0      0      0      0     50     14 
    0    357     52     51     82     45      0      0      0      0   3201   1980      0      0 124651 124652      0      0      0      0     50     14 
    0    168     47     44      0      0      0      0      0      0   3201   1980      0      0 124651 124652      0      0      0      0      0      0 
    0    359     51     50     83     45      0      0      0      0   3201   1980      0      0 124651 124652      0      0      0      0      0      0 
    0    397     52     52     83     42      0      0      0      0   3201   1980      0      0 124651 124652      0      0      0      0     68     17 
    0    433     53     50     82     42      0      0      0      0   3201   1980      0      0 124651 124652      0      0      0      0     74     16 
    0    426     53     51     84     42      0      0      0      0   3201   1980      0      0 124651 124652      0      0      0      0     64     15 
    0    279     48     45      0      0      0      0      0      0   3201   1980      0      0 124651 124652      0      0      0      0     53     14 
    0    430     52     53     83     42      0      0      0      0   3201   1980      0      0 124651 124652      0      0      0      0     67     15 
    0    429     53     52     83     42      0      0      0      0   3201   1980      0      0 124651 124652      0      0      0      0     60     14 
    0    261     49     45      0      0      0      0      0      0   3201   1980      0      0 124651 124652      0      0      0      0     50     14 
    0    429     52     52     83     46      0      0      0      0   3201   1980      0      0 124651 124652      0      0      0      0     59     14 
    0    424     53     52     83     41      0      0      0      0   3201   1980      0      0 124651 124652      0      0      0      0     60     15 
    0    430     53     52     83     42      0      0      0      0   3201   1980      0      0 124651 124652      0      0      0      0     69     15 
    0    248     51     50      0      0      0      0      0      0   3201   1980      0      0 124651 124652      0      0      0      0     50     14 
    0    431     53     52     83     45      0      0      0      0   3201   1980      0      0 124651 124652      0      0      0      0     69     15 
    0    429     53     50     83     42      0      0      0      0   3201   1980      0      0 124651 124652      0      0      0      0     51     14 
    0    215     48     45      0      0      0      0      0      0   3201   1980      0      0 124651 124652      0      0      0      0      0      0 
