# gpu    pwr  gtemp  mtemp     sm    mem    enc    dec    jpg    ofa   mclk   pclk  pviol  tviol     fb   bar1   ccpm  sbecc  dbecc    pci  rxpci  txpci 
# Idx      W      C      C      %      %      %      %      %      %    MHz    MHz      %   bool     MB     MB     MB   errs   errs   errs   MB/s   MB/s 
    0    135     37     35      0      0      0      0      0      0   3201   1980      0      0 124645 124646      0      0      0      0      0      1 
    0    133     37     35      0      0      0      0      0      0   3201   1980      0      0 124645 124646      0      0      0      0      0      0 
    0    132     36     34      0      0      0      0      0      0   3201   1980      0      0 124645 124646      0      0      0      0      0      1 
    0    132     36     35      0      0      0      0      0      0   3201   1980      0      0 124645 124646      0      0      0      0      0      0 
    0    132     36     34      0      0      0      0      0      0   3201   1980      0      0 124645 124646      0      0      0      0      0      1 
    0    132     36     34      0      0      0      0      0      0   3201   1980      0      0 124645 124646      0      0      0      0      0      0 
    0    132     36     34      0      0      0      0      0      0   3201   1980      0      0 124645 124646      0      0      0      0      0      1 
    0    132     36     34      0      0      0      0      0      0   3201   1980      0      0 124645 124646      0      0      0      0      0      0 
    0    132     36     34      0      0      0      0      0      0   3201   1980      0      0 124645 124646      0      0      0      0      0      1 
    0    132     36     34      0      0      0      0      0      0   3201   1980      0      0 124645 124646      0      0      0      0      0      0 
    0    132     36     34      0      0      0      0      0      0   3201   1980      0      0 124645 124646      0      0      0      0      0      1 
    0    132     36     34      0      0      0      0      0      0   3201   1980      0      0 124645 124646      0      0      0      0      0      0 
    0    132     36     34      0      0      0      0      0      0   3201   1980      0      0 124645 124646      0      0      0      0      0      0 
    0    373     42     41     81     38      0      0      0      0   3201   1980      0      0 124651 124652      0      0      0      0     85     16 
    0    418     42     41     79     38      0      0      0      0   3201   1980      0      0 124651 124652      0      0      0      0    112     16 
    0    435     43     43     82     41      0      0      0      0   3201   1980      0      0 124651 124652      0      0      0      0    153     18 
    0    455     45     41     79     35      0      0      0      0   3201   1980      0      0 124651 124652      0      0      0      0    141     21 
    0    445     48     43     80     30      0      0      0      0   3201   1980      0      0 124651 124652      0      0      0      0    152     18 
    0    453     44     44     81     39      0      0      0      0   3201   1980      0      0 124651 124652      0      0      0      0    113     18 
    0    433     44     42     81     39      0      0      0      0   3201   1980      0      0 124651 124652      0      0      0      0    102     17 
    0    440     45     44     80     35      0      0      0      0   3201   1980      0      0 124651 124652      0      0      0      0    161     22 
    0    434     44     43     82     40      0      0      0      0   3201   1980      0      0 124651 124652      0      0      0      0     83     17 
    0    424     46     44     80     37      0      0      0      0   3201   1980      0      0 124651 124652      0      0      0      0    113     18 
    0    438     45     43     81     37      0      0      0      0   3201   1980     27      0 124651 124652      0      0      0      0    155     21 
    0    448     47     46     82     38      0      0      0      0   3201   1980      0      0 124651 124652      0      0      0      0    152     20 
