# gpu    pwr  gtemp  mtemp     sm    mem    enc    dec    jpg    ofa   mclk   pclk  pviol  tviol     fb   bar1   ccpm  sbecc  dbecc    pci  rxpci  txpci 
# Idx      W      C      C      %      %      %      %      %      %    MHz    MHz      %   bool     MB     MB     MB   errs   errs   errs   MB/s   MB/s 
    0    154     44     41      0      0      0      0      0      0   3201   1980      0      0 124645 124646      0      0      0      0      0      0 
    0    141     42     40      0      0      0      0      0      0   3201   1980      0      0 124645 124646      0      0      0      0      0      2 
    0    138     42     40      0      0      0      0      0      0   3201   1980      0      0 124645 124646      0      0      0      0      0      0 
    0    137     42     40      0      0      0      0      0      0   3201   1980      0      0 124645 124646      0      0      0      0      0      1 
    0    137     42     40      0      0      0      0      0      0   3201   1980      0      0 124645 124646      0      0      0      0      0      0 
    0    137     42     40      0      0      0      0      0      0   3201   1980      0      0 124645 124646      0      0      0      0      0      1 
    0    137     42     40      0      0      0      0      0      0   3201   1980      0      0 124645 124646      0      0      0      0      0      0 
    0    137     42     39      0      0      0      0      0      0   3201   1980      0      0 124645 124646      0      0      0      0      0      0 
    0    137     42     39      0      0      0      0      0      0   3201   1980      0      0 124645 124646      0      0      0      0      0      0 
    0    137     42     39      0      0      0      0      0      0   3201   1980      0      0 124645 124646      0      0      0      0      0      0 
    0    137     41     39      0      0      0      0      0      0   3201   1980      0      0 124645 124646      0      0      0      0      0      0 
    0    137     41     39      0      0      0      0      0      0   3201   1980      0      0 124645 124646      0      0      0      0      0      0 
    0    137     41     39      0      0      0      0      0      0   3201   1980      0      0 124645 124646      0      0      0      0      0      0 
    0    177     44     42     40     20      0      0      0      0   3201   1980      0      0 124651 124652      0      0      0      0     49     14 
    0    243     42     40      0      0      0      0      0      0   3201   1980      0      0 124651 124652      0      0      0      0     49     14 
    0    294     44     42      0      0      0      0      0      0   3201   1980      0      0 124651 124652      0      0      0      0     51     13 
    0    337     46     45     84     43      0      0      0      0   3201   1980      0      0 124651 124652      0      0      0      0     49     13 
    0    311     43     42      0      0      0      0      0      0   3201   1980      0      0 124651 124652      0      0      0      0      0      0 
    0    340     47     44     83     44      0      0      0      0   3201   1980      0      0 124651 124652      0      0      0      0     50     13 
    0    200     43     41      0      0      0      0      0      0   3201   1980      0      0 124651 124652      0      0      0      0      0      0 
    0    153     42     40      0      0      0      0      0      0   3201   1980      0      0 124651 124652      0      0      0      0     50     13 
    0    238     43     41      0      0      0      0      0      0   3201   1980      0      0 124651 124652      0      0      0      0      0      0 
    0    137     42     40      0      0      0      0      0      0   3201   1980      0      0 124651 124652      0      0      0      0      0      0 
    0    137     42     40      0      0      0      0      0      0   3201   1980      0      0 124651 124652      0      0      0      0      0      0 
    0    380     47     48     84     44      0      0      0      0   3201   1980      0      0 124651 124652      0      0      0      0     49      1 
    0    147     42     40      0      0      0      0      0      0   3201   1980      0      0 124651 124652      0      0      0      0      0      0 
    0    318     46     43     83     44      0      0      0      0   3201   1980      0      0 124651 124652      0      0      0      0     51     13 
    0    322     47     47     84     44      0      0      0      0   3201   1980      0      0 124651 124652      0      0      0      0     51     13 
    0    179     43     41      0      0      0      0      0      0   3201   1980      0      0 124651 124652      0      0      0      0      0      0 
    0    138     42     40      0      0      0      0      0      0   3201   1980      0      0 124651 124652      0      0      0      0      0      0 
    0    338     46     45     12      6      0      0      0      0   3201   1980      0      0 124651 124652      0      0      0      0      0      1 
    0    138     42     41      0      0      0      0      0      0   3201   1980      0      0 124651 124652      0      0      0      0     27     12 
    0    279     43     41      0      0      0      0      0      0   3201   1980      0      0 124651 124652      0      0      0      0      0      1 
    0    278     47     44     84     44      0      0      0      0   3201   1980      0      0 124651 124652      0      0      0      0      0      0 
    0    139     42     41      0      0      0      0      0      0   3201   1980      0      0 124651 124652      0      0      0      0      0      1 
    0    277     47     45     84     44      0      0      0      0   3201   1980      0      0 124651 124652      0      0      0      0      0      0 
    0    138     42     40      0      0      0      0      0      0   3201   1980      0      0 124651 124652      0      0      0      0      0      1 
    0    137     42     40      0      0      0      0      0      0   3201   1980      0      0 124651 124652      0      0      0      0      0      0 
    0    137     42     40      0      0      0      0      0      0   3201   1980      0      0 124651 124652      0      0      0      0      0      1 
    0    279     43     41      0      0      0      0      0      0   3201   1980      0      0 124651 124652      0      0      0      0      0      0 
    0    202     45     43     84     43      0      0      0      0   3201   1980      0      0 124651 124652      0      0      0      0     49     14 
    0    328     44     43      0      0      0      0      0      0   3201   1980      0      0 124651 124652      0      0      0      0      0      0 
    0    184     45     44     82     42      0      0      0      0   3201   1980      0      0 124651 124652      0      0      0      0     59     15 
    0    273     45     41      0      0      0      0      0      0   3201   1980      0      0 124651 124652      0      0      0      0     50     13 
# gpu    pwr  gtemp  mtemp     sm    mem    enc    dec    jpg    ofa   mclk   pclk  pviol  tviol     fb   bar1   ccpm  sbecc  dbecc    pci  rxpci  txpci 
# Idx      W      C      C      %      %      %      %      %      %    MHz    MHz      %   bool     MB     MB     MB   errs   errs   errs   MB/s   MB/s 
    0    293     43     42      0      0      0      0      0      0   3201   1980      0      0 124651 124652      0      0      0      0      0      0 
    0    138     42     40      0      0      0      0      0      0   3201   1980      0      0 124651 124652      0      0      0      0      0      0 
    0    164     45     40     63     32      0      0      0      0   3201   1980      0      0 124651 124652      0      0      0      0     49     14 
    0    350     47     46     83     44      0      0      0      0   3201   1980      0      0 124651 124652      0      0      0      0     52     13 
    0    383     47     47     83     44      0      0      0      0   3201   1980      0      0 124651 124652      0      0      0      0      0      0 
    0    165     42     40      0      0      0      0      0      0   3201   1980      0      0 124651 124652      0      0      0      0     49     13 
    0    373     47     46     53     28      0      0      0      0   3201   1980      0      0 124651 124652      0      0      0      0      0      0 
    0    287     45     43      0      0      0      0      0      0   3201   1980      0      0 124651 124652      0      0      0      0      0      0 
    0    275     44     42      0      0      0      0      0      0   3201   1980      0      0 124651 124652      0      0      0      0      0      0 
    0    281     43     42      0      0      0      0      0      0   3201   1980      0      0 124651 124652      0      0      0      0      9     14 
    0    282     43     42      0      0      0      0      0      0   3201   1980      0      0 124651 124652      0      0      0      0      0      0 
    0    138     42     40      0      0      0      0      0      0   3201   1980      0      0 124651 124652      0      0      0      0      0      0 
    0    182     45     44     30     14      0      0      0      0   3201   1980      0      0 124651 124652      0      0      0      0     51     13 
    0    238     42     41      0      0      0      0      0      0   3201   1980      0      0 124651 124652      0      0      0      0     52     13 
    0    401     45     44     34     16      0      0      0      0   3201   1980      0      0 124651 124652      0      0      0      0     49     13 
    0    264     43     41      0      0      0      0      0      0   3201   1980      0      0 124651 124652      0      0      0      0      0      0 
    0    292     43     42      0      0      0      0      0      0   3201   1980      0      0 124651 124652      0      0      0      0      0      0 
    0    277     43     42      0      0      0      0      0      0   3201   1980      0      0 124651 124652      0      0      0      0      0      1 
    0    336     47     45     84     42      0      0      0      0   3201   1980      0      0 124651 124652      0      0      0      0     62     14 
    0    407     46     46     83     44      0      0      0      0   3201   1980      0      0 124651 124652      0      0      0      0      0      1 
    0    324     47     47     44     22      0      0      0      0   3201   1980      0      0 124651 124652      0      0      0      0     49     13 
    0    233     43     41      0      0      0      0      0      0   3201   1980      0      0 124651 124652      0      0      0      0      0      1 
    0    137     42     40      0      0      0      0      0      0   3201   1980      0      0 124651 124652      0      0      0      0      0      0 
    0    137     42     40      0      0      0      0      0      0   3201   1980      0      0 124651 124652      0      0      0      0      0      1 
    0    137     41     39      0      0      0      0      0      0   3201   1980      0      0 124651 124652      0      0      0      0      0      0 
    0    365     46     44     83     41      0      0      0      0   3201   1980      0      0 124651 124652      0      0      0      0     49     14 
    0    269     46     44     82     41      0      0      0      0   3201   1980      0      0 124651 124652      0      0      0      0     58     14 
    0    378     46     45     84     42      0      0      0      0   3201   1980      0      0 124651 124652      0      0      0      0     62     16 
    0    296     43     41      0      0      0      0      0      0   3201   1980      0      0 124651 124652      0      0      0      0      0      0 
    0    370     47     46     84     42      0      0      0      0   3201   1980      0      0 124651 124652      0      0      0      0     49     14 
    0    251     42     41      0      0      0      0      0      0   3201   1980      0      0 124651 124652      0      0      0      0      0      0 
    0    235     46     46     84     42      0      0      0      0   3201   1980      0      0 124651 124652      0      0      0      0     56     16 
    0    183     42     40      0      0      0      0      0      0   3201   1980      0      0 124651 124652      0      0      0      0      0      0 
    0    271     46     43     84     42      0      0      0      0   3201   1980      0      0 124651 124652      0      0      0      0     51     14 
    0    144     41     39      0      0      0      0      0      0   3201   1980      0      0 124651 124652      0      0      0      0      0      0 
    0    137     41     39      0      0      0      0      0      0   3201   1980      0      0 124651 124652      0      0      0      0      0      1 
    0    136     41     39      0      0      0      0      0      0   3201   1980      0      0 124651 124652      0      0      0      0      0      0 
    0    328     45     46     38     18      0      0      0      0   3201   1980      0      0 124651 124652      0      0      0      0     50     15 
    0    204     41     39      0      0      0      0      0      0   3201   1980      0      0 124651 124652      0      0      0      0      0      0 
    0    136     41     39      0      0      0      0      0      0   3201   1980      0      0 124651 124652      0      0      0      0      0      0 
    0    136     40     38      0      0      0      0      0      0   3201   1980      0      0 124651 124652      0      0      0      0      0      0 
    0    281     43     42     84     44      0      0      0      0   3201   1980      0      0 124651 124652      0      0      0      0      0      0 
    0    278     42     41     84     44      0      0      0      0   3201   1980      0      0 124651 124652      0      0      0      0      0      0 
    0    223     44     43     84     42      0      0      0      0   3201   1980      0      0 124651 124652      0      0      0      0     69     15 
# gpu    pwr  gtemp  mtemp     sm    mem    enc    dec    jpg    ofa   mclk   pclk  pviol  tviol     fb   bar1   ccpm  sbecc  dbecc    pci  rxpci  txpci 
# Idx      W      C      C      %      %      %      %      %      %    MHz    MHz      %   bool     MB     MB     MB   errs   errs   errs   MB/s   MB/s 
    0    398     45     45     84     42      0      0      0      0   3201   1980      0      0 124651 124652      0      0      0      0     58     14 
    0    401     46     44     84     42      0      0      0      0   3201   1980      0      0 124651 124652      0      0      0      0     49      4 
    0    235     45     45     84     44      0      0      0      0   3201   1980      0      0 124651 124652      0      0      0      0     51     13 
    0    319     45     44     83     41      0      0      0      0   3201   1980      0      0 124651 124652      0      0      0      0     52     13 
    0    346     45     43     84     42      0      0      0      0   3201   1980      0      0 124651 124652      0      0      0      0     50     14 
    0    307     43     43     83     44      0      0      0      0   3201   1980      0      0 124651 124652      0      0      0      0      0      0 
    0    137     41     39      0      0      0      0      0      0   3201   1980      0      0 124651 124652      0      0      0      0      0      0 
    0    136     40     39      0      0      0      0      0      0   3201   1980      0      0 124651 124652      0      0      0      0     49     13 
    0    385     43     42     45     24      0      0      0      0   3201   1980      0      0 124651 124652      0      0      0      0      0      0 
    0    288     45     44     84     42      0      0      0      0   3201   1980      0      0 124651 124652      0      0      0      0     50     13 
    0    210     44     43     21      9      0      0      0      0   3201   1980      0      0 124651 124652      0      0      0      0     49     13 
    0    359     42     41      0      0      0      0      0      0   3201   1980      0      0 124651 124652      0      0      0      0      0      0 
    0    284     42     40      0      0      0      0      0      0   3201   1980      0      0 124651 124652      0      0      0      0      0      0 
    0    162     43     42      0      0      0      0      0      0   3201   1980      0      0 124651 124652      0      0      0      0     59     14 
    0    257     41     39      0      0      0      0      0      0   3201   1980      0      0 124651 124652      0      0      0      0     50     14 
    0    357     42     40      0      0      0      0      0      0   3201   1980      0      0 124651 124652      0      0      0      0      0      0 
    0    238     45     45     84     44      0      0      0      0   3201   1980      0      0 124651 124652      0      0      0      0     49     15 
    0    154     40     39      0      0      0      0      0      0   3201   1980      0      0 124651 124652      0      0      0      0      0      0 
    0    136     40     38      0      0      0      0      0      0   3201   1980      0      0 124651 124652      0      0      0      0      0      1 
    0    199     44     42     84     44      0      0      0      0   3201   1980      0      0 124651 124652      0      0      0      0     89     14 
    0    316     43     42     43     21      0      0      0      0   3201   1980      0      0 124651 124652      0      0      0      0     49     15 
    0    302     44     45     83     44      0      0      0      0   3201   1980      0      0 124651 124652      0      0      0      0     49     13 
    0    318     44     43     82     41      0      0      0      0   3201   1980      0      0 124651 124652      0      0      0      0     59     15 
    0    215     40     38      0      0      0      0      0      0   3201   1980      0      0 124651 124652      0      0      0      0      0      0 
    0    136     40     38      0      0      0      0      0      0   3201   1980      0      0 124651 124652      0      0      0      0      0      1 
    0    212     43     44     84     44      0      0      0      0   3201   1980      0      0 124651 124652      0      0      0      0     51     13 
    0    348     41     40     69     36      0      0      0      0   3201   1980      0      0 124651 124652      0      0      0      0      0      1 
    0    136     40     38      0      0      0      0      0      0   3201   1980      0      0 124651 124652      0      0      0      0      0      0 
    0    277     40     39      0      0      0      0      0      0   3201   1980      0      0 124651 124652      0      0      0      0      0      0 
    0    342     44     44     83     43      0      0      0      0   3201   1980      0      0 124651 124652      0      0      0      0     49     13 
    0    177     40     38      0      0      0      0      0      0   3201   1980      0      0 124651 124652      0      0      0      0      0      0 
    0    325     44     45     80     41      0      0      0      0   3201   1980      0      0 124651 124652      0      0      0      0     49     13 
    0    206     40     38      0      0      0      0      0      0   3201   1980      0      0 124651 124652      0      0      0      0      0      0 
    0    166     42     39     53     26      0      0      0      0   3201   1980      0      0 124651 124652      0      0      0      0     49     13 
    0    312     44     43     84     44      0      0      0      0   3201   1980      0      0 124651 124652      0      0      0      0     50     13 
    0    192     39     38      0      0      0      0      0      0   3201   1980      0      0 124651 124652      0      0      0      0      0      0 
    0    204     43     43     84     44      0      0      0      0   3201   1980      0      0 124651 124652      0      0      0      0     50     13 
    0    223     42     42     12      5      0      0      0      0   3201   1980      0      0 124651 124652      0      0      0      0     51     13 
    0    235     39     38      0      0      0      0      0      0   3201   1980      0      0 124651 124652      0      0      0      0      0      0 
    0    317     43     43      0      0      0      0      0      0   3201   1980      0      0 124651 124652      0      0      0      0     49     13 
    0    213     39     38      0      0      0      0      0      0   3201   1980      0      0 124651 124652      0      0      0      0      0      0 
    0    134     39     37      0      0      0      0      0      0   3201   1980      0      0 124651 124652      0      0      0      0      0      0 
    0    181     42     41     19      9      0      0      0      0   3201   1980      0      0 124651 124652      0      0      0      0     50     13 
    0    263     42     41      0      0      0      0      0      0   3201   1980      0      0 124651 124652      0      0      0      0     49     13 
# gpu    pwr  gtemp  mtemp     sm    mem    enc    dec    jpg    ofa   mclk   pclk  pviol  tviol     fb   bar1   ccpm  sbecc  dbecc    pci  rxpci  txpci 
# Idx      W      C      C      %      %      %      %      %      %    MHz    MHz      %   bool     MB     MB     MB   errs   errs   errs   MB/s   MB/s 
    0    355     41     40      0      0      0      0      0      0   3201   1980      0      0 124651 124652      0      0      0      0      0      0 
    0    323     44     43     83     43      0      0      0      0   3201   1980      0      0 124651 124652      0      0      0      0     50     13 
    0    258     43     44     83     44      0      0      0      0   3201   1980      0      0 124651 124652      0      0      0      0     59     14 
    0    286     40     39      0      0      0      0      0      0   3201   1980      0      0 124651 124652      0      0      0      0     51     13 
    0    391     45     43     83     42      0      0      0      0   3201   1980      0      0 124651 124652      0      0      0      0     59     14 
    0    321     44     43     83     44      0      0      0      0   3201   1980      0      0 124651 124652      0      0      0      0     49     13 
    0    304     44     44     83     44      0      0      0      0   3201   1980      0      0 124651 124652      0      0      0      0     51     13 
    0    313     44     43     83     44      0      0      0      0   3201   1980      0      0 124651 124652      0      0      0      0      0      0 
    0    276     43     44     84     44      0      0      0      0   3201   1980      0      0 124651 124652      0      0      0      0      0      0 
    0    263     44     43     83     44      0      0      0      0   3201   1980      0      0 124651 124652      0      0      0      0     10     14 
    0    275     40     39      0      0      0      0      0      0   3201   1980      0      0 124651 124652      0      0      0      0      0      0 
    0    135     39     38      0      0      0      0      0      0   3201   1980      0      0 124651 124652      0      0      0      0      0      0 
    0    346     44     43     83     43      0      0      0      0   3201   1980      0      0 124651 124652      0      0      0      0     57     13 
    0    334     41     40      0      0      0      0      0      0   3201   1980      0      0 124651 124652      0      0      0      0      0      0 
    0    135     39     38      0      0      0      0      0      0   3201   1980      0      0 124651 124652      0      0      0      0      0      0 
    0    274     41     41     84     44      0      0      0      0   3201   1980      0      0 124651 124652      0      0      0      0      0      0 
    0    139     39     37      0      0      0      0      0      0   3201   1980      0      0 124651 124652      0      0      0      0     52     13 
    0    271     39     38      0      0      0      0      0      0   3201   1980      0      0 124651 124652      0      0      0      0      0      0 
    0    303     40     39     13      7      0      0      0      0   3201   1980      0      0 124651 124652      0      0      0      0      0      0 
    0    134     39     37      0      0      0      0      0      0   3201   1980      0      0 124651 124652      0      0      0      0      0      1 
    0    220     42     44     84     44      0      0      0      0   3201   1980      0      0 124651 124652      0      0      0      0     51     13 
    0    203     41     38      0      0      0      0      0      0   3201   1980      0      0 124651 124652      0      0      0      0     50     14 
    0    240     39     37      0      0      0      0      0      0   3201   1980      0      0 124651 124652      0      0      0      0      0      0 
    0    134     38     37      0      0      0      0      0      0   3201   1980      0      0 124651 124652      0      0      0      0      0      1 
    0    134     38     36      0      0      0      0      0      0   3201   1980      0      0 124651 124652      0      0      0      0      0      0 
    0    133     38     36      0      0      0      0      0      0   3201   1980      0      0 124651 124652      0      0      0      0      0      1 
    0    133     38     36      0      0      0      0      0      0   3201   1980      0      0 124651 124652      0      0      0      0      0      0 
    0    133     38     36      0      0      0      0      0      0   3201   1980      0      0 124651 124652      0      0      0      0      0      1 
    0    282     42     43     83     42      0      0      0      0   3201   1980      0      0 124651 124652      0      0      0      0     49     13 
    0    176     38     36      0      0      0      0      0      0   3201   1980      0      0 124651 124652      0      0      0      0      0      0 
    0    252     42     41     83     42      0      0      0      0   3201   1980      0      0 124651 124652      0      0      0      0     59     14 
    0    286     42     41     80     40      0      0      0      0   3201   1980      0      0 124651 124652      0      0      0      0     57     14 
    0    211     38     37      0      0      0      0      0      0   3201   1980      0      0 124651 124652      0      0      0      0      0      0 
    0    230     42     43     84     44      0      0      0      0   3201   1980      0      0 124651 124652      0      0      0      0     51     13 
    0    184     38     36      0      0      0      0      0      0   3201   1980      0      0 124651 124652      0      0      0      0      0      0 
    0    275     39     37      0      0      0      0      0      0   3201   1980      0      0 124651 124652      0      0      0      0     20     14 
    0    378     43     43     84     42      0      0      0      0   3201   1980      0      0 124651 124652      0      0      0      0     58     14 
    0    230     42     43     84     44      0      0      0      0   3201   1980      0      0 124651 124652      0      0      0      0     49     14 
    0    356     41     40     49     26      0      0      0      0   3201   1980      0      0 124651 124652      0      0      0      0      0      0 
    0    239     43     43     83     44      0      0      0      0   3201   1980      0      0 124651 124652      0      0      0      0     49     14 
    0    171     38     37      0      0      0      0      0      0   3201   1980      0      0 124651 124652      0      0      0      0      0      0 
    0    258     42     43     83     44      0      0      0      0   3201   1980      0      0 124651 124652      0      0      0      0      4      0 
    0    155     38     37      0      0      0      0      0      0   3201   1980      0      0 124651 124652      0      0      0      0      0      0 
    0    133     38     36      0      0      0      0      0      0   3201   1980      0      0 124651 124652      0      0      0      0      0      0 
# gpu    pwr  gtemp  mtemp     sm    mem    enc    dec    jpg    ofa   mclk   pclk  pviol  tviol     fb   bar1   ccpm  sbecc  dbecc    pci  rxpci  txpci 
# Idx      W      C      C      %      %      %      %      %      %    MHz    MHz      %   bool     MB     MB     MB   errs   errs   errs   MB/s   MB/s 
    0    133     38     36      0      0      0      0      0      0   3201   1980      0      0 124651 124652      0      0      0      0      0      0 
    0    270     38     37      0      0      0      0      0      0   3201   1980      0      0 124651 124652      0      0      0      0      0      0 
    0    133     38     36      0      0      0      0      0      0   3201   1980      0      0 124651 124652      0      0      0      0     60     14 
    0    387     41     42     82     43      0      0      0      0   3201   1980      0      0 124651 124652      0      0      0      0      0      0 
    0    197     42     43     66     33      0      0      0      0   3201   1980      0      0 124651 124652      0      0      0      0     60     14 
    0    346     43     43     81     37      0      0      0      0   3201   1980      0      0 124651 124652      0      0      0      0     67     16 
    0    257     39     38      0      0      0      0      0      0   3201   1980      0      0 124651 124652      0      0      0      0      0      0 
    0    287     42     43     84     42      0      0      0      0   3201   1980      0      0 124651 124652      0      0      0      0     50     13 
    0    308     39     38      0      0      0      0      0      0   3201   1980      0      0 124651 124652      0      0      0      0      0      0 
    0    134     38     36      0      0      0      0      0      0   3201   1980      0      0 124651 124652      0      0      0      0      0      0 
    0    219     42     43     84     44      0      0      0      0   3201   1980      0      0 124651 124652      0      0      0      0     51     13 
    0    209     41     42     31     15      0      0      0      0   3201   1980      0      0 124651 124652      0      0      0      0     69     15 
    0    288     39     37      0      0      0      0      0      0   3201   1980      0      0 124651 124652      0      0      0      0     50     13 
    0    312     42     42     84     44      0      0      0      0   3201   1980      0      0 124651 124652      0      0      0      0     70     16 
    0    299     39     38      0      0      0      0      0      0   3201   1980      0      0 124651 124652      0      0      0      0      0      0 
    0    134     38     37      0      0      0      0      0      0   3201   1980      0      0 124651 124652      0      0      0      0      0      0 
    0    210     42     43     84     44      0      0      0      0   3201   1980      0      0 124651 124652      0      0      0      0     49     13 
    0    286     42     43     83     44      0      0      0      0   3201   1980      0      0 124651 124652      0      0      0      0     49     14 
    0    304     40     39     24     13      0      0      0      0   3201   1980      0      0 124651 124652      0      0      0      0      0      0 
    0    271     39     38      0      0      0      0      0      0   3201   1980      0      0 124651 124652      0      0      0      0      0      0 
    0    277     42     43     84     44      0      0      0      0   3201   1980      0      0 124651 124652      0      0      0      0     50     13 
    0    406     43     44     84     42      0      0      0      0   3201   1980      0      0 124651 124652      0      0      0      0     59     13 
    0    209     39     38      0      0      0      0      0      0   3201   1980      0      0 124651 124652      0      0      0      0      0      0 
    0    134     38     36      0      0      0      0      0      0   3201   1980      0      0 124651 124652      0      0      0      0      0      0 
    0    251     42     42     84     44      0      0      0      0   3201   1980      0      0 124651 124652      0      0      0      0      0      0 
    0    182     41     41     84     43      0      0      0      0   3201   1980      0      0 124651 124652      0      0      0      0     51     13 
    0    357     42     43     83     41      0      0      0      0   3201   1980      0      0 124651 124652      0      0      0      0     68     14 
    0    392     43     43     84     44      0      0      0      0   3201   1980      0      0 124651 124652      0      0      0      0     52     13 
    0    168     38     37      0      0      0      0      0      0   3201   1980      0      0 124651 124652      0      0      0      0      0      0 
