# gpu    pwr  gtemp  mtemp     sm    mem    enc    dec    jpg    ofa   mclk   pclk  pviol  tviol     fb   bar1   ccpm  sbecc  dbecc    pci  rxpci  txpci 
# Idx      W      C      C      %      %      %      %      %      %    MHz    MHz      %   bool     MB     MB     MB   errs   errs   errs   MB/s   MB/s 
    0    154     41     39     16      7      0      0      0      0   3201   1980      0      0 130211 130212      0      0      0      0      0      1 
    0    132     39     37      0      0      0      0      0      0   3201   1980      0      0 130211 130212      0      0      0      0      0      0 
    0    131     39     37      0      0      0      0      0      0   3201   1980      0      0 130211 130212      0      0      0      0      0      1 
    0    131     39     36      0      0      0      0      0      0   3201   1980      0      0 130211 130212      0      0      0      0      0      0 
    0    131     39     36      0      0      0      0      0      0   3201   1980      0      0 130211 130212      0      0      0      0      0      1 
    0    131     39     36      0      0      0      0      0      0   3201   1980      0      0 130211 130212      0      0      0      0      0      0 
    0    131     39     36      0      0      0      0      0      0   3201   1980      0      0 130211 130212      0      0      0      0      0      1 
    0    131     39     36      0      0      0      0      0      0   3201   1980      0      0 130211 130212      0      0      0      0      0      0 
    0    130     39     36      0      0      0      0      0      0   3201   1980      0      0 130211 130212      0      0      0      0      0      1 
    0    131     39     36      0      0      0      0      0      0   3201   1980      0      0 130211 130212      0      0      0      0      0      0 
    0    130     39     36      0      0      0      0      0      0   3201   1980      0      0 130211 130212      0      0      0      0      0      1 
    0    130     39     36      0      0      0      0      0      0   3201   1980      0      0 130211 130212      0      0      0      0      0      0 
    0    130     39     36      0      0      0      0      0      0   3201   1980      0      0 130211 130212      0      0      0      0      0      1 
    0    170     41     38     45     19      0      0      0      0   3201   1980      0      0 130213 130214      0      0      0      0    114     19 
    0    246     41     39     43     18      0      0      0      0   3201   1980      0      0 130213 130214      0      0      0      0    114     20 
    0    258     42     39     43     17      0      0      0      0   3201   1980      0      0 130213 130214      0      0      0      0    119     17 
    0    245     42     40     46     19      0      0      0      0   3201   1980      0      0 130213 130214      0      0      0      0    101     20 
    0    250     42     40     45     19      0      0      0      0   3201   1980      0      0 130213 130214      0      0      0      0    106     16 
    0    212     42     38     42     17      0      0      0      0   3201   1980      0      0 130213 130214      0      0      0      0     99     22 
    0    243     42     40     49     18      0      0      0      0   3201   1980      0      0 130213 130214      0      0      0      0    117     19 
    0    251     42     40     44     19      0      0      0      0   3201   1980      0      0 130213 130214      0      0      0      0    115     21 
    0    235     44     39     55     19      0      0      0      0   3201   1965      8      0 130213 130214      0      0      0      0    118     18 
    0    247     43     41     49     19      0      0      0      0   3201   1980     23      0 130213 130214      0      0      0      0    117     21 
    0    241     42     41     46     19      0      0      0      0   3201   1980      0      0 130213 130214      0      0      0      0    115     17 
    0    245     42     41     43     18      0      0      0      0   3201   1980      0      0 130213 130214      0      0      0      0    109     17 
    0    243     42     41     42     18      0      0      0      0   3201   1980      0      0 130213 130214      0      0      0      0    101     15 
    0    247     43     41     43     18      0      0      0      0   3201   1980      0      0 130213 130214      0      0      0      0    108     21 
    0    252     42     41     46     19      0      0      0      0   3201   1980      0      0 130213 130214      0      0      0      0    106     20 
    0    269     43     41     49     18      0      0      0      0   3201   1980      0      0 130213 130214      0      0      0      0    120     22 
    0    244     43     41     44     19      0      0      0      0   3201   1980      0      0 130213 130214      0      0      0      0    118     17 
    0    257     43     41     50     18      0      0      0      0   3201   1980      0      0 130213 130214      0      0      0      0    119     21 
    0    252     43     41     46     19      0      0      0      0   3201   1980      0      0 130213 130214      0      0      0      0    118     19 
    0    264     44     41     45     19      0      0      0      0   3201   1980      0      0 130213 130214      0      0      0      0    116     20 
    0    258     43     41     45     19      0      0      0      0   3201   1980      0      0 130213 130214      0      0      0      0    117     20 
    0    228     42     41     33     14      0      0      0      0   3201   1980      0      0 130213 130214      0      0      0      0      0      0 
    0    250     45     41     42     17      0      0      0      0   3201   1980      0      0 130213 130214      0      0      0      0    119     18 
    0    260     44     41     44     18      0      0      0      0   3201   1980      0      0 130213 130214      0      0      0      0    122     17 
    0    250     44     41     51     19      0      0      0      0   3201   1980      0      0 130213 130214      0      0      0      0    112     20 
    0    274     45     42     48     19      0      0      0      0   3201   1980      0      0 130213 130214      0      0      0      0    122     17 
    0    243     43     42     44     18      0      0      0      0   3201   1980      0      0 130213 130214      0      0      0      0    124     20 
    0    164     41     39      0      0      0      0      0      0   3201   1980      0      0 130213 130214      0      0      0      0      0      0 
    0    237     43     41     45     19      0      0      0      0   3201   1980      0      0 130213 130214      0      0      0      0    118     18 
    0    288     44     41     52     19      0      0      0      0   3201   1980      0      0 130213 130214      0      0      0      0    123     20 
    0    274     44     42     46     20      0      0      0      0   3201   1980      0      0 130213 130214      0      0      0      0    123     20 
# gpu    pwr  gtemp  mtemp     sm    mem    enc    dec    jpg    ofa   mclk   pclk  pviol  tviol     fb   bar1   ccpm  sbecc  dbecc    pci  rxpci  txpci 
# Idx      W      C      C      %      %      %      %      %      %    MHz    MHz      %   bool     MB     MB     MB   errs   errs   errs   MB/s   MB/s 
    0    253     43     41     47     19      0      0      0      0   3201   1980      0      0 130213 130214      0      0      0      0    117     19 
    0    259     44     42     46     19      0      0      0      0   3201   1980      0      0 130213 130214      0      0      0      0    120     20 
    0    235     42     41     30     13      0      0      0      0   3201   1980      0      0 130213 130214      0      0      0      0      0      0 
    0    222     43     41     43     17      0      0      0      0   3201   1980      0      0 130213 130214      0      0      0      0    116     20 
    0    245     43     42     46     20      0      0      0      0   3201   1980      0      0 130213 130214      0      0      0      0    112     20 
    0    255     44     42     50     18      0      0      0      0   3201   1980      0      0 130213 130214      0      0      0      0    114     20 
    0    268     44     42     53     19      0      0      0      0   3201   1980      0      0 130213 130214      0      0      0      0    123     21 
    0    278     44     42     45     19      0      0      0      0   3201   1980      0      0 130213 130214      0      0      0      0    123     18 
    0    266     44     42     46     20      0      0      0      0   3201   1980      0      0 130213 130214      0      0      0      0    122     21 
    0    262     44     42     43     18      0      0      0      0   3201   1980      0      0 130213 130214      0      0      0      0    113     20 
    0    253     44     42     45     19      0      0      0      0   3201   1980      0      0 130213 130214      0      0      0      0    114     20 
    0    259     44     42     43     18      0      0      0      0   3201   1980      0      0 130213 130214      0      0      0      0    119     17 
    0    275     45     43     43     18      0      0      0      0   3201   1980      0      0 130213 130214      0      0      0      0    114     21 
    0    249     44     42     45     19      0      0      0      0   3201   1980      0      0 130213 130214      0      0      0      0    108     20 
    0    258     43     42     43     18      0      0      0      0   3201   1980      0      0 130213 130214      0      0      0      0    104     20 
    0    245     44     42     46     20      0      0      0      0   3201   1980      0      0 130213 130214      0      0      0      0    109     19 
    0    215     44     41     49     18      0      0      0      0   3201   1980      0      0 130213 130214      0      0      0      0    115     21 
    0    250     44     42     45     18      0      0      0      0   3201   1980      0      0 130213 130214      0      0      0      0    113     13 
    0    253     44     42     45     19      0      0      0      0   3201   1980      0      0 130213 130214      0      0      0      0    113     20 
    0    217     44     41     47     17      0      0      0      0   3201   1980      0      0 130213 130214      0      0      0      0    117     20 
    0    246     44     42     50     18      0      0      0      0   3201   1980      0      0 130213 130214      0      0      0      0    101     20 
    0    261     44     42     44     18      0      0      0      0   3201   1980      0      0 130213 130214      0      0      0      0    119     20 
    0    247     44     42     45     19      0      0      0      0   3201   1980      0      0 130213 130214      0      0      0      0    116     21 
    0    241     44     42     46     20      0      0      0      0   3201   1980      0      0 130213 130214      0      0      0      0    115     20 
    0    250     44     42     46     19      0      0      0      0   3201   1980      0      0 130213 130214      0      0      0      0    118     21 
    0    256     44     42     44     18      0      0      0      0   3201   1980      0      0 130213 130214      0      0      0      0    118     18 
    0    256     44     42     46     19      0      0      0      0   3201   1980      0      0 130213 130214      0      0      0      0    118     18 
    0    206     42     40      0      0      0      0      0      0   3201   1980      0      0 130213 130214      0      0      0      0      0      0 
    0    252     48     42     46     19      0      0      0      0   3201   1980      0      0 130213 130214      0      0      0      0    119     17 
    0    267     44     42     46     20      0      0      0      0   3201   1980      0      0 130213 130214      0      0      0      0    113     21 
    0    273     44     42     50     18      0      0      0      0   3201   1980      0      0 130213 130214      0      0      0      0    124     20 
    0    273     44     43     46     20      0      0      0      0   3201   1980      0      0 130213 130214      0      0      0      0    124     20 
    0    257     44     42     46     19      0      0      0      0   3201   1980      0      0 130213 130214      0      0      0      0     92     20 
    0    261     44     42     48     19      0      0      0      0   3201   1980      0      0 130213 130214      0      0      0      0    120     20 
    0    246     45     43     44     18      0      0      0      0   3201   1980      0      0 130213 130214      0      0      0      0    114     18 
    0    255     44     43     44     18      0      0      0      0   3201   1980      0      0 130213 130214      0      0      0      0    124     20 
    0    250     44     43     46     20      0      0      0      0   3201   1980      0      0 130213 130214      0      0      0      0    100     19 
    0    259     49     43     53     20      0      0      0      0   3201   1980      0      0 130213 130214      0      0      0      0    128     20 
    0    243     44     42     46     19      0      0      0      0   3201   1980      0      0 130213 130214      0      0      0      0     72     17 
    0    257     44     43     43     18      0      0      0      0   3201   1980      0      0 130213 130214      0      0      0      0    117     18 
    0    208     42     41      0      0      0      0      0      0   3201   1980      0      0 130213 130214      0      0      0      0      0      0 
    0    133     42     39      0      0      0      0      0      0   3201   1980      0      0 130213 130214      0      0      0      0      0      0 
    0    144     42     39     29     11      0      0      0      0   3201   1980      0      0 130213 130214      0      0      0      0    120     20 
    0    251     44     42     43     17      0      0      0      0   3201   1980      0      0 130213 130214      0      0      0      0    118     20 
# gpu    pwr  gtemp  mtemp     sm    mem    enc    dec    jpg    ofa   mclk   pclk  pviol  tviol     fb   bar1   ccpm  sbecc  dbecc    pci  rxpci  txpci 
# Idx      W      C      C      %      %      %      %      %      %    MHz    MHz      %   bool     MB     MB     MB   errs   errs   errs   MB/s   MB/s 
    0    266     44     42     43     18      0      0      0      0   3201   1980      0      0 130213 130214      0      0      0      0    123     19 
    0    244     44     42     43     18      0      0      0      0   3201   1980      0      0 130213 130214      0      0      0      0    118     20 
    0    266     44     43     49     19      0      0      0      0   3201   1980      0      0 130213 130214      0      0      0      0    122     19 
    0    255     45     43     50     18      0      0      0      0   3201   1980      0      0 130213 130214      0      0      0      0    126     20 
    0    248     45     43     43     18      0      0      0      0   3201   1980      0      0 130213 130214      0      0      0      0    114     21 
    0    248     45     43     46     19      0      0      0      0   3201   1980      0      0 130213 130214      0      0      0      0    111     19 
    0    209     43     41      0      0      0      0      0      0   3201   1980      0      0 130213 130214      0      0      0      0      0      1 
    0    232     45     43     45     19      0      0      0      0   3201   1980      0      0 130213 130214      0      0      0      0    112     16 
    0    265     45     43     47     19      0      0      0      0   3201   1980      0      0 130213 130214      0      0      0      0    111     22 
    0    285     46     43     45     19      0      0      0      0   3201   1980      0      0 130213 130214      0      0      0      0    123     21 
    0    262     46     43     46     20      0      0      0      0   3201   1980      0      0 130213 130214      0      0      0      0    120     19 
    0    240     44     43     14      6      0      0      0      0   3201   1980      0      0 130213 130214      0      0      0      0    111     16 
    0    268     46     43     47     20      0      0      0      0   3201   1980      0      0 130213 130214      0      0      0      0    120     18 
    0    269     46     43     46     20      0      0      0      0   3201   1980      0      0 130213 130214      0      0      0      0    120     20 
    0    223     45     43      0      0      0      0      0      0   3201   1980      0      0 130213 130214      0      0      0      0    109     16 
    0    253     49     43     50     18      0      0      0      0   3201   1980      0      0 130213 130214      0      0      0      0    113     20 
    0    255     47     43     44     18      0      0      0      0   3201   1980      0      0 130213 130214      0      0      0      0    114     21 
    0    269     47     44     45     19      0      0      0      0   3201   1980      0      0 130213 130214      0      0      0      0    125     20 
    0    219     45     43     17      6      0      0      0      0   3201   1980      0      0 130213 130214      0      0      0      0    110     17 
    0    254     50     44     45     19      0      0      0      0   3201   1980      0      0 130213 130214      0      0      0      0    111     20 
    0    275     47     44     47     20      0      0      0      0   3201   1980      0      0 130213 130214      0      0      0      0    121     18 
    0    233     46     44     45     19      0      0      0      0   3201   1980      0      0 130213 130214      0      0      0      0      0      0 
