# gpu    pwr  gtemp  mtemp     sm    mem    enc    dec    jpg    ofa   mclk   pclk  pviol  tviol     fb   bar1   ccpm  sbecc  dbecc    pci  rxpci  txpci 
# Idx      W      C      C      %      %      %      %      %      %    MHz    MHz      %   bool     MB     MB     MB   errs   errs   errs   MB/s   MB/s 
    0    155     46     42     27     12      0      0      0      0   3201   1980      0      0 130211 130212      0      0      0      0      0      0 
    0    135     44     41      0      0      0      0      0      0   3201   1980      0      0 130211 130212      0      0      0      0      0      0 
    0    135     44     41      0      0      0      0      0      0   3201   1980      0      0 130211 130212      0      0      0      0      0      0 
    0    135     44     41      0      0      0      0      0      0   3201   1980      0      0 130211 130212      0      0      0      0      0      0 
    0    134     44     41      0      0      0      0      0      0   3201   1980      0      0 130211 130212      0      0      0      0      0      0 
    0    134     44     41      0      0      0      0      0      0   3201   1980      0      0 130211 130212      0      0      0      0      0      0 
    0    134     44     41      0      0      0      0      0      0   3201   1980      0      0 130211 130212      0      0      0      0      0      1 
    0    134     44     41      0      0      0      0      0      0   3201   1980      0      0 130211 130212      0      0      0      0      0      0 
    0    134     44     41      0      0      0      0      0      0   3201   1980      0      0 130211 130212      0      0      0      0      1      1 
    0    134     44     41      0      0      0      0      0      0   3201   1980      0      0 130211 130212      0      0      0      0      0      0 
    0    134     44     40      0      0      0      0      0      0   3201   1980      0      0 130211 130212      0      0      0      0      0      1 
    0    134     44     40      0      0      0      0      0      0   3201   1980      0      0 130211 130212      0      0      0      0      0      0 
    0    134     44     40      0      0      0      0      0      0   3201   1980      0      0 130211 130212      0      0      0      0      0      1 
    0    152     45     41     39     17      0      0      0      0   3201   1980      0      0 130213 130214      0      0      0      0    108     12 
    0    212     44     41      0      0      0      0      0      0   3201   1980      0      0 130213 130214      0      0      0      0      0      9 
    0    237     45     43     37     16      0      0      0      0   3201   1980      0      0 130213 130214      0      0      0      0    108     19 
    0    244     46     43     28     11      0      0      0      0   3201   1980      0      0 130213 130214      0      0      0      0     95     20 
    0    244     46     43     42     18      0      0      0      0   3201   1980      0      0 130213 130214      0      0      0      0    108     14 
    0    251     47     43     44     18      0      0      0      0   3201   1980      0      0 130213 130214      0      0      0      0    108     18 
    0    206     45     42      0      0      0      0      0      0   3201   1980      0      0 130213 130214      0      0      0      0      0      0 
    0    137     44     41      0      0      0      0      0      0   3201   1980      0      0 130213 130214      0      0      0      0    110     17 
    0    240     46     43     18      8      0      0      0      0   3201   1980      0      0 130213 130214      0      0      0      0      0      0 
    0    135     44     41      0      0      0      0      0      0   3201   1980      0      0 130213 130214      0      0      0      0      0      1 
    0    135     44     41      0      0      0      0      0      0   3201   1980      0      0 130213 130214      0      0      0      0      2      0 
    0    227     46     43     43     17      0      0      0      0   3201   1980      0      0 130213 130214      0      0      0      0    116     18 
    0    190     44     42      0      0      0      0      0      0   3201   1980      0      0 130213 130214      0      0      0      0      0      0 
    0    235     46     43     43     16      0      0      0      0   3201   1980      0      0 130213 130214      0      0      0      0    109     20 
    0    243     47     43     45     19      0      0      0      0   3201   1980      0      0 130213 130214      0      0      0      0    110     18 
    0    172     44     42      0      0      0      0      0      0   3201   1980      0      0 130213 130214      0      0      0      0      0      0 
    0    135     44     41      0      0      0      0      0      0   3201   1980      0      0 130213 130214      0      0      0      0      1      0 
    0    236     46     43     42     17      0      0      0      0   3201   1980      0      0 130213 130214      0      0      0      0    116     19 
    0    169     44     41      0      0      0      0      0      0   3201   1980      0      0 130213 130214      0      0      0      0      0      0 
    0    221     45     43     45     19      0      0      0      0   3201   1980      0      0 130213 130214      0      0      0      0      0      0 
    0    180     46     43     45     19      0      0      0      0   3201   1980      0      0 130213 130214      0      0      0      0    113     19 
    0    237     45     43      6      3      0      0      0      0   3201   1980      0      0 130213 130214      0      0      0      0      0      0 
    0    185     46     43     46     19      0      0      0      0   3201   1980      0      0 130213 130214      0      0      0      0     96     17 
    0    248     46     44     45     19      0      0      0      0   3201   1980      0      0 130213 130214      0      0      0      0    116     18 
    0    157     44     41      0      0      0      0      0      0   3201   1980      0      0 130213 130214      0      0      0      0      0      0 
    0    134     44     41      0      0      0      0      0      0   3201   1980      0      0 130213 130214      0      0      0      0      0      0 
    0    216     46     43     42     18      0      0      0      0   3201   1980      0      0 130213 130214      0      0      0      0    109     16 
    0    169     46     43     22      8      0      0      0      0   3201   1980      0      0 130213 130214      0      0      0      0    111     15 
    0    250     46     43     43     17      0      0      0      0   3201   1980      0      0 130213 130214      0      0      0      0    114     20 
    0    243     47     43     47     18      0      0      0      0   3201   1980      0      0 130213 130214      0      0      0      0    111     18 
    0    243     46     43     45     19      0      0      0      0   3201   1980      0      0 130213 130214      0      0      0      0    109     17 
# gpu    pwr  gtemp  mtemp     sm    mem    enc    dec    jpg    ofa   mclk   pclk  pviol  tviol     fb   bar1   ccpm  sbecc  dbecc    pci  rxpci  txpci 
# Idx      W      C      C      %      %      %      %      %      %    MHz    MHz      %   bool     MB     MB     MB   errs   errs   errs   MB/s   MB/s 
    0    236     45     43     45     19      0      0      0      0   3201   1980      0      0 130213 130214      0      0      0      0      0      0 
    0    135     44     41      0      0      0      0      0      0   3201   1980      0      0 130213 130214      0      0      0      0      0      1 
    0    142     45     41      7      2      0      0      0      0   3201   1980      0      0 130213 130214      0      0      0      0    101     19 
    0    250     46     43     45     19      0      0      0      0   3201   1980      0      0 130213 130214      0      0      0      0    110     20 
    0    247     46     43     46     19      0      0      0      0   3201   1980      0      0 130213 130214      0      0      0      0    116     17 
    0    173     46     41      0      0      0      0      0      0   3201   1980      0      0 130213 130214      0      0      0      0    110     17 
    0    255     46     43     45     19      0      0      0      0   3201   1980      0      0 130213 130214      0      0      0      0    110     19 
    0    254     46     44     43     17      0      0      0      0   3201   1980      0      0 130213 130214      0      0      0      0    115     19 
    0    237     46     44     44     19      0      0      0      0   3201   1980      0      0 130213 130214      0      0      0      0    109      8 
    0    223     45     43     45     19      0      0      0      0   3201   1980      0      0 130213 130214      0      0      0      0      0      1 
    0    227     45     42      0      0      0      0      0      0   3201   1980      0      0 130213 130214      0      0      0      0      0      0 
    0    135     44     41      0      0      0      0      0      0   3201   1980      0      0 130213 130214      0      0      0      0      0      0 
    0    148     45     42      0      0      0      0      0      0   3201   1980      0      0 130213 130214      0      0      0      0    118     19 
    0    217     44     41      0      0      0      0      0      0   3201   1980      0      0 130213 130214      0      0      0      0    104     19 
    0    244     46     43     45     18      0      0      0      0   3201   1980      0      0 130213 130214      0      0      0      0    114     17 
    0    223     44     42      0      0      0      0      0      0   3201   1980      0      0 130213 130214      0      0      0      0      0      0 
    0    228     46     43     46     19      0      0      0      0   3201   1980      0      0 130213 130214      0      0      0      0    117     17 
    0    232     45     43     45     19      0      0      0      0   3201   1980      0      0 130213 130214      0      0      0      0      0      0 
    0    212     46     43     44     16      0      0      0      0   3201   1980      0      0 130213 130214      0      0      0      0    116     20 
    0    255     46     43     46     19      0      0      0      0   3201   1980      0      0 130213 130214      0      0      0      0    117     17 
    0    243     48     43     45     19      0      0      0      0   3201   1980      0      0 130213 130214      0      0      0      0     95     18 
    0    233     44     43     45     19      0      0      0      0   3201   1980      0      0 130213 130214      0      0      0      0      0      0 
    0    134     43     41      0      0      0      0      0      0   3201   1980      0      0 130213 130214      0      0      0      0      0      0 
    0    134     43     41      0      0      0      0      0      0   3201   1980      0      0 130213 130214      0      0      0      0      0      0 
    0    134     43     40      0      0      0      0      0      0   3201   1980      0      0 130213 130214      0      0      0      0      0      0 
    0    231     46     43     46     19      0      0      0      0   3201   1980      0      0 130213 130214      0      0      0      0    120     19 
    0    234     45     43     33     13      0      0      0      0   3201   1980      0      0 130213 130214      0      0      0      0    112     18 
    0    256     46     43     45     17      0      0      0      0   3201   1980      0      0 130213 130214      0      0      0      0    118     19 
    0    246     46     43     45     19      0      0      0      0   3201   1980      0      0 130213 130214      0      0      0      0     34      0 
    0    228     45     43     46     19      0      0      0      0   3201   1980      0      0 130213 130214      0      0      0      0    116     18 
    0    245     46     43     44     19      0      0      0      0   3201   1980      0      0 130213 130214      0      0      0      0    109     19 
    0    185     45     43     45     18      0      0      0      0   3201   1980      0      0 130213 130214      0      0      0      0    128     20 
    0    246     46     43     44     19      0      0      0      0   3201   1980      0      0 130213 130214      0      0      0      0    111     19 
    0    202     45     43     46     19      0      0      0      0   3201   1980      0      0 130213 130214      0      0      0      0    111     20 
    0    190     43     41      0      0      0      0      0      0   3201   1980      0      0 130213 130214      0      0      0      0      0      1 
    0    134     43     40      0      0      0      0      0      0   3201   1980      0      0 130213 130214      0      0      0      0      0      0 
    0    134     43     40      0      0      0      0      0      0   3201   1980      0      0 130213 130214      0      0      0      0      0      1 
    0    226     45     43     44     19      0      0      0      0   3201   1980      0      0 130213 130214      0      0      0      0    117     20 
    0    222     43     41      4      2      0      0      0      0   3201   1980      0      0 130213 130214      0      0      0      0      0      1 
    0    133     42     40      0      0      0      0      0      0   3201   1980      0      0 130213 130214      0      0      0      0      0      0 
    0    133     42     39      0      0      0      0      0      0   3201   1980      0      0 130213 130214      0      0      0      0      0      1 
    0    194     44     42     46     19      0      0      0      0   3201   1980      0      0 130213 130214      0      0      0      0    109     16 
    0    225     44     42     45     19      0      0      0      0   3201   1980      0      0 130213 130214      0      0      0      0    114     18 
    0    248     44     42     44     18      0      0      0      0   3201   1980      0      0 130213 130214      0      0      0      0    118     20 
# gpu    pwr  gtemp  mtemp     sm    mem    enc    dec    jpg    ofa   mclk   pclk  pviol  tviol     fb   bar1   ccpm  sbecc  dbecc    pci  rxpci  txpci 
# Idx      W      C      C      %      %      %      %      %      %    MHz    MHz      %   bool     MB     MB     MB   errs   errs   errs   MB/s   MB/s 
    0    258     44     43     43     18      0      0      0      0   3201   1980      0      0 130213 130214      0      0      0      0    118     19 
    0    247     44     42     46     19      0      0      0      0   3201   1980      0      0 130213 130214      0      0      0      0    114     19 
    0    237     44     42     33     13      0      0      0      0   3201   1980      0      0 130213 130214      0      0      0      0    118     20 
    0    251     44     43     46     17      0      0      0      0   3201   1980      0      0 130213 130214      0      0      0      0    126     20 
    0    251     44     42     46     19      0      0      0      0   3201   1980      0      0 130213 130214      0      0      0      0    115     20 
    0    245     44     43     45     19      0      0      0      0   3201   1980      0      0 130213 130214      0      0      0      0    108     16 
    0    250     44     42     46     19      0      0      0      0   3201   1980      0      0 130213 130214      0      0      0      0     94     19 
    0    189     41     40      0      0      0      0      0      0   3201   1980      0      0 130213 130214      0      0      0      0      0      0 
    0    242     43     42     46     19      0      0      0      0   3201   1980      0      0 130213 130214      0      0      0      0    114     19 
    0    228     43     42     46     19      0      0      0      0   3201   1980      0      0 130213 130214      0      0      0      0    120     20 
    0    237     43     42     45     19      0      0      0      0   3201   1980      0      0 130213 130214      0      0      0      0    117     19 
    0    245     43     42     43     17      0      0      0      0   3201   1980      0      0 130213 130214      0      0      0      0    118     18 
    0    249     43     42     46     19      0      0      0      0   3201   1980      0      0 130213 130214      0      0      0      0    106     19 
    0    146     41     38      0      0      0      0      0      0   3201   1980      0      0 130213 130214      0      0      0      0    115     20 
    0    247     43     41     46     20      0      0      0      0   3201   1980      0      0 130213 130214      0      0      0      0      0      0 
    0    236     42     41     46     19      0      0      0      0   3201   1980      0      0 130213 130214      0      0      0      0    109     19 
    0    228     42     41     46     19      0      0      0      0   3201   1980      0      0 130213 130214      0      0      0      0    117     19 
    0    178     40     38      0      0      0      0      0      0   3201   1980      0      0 130213 130214      0      0      0      0      0      0 
    0    132     40     37      0      0      0      0      0      0   3201   1980      0      0 130213 130214      0      0      0      0      0      0 
    0    146     41     39      0      0      0      0      0      0   3201   1980      0      0 130213 130214      0      0      0      0    103     19 
    0    248     45     40     45     19      0      0      0      0   3201   1980      0      0 130213 130214      0      0      0      0     70     19 
    0    243     42     40     38     15      0      0      0      0   3201   1980      0      0 130213 130214      0      0      0      0    103     17 
    0    251     43     41     43     18      0      0      0      0   3201   1980      0      0 130213 130214      0      0      0      0    115     18 
    0    209     40     39      0      0      0      0      0      0   3201   1980      0      0 130213 130214      0      0      0      0      0      0 
    0    132     40     37      0      0      0      0      0      0   3201   1980      0      0 130213 130214      0      0      0      0      0      0 
    0    147     41     37     28     11      0      0      0      0   3201   1980      0      0 130213 130214      0      0      0      0    101     17 
    0    247     42     40     45     19      0      0      0      0   3201   1980      0      0 130213 130214      0      0      0      0    101     19 
    0    182     39     37      0      0      0      0      0      0   3201   1980      0      0 130213 130214      0      0      0      0      0      0 
    0    222     41     40     46     20      0      0      0      0   3201   1980      0      0 130213 130214      0      0      0      0      0      0 
    0    198     41     39     46     19      0      0      0      0   3201   1980      0      0 130213 130214      0      0      0      0    115     21 
    0    187     39     38      0      0      0      0      0      0   3201   1980      0      0 130213 130214      0      0      0      0      1      0 
    0    205     41     40     46     19      0      0      0      0   3201   1980      0      0 130213 130214      0      0      0      0    112     22 
    0    198     39     37      0      0      0      0      0      0   3201   1980      0      0 130213 130214      0      0      0      0      0      0 
    0    140     41     38      0      0      0      0      0      0   3201   1980      0      0 130213 130214      0      0      0      0    111     20 
    0    221     41     39     45     19      0      0      0      0   3201   1980      0      0 130213 130214      0      0      0      0    112     19 
    0    223     40     38     34     14      0      0      0      0   3201   1980      0      0 130213 130214      0      0      0      0      1      1 
    0    156     41     38     45     19      0      0      0      0   3201   1980      0      0 130213 130214      0      0      0      0    117     19 
    0    208     39     37      0      0      0      0      0      0   3201   1980      0      0 130213 130214      0      0      0      0    111     20 
    0    199     39     37      0      0      0      0      0      0   3201   1980      0      0 130213 130214      0      0      0      0      0      0 
    0    224     42     40     46     19      0      0      0      0   3201   1980      0      0 130213 130214      0      0      0      0    112     20 
    0    218     40     38      0      0      0      0      0      0   3201   1980      0      0 130213 130214      0      0      0      0      0      0 
    0    131     39     36      0      0      0      0      0      0   3201   1980      0      0 130213 130214      0      0      0      0      0      0 
    0    147     40     37      0      0      0      0      0      0   3201   1980      0      0 130213 130214      0      0      0      0    110     16 
    0    230     41     37     16      7      0      0      0      0   3201   1980      0      0 130213 130214      0      0      0      0    111     16 
# gpu    pwr  gtemp  mtemp     sm    mem    enc    dec    jpg    ofa   mclk   pclk  pviol  tviol     fb   bar1   ccpm  sbecc  dbecc    pci  rxpci  txpci 
# Idx      W      C      C      %      %      %      %      %      %    MHz    MHz      %   bool     MB     MB     MB   errs   errs   errs   MB/s   MB/s 
    0    243     41     39     43     17      0      0      0      0   3201   1980      0      0 130213 130214      0      0      0      0    116     20 
    0    248     41     40     44     18      0      0      0      0   3201   1980      0      0 130213 130214      0      0      0      0    126     20 
    0    246     41     40     47     18      0      0      0      0   3201   1980      0      0 130213 130214      0      0      0      0    112     20 
    0    239     41     40     43     17      0      0      0      0   3201   1980      0      0 130213 130214      0      0      0      0    102     20 
    0    247     42     40     46     17      0      0      0      0   3201   1980      0      0 130213 130214      0      0      0      0    114     18 
    0    244     41     40     45     17      0      0      0      0   3201   1980      0      0 130213 130214      0      0      0      0    117     20 
    0    241     41     40     43     17      0      0      0      0   3201   1980      0      0 130213 130214      0      0      0      0    111     19 
    0    244     41     40     44     19      0      0      0      0   3201   1980      0      0 130213 130214      0      0      0      0    110     19 
    0    248     41     40     43     17      0      0      0      0   3201   1980      0      0 130213 130214      0      0      0      0    126     20 
    0    224     41     40     46     19      0      0      0      0   3201   1980      0      0 130213 130214      0      0      0      0    111     19 
    0    237     42     40     44     19      0      0      0      0   3201   1980      0      0 130213 130214      0      0      0      0      0      0 
    0    132     39     37      0      0      0      0      0      0   3201   1980      0      0 130213 130214      0      0      0      0      0      0 
    0    206     41     39     46     19      0      0      0      0   3201   1980      0      0 130213 130214      0      0      0      0    125     20 
    0    244     41     40     45     19      0      0      0      0   3201   1980      0      0 130213 130214      0      0      0      0    113     19 
    0    177     39     37      0      0      0      0      0      0   3201   1980      0      0 130213 130214      0      0      0      0      0      0 
    0    193     41     39     45     19      0      0      0      0   3201   1980      0      0 130213 130214      0      0      0      0    112     19 
    0    181     39     37      0      0      0      0      0      0   3201   1980      0      0 130213 130214      0      0      0      0      0      0 
    0    225     40     38      2      1      0      0      0      0   3201   1980      0      0 130213 130214      0      0      0      0      0      0 
    0    212     41     39     41     17      0      0      0      0   3201   1980      0      0 130213 130214      0      0      0      0    101     19 
    0    174     39     37      0      0      0      0      0      0   3201   1980      0      0 130213 130214      0      0      0      0      0      0 
    0    154     40     37      0      0      0      0      0      0   3201   1980      0      0 130213 130214      0      0      0      0     97     20 
    0    200     39     37      0      0      0      0      0      0   3201   1980      0      0 130213 130214      0      0      0      0    111     19 
    0    231     40     39     12      5      0      0      0      0   3201   1980      0      0 130213 130214      0      0      0      0      0      1 
    0    131     39     36      0      0      0      0      0      0   3201   1980      0      0 130213 130214      0      0      0      0      0      0 
    0    131     39     36      0      0      0      0      0      0   3201   1980      0      0 130213 130214      0      0      0      0      0      1 
    0    131     38     36      0      0      0      0      0      0   3201   1980      0      0 130213 130214      0      0      0      0      0      0 
    0    131     38     36      0      0      0      0      0      0   3201   1980      0      0 130213 130214      0      0      0      0      0      1 
    0    131     38     36      0      0      0      0      0      0   3201   1980      0      0 130213 130214      0      0      0      0      0      0 
    0    183     40     38     45     17      0      0      0      0   3201   1980      0      0 130213 130214      0      0      0      0    113     20 
    0    171     38     36      0      0      0      0      0      0   3201   1980      0      0 130213 130214      0      0      0      0      0      0 
    0    169     40     38     49     19      0      0      0      0   3201   1980      0      0 130213 130214      0      0      0      0    119     21 
    0    240     41     39     47     17      0      0      0      0   3201   1980      0      0 130213 130214      0      0      0      0    117     17 
    0    240     41     39     44     19      0      0      0      0   3201   1980      0      0 130213 130214      0      0      0      0    109     20 
    0    217     41     39     44     19      0      0      0      0   3201   1980      0      0 130213 130214      0      0      0      0    109     19 
    0    194     39     37      0      0      0      0      0      0   3201   1980      0      0 130213 130214      0      0      0      0      0      0 
    0    219     41     39     46     19      0      0      0      0   3201   1980      0      0 130213 130214      0      0      0      0    111     19 
    0    254     41     39     48     18      0      0      0      0   3201   1980      0      0 130213 130214      0      0      0      0    114     20 
    0    228     41     38     30     13      0      0      0      0   3201   1980      0      0 130213 130214      0      0      0      0     99     19 
    0    240     41     39     46     19      0      0      0      0   3201   1980      0      0 130213 130214      0      0      0      0    115     20 
    0    239     41     40     43     17      0      0      0      0   3201   1980      0      0 130213 130214      0      0      0      0    111     19 
    0    245     41     40     46     19      0      0      0      0   3201   1980      0      0 130213 130214      0      0      0      0    114      3 
    0    181     41     39     44     19      0      0      0      0   3201   1980      0      0 130213 130214      0      0      0      0    108     16 
    0    170     39     37      0      0      0      0      0      0   3201   1980      0      0 130213 130214      0      0      0      0      0      0 
    0    131     39     36      0      0      0      0      0      0   3201   1980      0      0 130213 130214      0      0      0      0      0      0 
# gpu    pwr  gtemp  mtemp     sm    mem    enc    dec    jpg    ofa   mclk   pclk  pviol  tviol     fb   bar1   ccpm  sbecc  dbecc    pci  rxpci  txpci 
# Idx      W      C      C      %      %      %      %      %      %    MHz    MHz      %   bool     MB     MB     MB   errs   errs   errs   MB/s   MB/s 
    0    131     39     36      0      0      0      0      0      0   3201   1980      0      0 130213 130214      0      0      0      0      0      0 
    0    216     41     39     45     19      0      0      0      0   3201   1980      0      0 130213 130214      0      0      0      0    110     19 
    0    147     39     36      0      0      0      0      0      0   3201   1980      0      0 130213 130214      0      0      0      0      0      0 
    0    233     41     39     45     18      0      0      0      0   3201   1980      0      0 130213 130214      0      0      0      0    114     20 
    0    214     41     38     11      3      0      0      0      0   3201   1980      0      0 130213 130214      0      0      0      0    114     20 
    0    248     42     39     45     17      0      0      0      0   3201   1980      0      0 130213 130214      0      0      0      0    114     20 
    0    244     41     40     46     19      0      0      0      0   3201   1980      0      0 130213 130214      0      0      0      0    112     19 
    0    242     41     39     46     17      0      0      0      0   3201   1980      0      0 130213 130214      0      0      0      0    111     21 
    0    245     42     40     45     19      0      0      0      0   3201   1980      0      0 130213 130214      0      0      0      0      0      0 
    0    136     39     37      0      0      0      0      0      0   3201   1980      0      0 130213 130214      0      0      0      0      0      1 
    0    165     41     38     45     19      0      0      0      0   3201   1980      0      0 130213 130214      0      0      0      0    101     19 
    0    246     43     39     42     18      0      0      0      0   3201   1980      0      0 130213 130214      0      0      0      0    114     21 
    0    238     41     39     46     19      0      0      0      0   3201   1980      0      0 130213 130214      0      0      0      0    108     18 
    0    243     42     40     46     19      0      0      0      0   3201   1980      0      0 130213 130214      0      0      0      0    117     21 
    0    235     42     40     45     19      0      0      0      0   3201   1980      0      0 130213 130214      0      0      0      0      0      0 
    0    132     39     37      0      0      0      0      0      0   3201   1980      0      0 130213 130214      0      0      0      0      0      1 
    0    161     41     38     27     10      0      0      0      0   3201   1980      0      0 130213 130214      0      0      0      0     97     19 
    0    230     41     39     46     18      0      0      0      0   3201   1980      0      0 130213 130214      0      0      0      0    109     20 
    0    246     42     40     45     19      0      0      0      0   3201   1980      0      0 130213 130214      0      0      0      0    108     19 
    0    242     42     40     46     19      0      0      0      0   3201   1980      0      0 130213 130214      0      0      0      0     76     17 
    0    195     44     39     45     19      0      0      0      0   3201   1980      0      0 130213 130214      0      0      0      0    107     20 
    0    250     43     40     46     19      0      0      0      0   3201   1980      0      0 130213 130214      0      0      0      0    105     21 
    0    213     40     38      0      0      0      0      0      0   3201   1980      0      0 130213 130214      0      0      0      0      0      0 
    0    132     39     37      0      0      0      0      0      0   3201   1980      0      0 130213 130214      0      0      0      0      0      1 
    0    177     41     39     45     19      0      0      0      0   3201   1980      0      0 130213 130214      0      0      0      0    108     19 
    0    174     39     37      0      0      0      0      0      0   3201   1980      0      0 130213 130214      0      0      0      0    109     20 
    0    250     42     39     45     17      0      0      0      0   3201   1980      0      0 130213 130214      0      0      0      0    124     20 
    0    249     42     40     43     18      0      0      0      0   3201   1980      0      0 130213 130214      0      0      0      0    121     21 
    0    187     40     37      0      0      0      0      0      0   3201   1980      0      0 130213 130214      0      0      0      0      0      0 
