# gpu    pwr  gtemp  mtemp     sm    mem    enc    dec    jpg    ofa   mclk   pclk  pviol  tviol     fb   bar1   ccpm  sbecc  dbecc    pci  rxpci  txpci 
# Idx      W      C      C      %      %      %      %      %      %    MHz    MHz      %   bool     MB     MB     MB   errs   errs   errs   MB/s   MB/s 
    0    158     41     38     26     12      0      0      0      0   3201   1980      0      0 130211 130212      0      0      0      0      0      0 
    0    132     39     36      0      0      0      0      0      0   3201   1980      0      0 130211 130212      0      0      0      0      0      1 
    0    132     39     36      0      0      0      0      0      0   3201   1980      0      0 130211 130212      0      0      0      0      0      0 
    0    131     39     36      0      0      0      0      0      0   3201   1980      0      0 130211 130212      0      0      0      0      0      1 
    0    131     39     36      0      0      0      0      0      0   3201   1980      0      0 130211 130212      0      0      0      0      0      0 
    0    131     39     36      0      0      0      0      0      0   3201   1980      0      0 130211 130212      0      0      0      0      0      1 
    0    131     39     36      0      0      0      0      0      0   3201   1980      0      0 130211 130212      0      0      0      0      0      0 
    0    131     39     36      0      0      0      0      0      0   3201   1980      0      0 130211 130212      0      0      0      0      0      0 
    0    131     39     36      0      0      0      0      0      0   3201   1980      0      0 130211 130212      0      0      0      0      0      0 
    0    131     39     36      0      0      0      0      0      0   3201   1980      0      0 130211 130212      0      0      0      0      0      0 
    0    131     39     36      0      0      0      0      0      0   3201   1980      0      0 130211 130212      0      0      0      0      0      0 
    0    131     39     36      0      0      0      0      0      0   3201   1980      0      0 130211 130212      0      0      0      0      0      0 
    0    131     39     36      0      0      0      0      0      0   3201   1980      0      0 130211 130212      0      0      0      0      0      0 
    0    191     41     38     43     18      0      0      0      0   3201   1980      0      0 130213 130214      0      0      0      0     95     18 
    0    245     41     39     41     17      0      0      0      0   3201   1980      0      0 130213 130214      0      0      0      0    113     20 
    0    247     42     40     45     19      0      0      0      0   3201   1980      0      0 130213 130214      0      0      0      0    118     19 
    0    237     42     40     46     19      0      0      0      0   3201   1980      0      0 130213 130214      0      0      0      0    114     20 
    0    238     42     40     46     19      0      0      0      0   3201   1980      0      0 130213 130214      0      0      0      0    114     20 
    0    235     43     40     45     19      0      0      0      0   3201   1980      0      0 130213 130214      0      0      0      0    114     20 
    0    235     42     40     43     17      0      0      0      0   3201   1980      0      0 130213 130214      0      0      0      0    117     19 
    0    243     42     41     46     19      0      0      0      0   3201   1980      0      0 130213 130214      0      0      0      0    110     19 
    0    198     43     40     43     18      0      0      0      0   3201   1980      0      0 130213 130214      0      0      0      0    119     20 
    0    240     42     40     46     19      0      0      0      0   3201   1980      0      0 130213 130214      0      0      0      0    113     19 
    0    244     42     40     46     19      0      0      0      0   3201   1980      0      0 130213 130214      0      0      0      0    109     14 
    0    235     43     41     45     19      0      0      0      0   3201   1980      0      0 130213 130214      0      0      0      0    109     16 
    0    160     40     38      0      0      0      0      0      0   3201   1980      0      0 130213 130214      0      0      0      0      0      0 
    0    226     43     41     43     18      0      0      0      0   3201   1980      0      0 130213 130214      0      0      0      0    118     17 
    0    241     43     41     43     17      0      0      0      0   3201   1980      0      0 130213 130214      0      0      0      0    113     15 
    0    246     43     41     46     19      0      0      0      0   3201   1980      0      0 130213 130214      0      0      0      0    127     20 
    0    242     43     41     41     17      0      0      0      0   3201   1980      0      0 130213 130214      0      0      0      0    103     19 
    0    250     43     41     47     17      0      0      0      0   3201   1980      0      0 130213 130214      0      0      0      0    118     21 
    0    242     43     41     43     17      0      0      0      0   3201   1980      0      0 130213 130214      0      0      0      0    116     20 
    0    250     43     41     47     19      0      0      0      0   3201   1980      0      0 130213 130214      0      0      0      0    114     21 
    0    250     43     41     44     17      0      0      0      0   3201   1980      0      0 130213 130214      0      0      0      0    111     19 
    0    202     41     39      0      0      0      0      0      0   3201   1980      0      0 130213 130214      0      0      0      0    110     20 
    0    249     43     41     47     19      0      0      0      0   3201   1980      0      0 130213 130214      0      0      0      0    114     18 
    0    249     43     41     44     18      0      0      0      0   3201   1980      0      0 130213 130214      0      0      0      0    116     20 
    0    256     44     41     48     17      0      0      0      0   3201   1980      0      0 130213 130214      0      0      0      0    107     20 
    0    257     43     41     43     18      0      0      0      0   3201   1980      0      0 130213 130214      0      0      0      0    119     21 
    0    240     43     41     46     19      0      0      0      0   3201   1980      0      0 130213 130214      0      0      0      0    112      3 
    0    139     41     38      0      0      0      0      0      0   3201   1980      0      0 130213 130214      0      0      0      0      0      1 
    0    254     44     41     43     18      0      0      0      0   3201   1980      0      0 130213 130214      0      0      0      0    121     18 
    0    259     44     41     43     18      0      0      0      0   3201   1980      0      0 130213 130214      0      0      0      0    119     21 
    0    257     44     41     44     18      0      0      0      0   3201   1980      0      0 130213 130214      0      0      0      0    109     20 
# gpu    pwr  gtemp  mtemp     sm    mem    enc    dec    jpg    ofa   mclk   pclk  pviol  tviol     fb   bar1   ccpm  sbecc  dbecc    pci  rxpci  txpci 
# Idx      W      C      C      %      %      %      %      %      %    MHz    MHz      %   bool     MB     MB     MB   errs   errs   errs   MB/s   MB/s 
    0    248     44     41     43     18      0      0      0      0   3201   1980      0      0 130213 130214      0      0      0      0    119     18 
    0    251     43     41     46     19      0      0      0      0   3201   1980      0      0 130213 130214      0      0      0      0    119     18 
    0    196     42     39      0      0      0      0      0      0   3201   1980      0      0 130213 130214      0      0      0      0      0      0 
    0    241     43     41     43     18      0      0      0      0   3201   1980      0      0 130213 130214      0      0      0      0    111     19 
    0    155     41     38      0      0      0      0      0      0   3201   1980      0      0 130213 130214      0      0      0      0      0      0 
    0    210     43     41     46     19      0      0      0      0   3201   1980      0      0 130213 130214      0      0      0      0    109     19 
    0    264     44     41     48     18      0      0      0      0   3201   1980      0      0 130213 130214      0      0      0      0    118     18 
    0    260     43     41     41     17      0      0      0      0   3201   1980      0      0 130213 130214      0      0      0      0    119     18 
    0    257     45     42     46     18      0      0      0      0   3201   1980      0      0 130213 130214      0      0      0      0    122     17 
    0    237     44     42     44     18      0      0      0      0   3201   1980      0      0 130213 130214      0      0      0      0    111     19 
    0    248     44     42     46     18      0      0      0      0   3201   1980      0      0 130213 130214      0      0      0      0    116     19 
    0    239     44     42     43     17      0      0      0      0   3201   1980      0      0 130213 130214      0      0      0      0    119     19 
    0    254     44     42     47     19      0      0      0      0   3201   1980      0      0 130213 130214      0      0      0      0    120     20 
    0    247     44     42     47     19      0      0      0      0   3201   1980      0      0 130213 130214      0      0      0      0    117     18 
    0    257     44     42     46     17      0      0      0      0   3201   1980      0      0 130213 130214      0      0      0      0    125     15 
    0    216     42     41      0      0      0      0      0      0   3201   1980      0      0 130213 130214      0      0      0      0      0      0 
    0    194     43     41     46     19      0      0      0      0   3201   1980      0      0 130213 130214      0      0      0      0    118     19 
    0    255     46     42     44     16      0      0      0      0   3201   1980      0      0 130213 130214      0      0      0      0    120     17 
    0    241     44     42     46     19      0      0      0      0   3201   1980      0      0 130213 130214      0      0      0      0    108     19 
    0    252     44     42     46     17      0      0      0      0   3201   1980      0      0 130213 130214      0      0      0      0    125     20 
    0    237     44     42     46     20      0      0      0      0   3201   1980      0      0 130213 130214      0      0      0      0     94     19 
    0    244     44     42     43     17      0      0      0      0   3201   1980      0      0 130213 130214      0      0      0      0     94     19 
    0    251     44     42     43     17      0      0      0      0   3201   1980      0      0 130213 130214      0      0      0      0    116     19 
    0    227     44     42     46     19      0      0      0      0   3201   1980      0      0 130213 130214      0      0      0      0    119     20 
    0    205     42     39     34     13      0      0      0      0   3201   1980      0      0 130213 130214      0      0      0      0    111     19 
    0    243     44     42     46     19      0      0      0      0   3201   1980      0      0 130213 130214      0      0      0      0    112     19 
    0    241     44     42     47     19      0      0      0      0   3201   1980      0      0 130213 130214      0      0      0      0    114     16 
    0    243     44     42     46     19      0      0      0      0   3201   1980      0      0 130213 130214      0      0      0      0    108     16 
    0    249     44     42     42     17      0      0      0      0   3201   1980      0      0 130213 130214      0      0      0      0    116     17 
    0    256     45     42     48     18      0      0      0      0   3201   1980      0      0 130213 130214      0      0      0      0    119     18 
    0    254     45     42     49     17      0      0      0      0   3201   1980      0      0 130213 130214      0      0      0      0    119     18 
    0    252     45     42     43     17      0      0      0      0   3201   1980      0      0 130213 130214      0      0      0      0    117     18 
    0    242     44     42     46     19      0      0      0      0   3201   1980      0      0 130213 130214      0      0      0      0    120     19 
    0    247     44     42     44     18      0      0      0      0   3201   1980      0      0 130213 130214      0      0      0      0    128     20 
    0    234     47     42     45     19      0      0      0      0   3201   1980      0      0 130213 130214      0      0      0      0    116     19 
    0    246     44     42     43     18      0      0      0      0   3201   1980      0      0 130213 130214      0      0      0      0     96     19 
    0    243     44     43     40     17      0      0      0      0   3201   1980      0      0 130213 130214      0      0      0      0     53     16 
    0    259     44     42     44     18      0      0      0      0   3201   1980      0      0 130213 130214      0      0      0      0    104     21 
    0    196     44     40      0      0      0      0      0      0   3201   1980      0      0 130213 130214      0      0      0      0    110     19 
    0    254     44     42     46     19      0      0      0      0   3201   1980      0      0 130213 130214      0      0      0      0     79     16 
    0    161     42     39      0      0      0      0      0      0   3201   1980      0      0 130213 130214      0      0      0      0      0      0 
    0    133     42     39      0      0      0      0      0      0   3201   1980      0      0 130213 130214      0      0      0      0      0      1 
    0    165     43     41     46     17      0      0      0      0   3201   1980      0      0 130213 130214      0      0      0      0    116     17 
    0    242     45     42     46     19      0      0      0      0   3201   1980      0      0 130213 130214      0      0      0      0    100     16 
# gpu    pwr  gtemp  mtemp     sm    mem    enc    dec    jpg    ofa   mclk   pclk  pviol  tviol     fb   bar1   ccpm  sbecc  dbecc    pci  rxpci  txpci 
# Idx      W      C      C      %      %      %      %      %      %    MHz    MHz      %   bool     MB     MB     MB   errs   errs   errs   MB/s   MB/s 
    0    247     44     42     46     19      0      0      0      0   3201   1980      0      0 130213 130214      0      0      0      0    116     20 
    0    234     44     42     46     19      0      0      0      0   3201   1980      0      0 130213 130214      0      0      0      0    110     19 
    0    247     45     42     48     17      0      0      0      0   3201   1980      0      0 130213 130214      0      0      0      0    118     20 
    0    244     44     42     41     16      0      0      0      0   3201   1980      0      0 130213 130214      0      0      0      0    114     21 
    0    240     44     42     44     18      0      0      0      0   3201   1980      0      0 130213 130214      0      0      0      0      0      0 
    0    212     44     42     46     19      0      0      0      0   3201   1980      0      0 130213 130214      0      0      0      0      0      0 
    0    133     42     39      0      0      0      0      0      0   3201   1980      0      0 130213 130214      0      0      0      0      0      0 
    0    228     44     42     46     19      0      0      0      0   3201   1980      0      0 130213 130214      0      0      0      0      0     12 
    0    235     44     42     46     19      0      0      0      0   3201   1980      0      0 130213 130214      0      0      0      0    117     18 
    0    255     44     42     46     19      0      0      0      0   3201   1980      0      0 130213 130214      0      0      0      0    117     20 
    0    250     44     42     45     18      0      0      0      0   3201   1980      0      0 130213 130214      0      0      0      0    119     17 
    0    210     44     41      0      0      0      0      0      0   3201   1980      0      0 130213 130214      0      0      0      0    105     19 
    0    254     44     42     41     17      0      0      0      0   3201   1980      0      0 130213 130214      0      0      0      0    117     18 
    0    252     44     42     43     17      0      0      0      0   3201   1980      0      0 130213 130214      0      0      0      0    102     19 
    0    245     44     43     47     19      0      0      0      0   3201   1980      0      0 130213 130214      0      0      0      0    100     19 
    0    246     44     43     43     17      0      0      0      0   3201   1980      0      0 130213 130214      0      0      0      0    115     20 
    0    244     45     42     44     18      0      0      0      0   3201   1980      0      0 130213 130214      0      0      0      0    114     20 
    0    259     44     42     46     19      0      0      0      0   3201   1980      0      0 130213 130214      0      0      0      0    118     18 
    0    179     44     40     47     19      0      0      0      0   3201   1980      0      0 130213 130214      0      0      0      0    108     18 
    0    252     45     42     48     18      0      0      0      0   3201   1980      0      0 130213 130214      0      0      0      0    118     17 
    0    257     44     42     44     18      0      0      0      0   3201   1980      0      0 130213 130214      0      0      0      0    112     19 
    0    164     42     39      0      0      0      0      0      0   3201   1980      0      0 130213 130214      0      0      0      0      1      0 
