# gpu    pwr  gtemp  mtemp     sm    mem    enc    dec    jpg    ofa   mclk   pclk  pviol  tviol     fb   bar1   ccpm  sbecc  dbecc    pci  rxpci  txpci 
# Idx      W      C      C      %      %      %      %      %      %    MHz    MHz      %   bool     MB     MB     MB   errs   errs   errs   MB/s   MB/s 
    0    156     42     39     15      6      0      0      0      0   3201   1980      0      0 130211 130212      0      0      0      0      0      0 
    0    132     40     37      0      0      0      0      0      0   3201   1980      0      0 130211 130212      0      0      0      0      0      0 
    0    132     40     37      0      0      0      0      0      0   3201   1980      0      0 130211 130212      0      0      0      0      0      0 
    0    132     40     37      0      0      0      0      0      0   3201   1980      0      0 130211 130212      0      0      0      0      0      0 
    0    132     40     37      0      0      0      0      0      0   3201   1980      0      0 130211 130212      0      0      0      0      0      1 
    0    132     40     37      0      0      0      0      0      0   3201   1980      0      0 130211 130212      0      0      0      0      0      0 
    0    132     40     37      0      0      0      0      0      0   3201   1980      0      0 130211 130212      0      0      0      0      1      1 
    0    132     40     37      0      0      0      0      0      0   3201   1980      0      0 130211 130212      0      0      0      0      0      0 
    0    132     40     37      0      0      0      0      0      0   3201   1980      0      0 130211 130212      0      0      0      0      0      1 
    0    132     39     37      0      0      0      0      0      0   3201   1980      0      0 130211 130212      0      0      0      0      0      0 
    0    132     39     37      0      0      0      0      0      0   3201   1980      0      0 130211 130212      0      0      0      0      0      1 
    0    132     39     36      0      0      0      0      0      0   3201   1980      0      0 130211 130212      0      0      0      0      0      0 
    0    132     39     36      0      0      0      0      0      0   3201   1980      0      0 130211 130212      0      0      0      0      0      1 
    0    234     42     39     46     18      0      0      0      0   3201   1980      0      0 130213 130214      0      0      0      0    117     20 
    0    259     43     40     47     18      0      0      0      0   3201   1980      0      0 130213 130214      0      0      0      0    121     21 
    0    278     43     41     46     20      0      0      0      0   3201   1980      0      0 130213 130214      0      0      0      0    124     20 
    0    265     46     41     49     19      0      0      0      0   3201   1980      0      0 130213 130214      0      0      0      0    129     22 
    0    284     45     41     52     19      0      0      0      0   3201   1980      0      0 130213 130214      0      0      0      0    123     18 
    0    282     45     41     47     18      0      0      0      0   3201   1980      0      0 130213 130214      0      0      0      0    114     23 
    0    294     44     42     46     19      0      0      0      0   3201   1980      0      0 130213 130214      0      0      0      0    118     20 
    0    318     44     41     37     14      0      0      0      0   3201   1980      0      0 130213 130214      0      0      0      0    114     17 
    0    281     44     42     46     20      0      0      0      0   3201   1980      0      0 130213 130214      0      0      0      0    118     17 
    0    299     45     42     49     19      0      0      0      0   3201   1980      0      0 130213 130214      0      0      0      0    107     22 
    0    320     47     42     46     20      0      0      0      0   3201   1980      0      0 130213 130214      0      0      0      0    122     23 
    0    300     44     42     45     19      0      0      0      0   3201   1980      0      0 130213 130214      0      0      0      0    107     21 
    0    277     45     42     46     20      0      0      0      0   3201   1980      0      0 130213 130214      0      0      0      0    121     18 
    0    278     45     42     46     18      0      0      0      0   3201   1980      0      0 130213 130214      0      0      0      0     96     18 
    0    260     44     42     46     19      0      0      0      0   3201   1980      0      0 130213 130214      0      0      0      0    119     18 
    0    312     46     43     50     19      0      0      0      0   3201   1980      0      0 130213 130214      0      0      0      0    128     20 
    0    288     45     42     49     20      0      0      0      0   3201   1980      0      0 130213 130214      0      0      0      0    121     18 
    0    273     44     42     46     19      0      0      0      0   3201   1980      0      0 130213 130214      0      0      0      0    120     21 
    0    266     47     42     47     19      0      0      0      0   3201   1980      0      0 130213 130214      0      0      0      0    123     20 
    0    277     45     43     48     18      0      0      0      0   3201   1980      0      0 130213 130214      0      0      0      0    123     18 
    0    272     45     42     53     19      0      0      0      0   3201   1980      0      0 130213 130214      0      0      0      0    116     20 
    0    308     45     43     50     19      0      0      0      0   3201   1980      0      0 130213 130214      0      0      0      0    113     20 
    0    288     45     43     48     18      0      0      0      0   3201   1980      0      0 130213 130214      0      0      0      0    112     19 
    0    299     51     43     47     18      0      0      0      0   3201   1980      0      0 130213 130214      0      0      0      0    119     21 
    0    239     43     42     45     19      0      0      0      0   3201   1980      0      0 130213 130214      0      0      0      0      0      0 
