# gpu    pwr  gtemp  mtemp     sm    mem    enc    dec    jpg    ofa   mclk   pclk  pviol  tviol     fb   bar1   ccpm  sbecc  dbecc    pci  rxpci  txpci 
# Idx      W      C      C      %      %      %      %      %      %    MHz    MHz      %   bool     MB     MB     MB   errs   errs   errs   MB/s   MB/s 
    0    150     39     36     32     14      0      0      0      0   3201   1980      0      0 130211 130212      0      0      0      0      0      0 
    0    131     37     34      0      0      0      0      0      0   3201   1980      0      0 130211 130212      0      0      0      0      0      0 
    0    130     37     34      0      0      0      0      0      0   3201   1980      0      0 130211 130212      0      0      0      0      0      0 
    0    130     37     34      0      0      0      0      0      0   3201   1980      0      0 130211 130212      0      0      0      0      0      0 
    0    130     37     34      0      0      0      0      0      0   3201   1980      0      0 130211 130212      0      0      0      0      0      0 
    0    130     37     34      0      0      0      0      0      0   3201   1980      0      0 130211 130212      0      0      0      0      0      0 
    0    130     37     34      0      0      0      0      0      0   3201   1980      0      0 130211 130212      0      0      0      0      0      0 
    0    130     37     34      0      0      0      0      0      0   3201   1980      0      0 130211 130212      0      0      0      0      0      0 
    0    130     37     34      0      0      0      0      0      0   3201   1980      0      0 130211 130212      0      0      0      0      0      0 
    0    130     37     34      0      0      0      0      0      0   3201   1980      0      0 130211 130212      0      0      0      0      0      0 
    0    130     37     34      0      0      0      0      0      0   3201   1980      0      0 130211 130212      0      0      0      0      0      1 
    0    130     37     34      0      0      0      0      0      0   3201   1980      0      0 130211 130212      0      0      0      0      0      0 
    0    130     37     34      0      0      0      0      0      0   3201   1980      0      0 130211 130212      0      0      0      0      0      1 
    0    154     38     34      0      0      0      0      0      0   3201   1980      0      0 130213 130214      0      0      0      0    109     19 
    0    245     39     37     43     17      0      0      0      0   3201   1980      0      0 130213 130214      0      0      0      0    103     19 
    0    254     40     37     45     19      0      0      0      0   3201   1980      0      0 130213 130214      0      0      0      0    108     16 
    0    222     38     36      0      0      0      0      0      0   3201   1980      0      0 130213 130214      0      0      0      0      0      1 
    0    187     38     35      0      0      0      0      0      0   3201   1980      0      0 130213 130214      0      0      0      0      0      0 
    0    156     39     36     44     18      0      0      0      0   3201   1980      0      0 130213 130214      0      0      0      0    123     21 
    0    196     39     36     45     19      0      0      0      0   3201   1980      0      0 130213 130214      0      0      0      0    110     19 
    0    249     40     38     27     11      0      0      0      0   3201   1980      0      0 130213 130214      0      0      0      0      0      1 
    0    181     41     36     60     19      0      0      0      0   3201   1980      0      0 130213 130214      0      0      0      0    119     18 
    0    225     39     37     46     19      0      0      0      0   3201   1980      0      0 130213 130214      0      0      0      0    109     20 
    0    228     40     38     46     19      0      0      0      0   3201   1980      0      0 130213 130214      0      0      0      0      0      0 
    0    199     40     37     45     19      0      0      0      0   3201   1980      0      0 130213 130214      0      0      0      0    111     15 
    0    135     37     35      0      0      0      0      0      0   3201   1980      0      0 130213 130214      0      0      0      0      0      0 
    0    188     38     35      0      0      0      0      0      0   3201   1980      0      0 130213 130214      0      0      0      0      0      1 
    0    249     40     38     46     19      0      0      0      0   3201   1980      0      0 130213 130214      0      0      0      0    108     16 
    0    264     40     38     43     17      0      0      0      0   3201   1980      0      0 130213 130214      0      0      0      0    115     20 
    0    190     38     36      0      0      0      0      0      0   3201   1980      0      0 130213 130214      0      0      0      0      0      0 
    0    234     40     38     50     18      0      0      0      0   3201   1980      0      0 130213 130214      0      0      0      0    128     21 
    0    238     40     38     50     18      0      0      0      0   3201   1980      0      0 130213 130214      0      0      0      0    115     20 
    0    262     41     38     46     19      0      0      0      0   3201   1980      0      0 130213 130214      0      0      0      0    110     16 
    0    237     40     38     46     20      0      0      0      0   3201   1980      0      0 130213 130214      0      0      0      0    111     19 
    0    165     38     35      0      0      0      0      0      0   3201   1980      0      0 130213 130214      0      0      0      0      0      0 
    0    225     42     38     52     19      0      0      0      0   3201   1980      0      0 130213 130214      0      0      0      0    118     18 
    0    259     41     39     44     18      0      0      0      0   3201   1980      0      0 130213 130214      0      0      0      0    113     20 
    0    210     39     36     34     14      0      0      0      0   3201   1980      0      0 130213 130214      0      0      0      0    115     36 
    0    261     41     38     29     11      0      0      0      0   3201   1980      0      0 130213 130214      0      0      0      0    110     18 
    0    217     39     36      0      0      0      0      0      0   3201   1980      0      0 130213 130214      0      0      0      0      0      0 
    0    131     38     35      0      0      0      0      0      0   3201   1980      0      0 130213 130214      0      0      0      0      0      0 
    0    226     40     38     43     18      0      0      0      0   3201   1980      0      0 130213 130214      0      0      0      0      0     13 
    0    281     41     39     49     19      0      0      0      0   3201   1980      0      0 130213 130214      0      0      0      0    112     19 
    0    268     41     39     47     20      0      0      0      0   3201   1980      0      0 130213 130214      0      0      0      0    109     10 
# gpu    pwr  gtemp  mtemp     sm    mem    enc    dec    jpg    ofa   mclk   pclk  pviol  tviol     fb   bar1   ccpm  sbecc  dbecc    pci  rxpci  txpci 
# Idx      W      C      C      %      %      %      %      %      %    MHz    MHz      %   bool     MB     MB     MB   errs   errs   errs   MB/s   MB/s 
    0    193     40     38     46     19      0      0      0      0   3201   1980      0      0 130213 130214      0      0      0      0      0      0 
    0    194     40     38      0      0      0      0      0      0   3201   1980      0      0 130213 130214      0      0      0      0      0      0 
    0    131     38     35      0      0      0      0      0      0   3201   1980      0      0 130213 130214      0      0      0      0      1      0 
    0    215     40     38     46     18      0      0      0      0   3201   1980      0      0 130213 130214      0      0      0      0    111     19 
    0    142     38     35      0      0      0      0      0      0   3201   1980      0      0 130213 130214      0      0      0      0      0      0 
    0    183     38     38     26     10      0      0      0      0   3201   1980      0      0 130213 130214      0      0      0      0    119     19 
    0    233     41     38     51     19      0      0      0      0   3201   1980      0      0 130213 130214      0      0      0      0    114     21 
    0    265     41     39     46     19      0      0      0      0   3201   1980      0      0 130213 130214      0      0      0      0     83     16 
    0    259     40     39     47     19      0      0      0      0   3201   1980      0      0 130213 130214      0      0      0      0    111     19 
    0    251     40     39      0      0      0      0      0      0   3201   1980      0      0 130213 130214      0      0      0      0      0      0 
    0    176     40     37     46     19      0      0      0      0   3201   1980      0      0 130213 130214      0      0      0      0    115     18 
    0    234     40     38     46     19      0      0      0      0   3201   1980      0      0 130213 130214      0      0      0      0      0      0 
    0    261     42     39     44     18      0      0      0      0   3201   1980      0      0 130213 130214      0      0      0      0    119     18 
    0    209     41     38     45     18      0      0      0      0   3201   1980      0      0 130213 130214      0      0      0      0    123     19 
    0    238     39     37     12      5      0      0      0      0   3201   1980      0      0 130213 130214      0      0      0      0     94     19 
    0    224     39     37      0      0      0      0      0      0   3201   1980      0      0 130213 130214      0      0      0      0      0      0 
    0    187     40     38     44     18      0      0      0      0   3201   1980      0      0 130213 130214      0      0      0      0    112     19 
    0    253     41     39     44     19      0      0      0      0   3201   1980      0      0 130213 130214      0      0      0      0    103     20 
    0    216     39     37      0      0      0      0      0      0   3201   1980      0      0 130213 130214      0      0      0      0      0      0 
    0    188     40     38     46     20      0      0      0      0   3201   1980      0      0 130213 130214      0      0      0      0    112     17 
    0    201     40     38     44     18      0      0      0      0   3201   1980      0      0 130213 130214      0      0      0      0    100     19 
    0    226     41     39     33     14      0      0      0      0   3201   1980      0      0 130213 130214      0      0      0      0      0      1 
    0    218     41     39     46     19      0      0      0      0   3201   1980      0      0 130213 130214      0      0      0      0     96     19 
    0    189     40     38     44     19      0      0      0      0   3201   1980      0      0 130213 130214      0      0      0      0     95     18 
    0    219     39     37      0      0      0      0      0      0   3201   1980      0      0 130213 130214      0      0      0      0      0      0 
    0    247     41     39     46     20      0      0      0      0   3201   1980      0      0 130213 130214      0      0      0      0    108     17 
    0    222     41     39     43     18      0      0      0      0   3201   1980      0      0 130213 130214      0      0      0      0     97     18 
    0    144     39     36      0      0      0      0      0      0   3201   1980      0      0 130213 130214      0      0      0      0      0      1 
    0    250     43     39     51     18      0      0      0      0   3201   1980      0      0 130213 130214      0      0      0      0    109     19 
    0    242     40     39      7      3      0      0      0      0   3201   1980      0      0 130213 130214      0      0      0      0      0     12 
    0    268     41     39     44     18      0      0      0      0   3201   1980      0      0 130213 130214      0      0      0      0    123     18 
    0    255     41     39     43     18      0      0      0      0   3201   1980      0      0 130213 130214      0      0      0      0     42     18 
    0    251     41     39     46     20      0      0      0      0   3201   1980      0      0 130213 130214      0      0      0      0     77     19 
    0    232     41     39     46     20      0      0      0      0   3201   1980      0      0 130213 130214      0      0      0      0    111      7 
    0    161     39     36     38     15      0      0      0      0   3201   1980      0      0 130213 130214      0      0      0      0    110     19 
    0    260     41     39     46     20      0      0      0      0   3201   1980      0      0 130213 130214      0      0      0      0    111     19 
    0    195     40     38      1      1      0      0      0      0   3201   1980      0      0 130213 130214      0      0      0      0      0      0 
    0    198     42     36     50     19      0      0      0      0   3201   1980      0      0 130213 130214      0      0      0      0    114     20 
    0    167     39     36      0      0      0      0      0      0   3201   1980      0      0 130213 130214      0      0      0      0      0      0 
    0    248     41     39     46     19      0      0      0      0   3201   1980      0      0 130213 130214      0      0      0      0    108      9 
    0    141     39     36      0      0      0      0      0      0   3201   1980      0      0 130213 130214      0      0      0      0      0      0 
    0    131     38     36      0      0      0      0      0      0   3201   1980      0      0 130213 130214      0      0      0      0      0      0 
    0    131     38     35      0      0      0      0      0      0   3201   1980      0      0 130213 130214      0      0      0      0     98     21 
    0    199     39     36      0      0      0      0      0      0   3201   1980      0      0 130213 130214      0      0      0      0    109     19 
# gpu    pwr  gtemp  mtemp     sm    mem    enc    dec    jpg    ofa   mclk   pclk  pviol  tviol     fb   bar1   ccpm  sbecc  dbecc    pci  rxpci  txpci 
# Idx      W      C      C      %      %      %      %      %      %    MHz    MHz      %   bool     MB     MB     MB   errs   errs   errs   MB/s   MB/s 
    0    253     41     39     45     19      0      0      0      0   3201   1980      0      0 130213 130214      0      0      0      0      0      0 
    0    188     41     39     41     17      0      0      0      0   3201   1980      0      0 130213 130214      0      0      0      0    110     19 
    0    212     41     37     43     18      0      0      0      0   3201   1980      0      0 130213 130214      0      0      0      0    110     20 
    0    258     43     39     46     19      0      0      0      0   3201   1980      0      0 130213 130214      0      0      0      0     97     19 
    0    206     40     37     18      8      0      0      0      0   3201   1980      0      0 130213 130214      0      0      0      0      0      0 
    0    175     39     38      0      0      0      0      0      0   3201   1980      0      0 130213 130214      0      0      0      0      0      0 
    0    131     39     36      0      0      0      0      0      0   3201   1980      0      0 130213 130214      0      0      0      0      0      1 
    0    188     39     37      0      0      0      0      0      0   3201   1980      0      0 130213 130214      0      0      0      0      0      0 
    0    218     41     38     44     18      0      0      0      0   3201   1980      0      0 130213 130214      0      0      0      0      0      1 
    0    277     42     39     44     18      0      0      0      0   3201   1980      0      0 130213 130214      0      0      0      0    118     18 
    0    217     42     39     45     18      0      0      0      0   3201   1980      0      0 130213 130214      0      0      0      0     83      1 
    0    135     39     36      0      0      0      0      0      0   3201   1980      0      0 130213 130214      0      0      0      0     29     18 
    0    242     42     39     51     19      0      0      0      0   3201   1980      0      0 130213 130214      0      0      0      0    114     21 
    0    254     41     39     43     17      0      0      0      0   3201   1980      0      0 130213 130214      0      0      0      0    118     18 
    0    153     39     36      0      0      0      0      0      0   3201   1980      0      0 130213 130214      0      0      0      0      0      1 
    0    257     43     39     44     18      0      0      0      0   3201   1980      0      0 130213 130214      0      0      0      0     85     16 
    0    224     40     38      0      0      0      0      0      0   3201   1980      0      0 130213 130214      0      0      0      0    117     20 
    0    256     42     39     44     18      0      0      0      0   3201   1980      0      0 130213 130214      0      0      0      0      0      0 
    0    134     39     37      0      0      0      0      0      0   3201   1980      0      0 130213 130214      0      0      0      0    109     17 
    0    204     41     39     46     20      0      0      0      0   3201   1980      0      0 130213 130214      0      0      0      0     97     19 
    0    276     42     40     45     19      0      0      0      0   3201   1980      0      0 130213 130214      0      0      0      0    115     20 
    0    154     39     37      0      0      0      0      0      0   3201   1980      0      0 130213 130214      0      0      0      0      0      0 
