# gpu    pwr  gtemp  mtemp     sm    mem    enc    dec    jpg    ofa   mclk   pclk  pviol  tviol     fb   bar1   ccpm  sbecc  dbecc    pci  rxpci  txpci 
# Idx      W      C      C      %      %      %      %      %      %    MHz    MHz      %   bool     MB     MB     MB   errs   errs   errs   MB/s   MB/s 
    0    154     44     41     25     11      0      0      0      0   3201   1980      0      0 130211 130212      0      0      0      0      0      0 
    0    134     42     39      0      0      0      0      0      0   3201   1980      0      0 130211 130212      0      0      0      0      0      0 
    0    133     42     39      0      0      0      0      0      0   3201   1980      0      0 130211 130212      0      0      0      0      0      0 
    0    133     42     39      0      0      0      0      0      0   3201   1980      0      0 130211 130212      0      0      0      0      0      0 
    0    133     42     39      0      0      0      0      0      0   3201   1980      0      0 130211 130212      0      0      0      0      0      1 
    0    133     42     39      0      0      0      0      0      0   3201   1980      0      0 130211 130212      0      0      0      0      0      0 
    0    133     42     39      0      0      0      0      0      0   3201   1980      0      0 130211 130212      0      0      0      0      0      1 
    0    133     42     39      0      0      0      0      0      0   3201   1980      0      0 130211 130212      0      0      0      0      0      0 
    0    133     42     39      0      0      0      0      0      0   3201   1980      0      0 130211 130212      0      0      0      0      0      1 
    0    133     42     39      0      0      0      0      0      0   3201   1980      0      0 130211 130212      0      0      0      0      0      0 
    0    133     42     38      0      0      0      0      0      0   3201   1980      0      0 130211 130212      0      0      0      0      0      1 
    0    133     42     38      0      0      0      0      0      0   3201   1980      0      0 130211 130212      0      0      0      0      0      0 
    0    133     42     38      0      0      0      0      0      0   3201   1980      0      0 130211 130212      0      0      0      0      0      1 
    0    233     44     42     48     18      0      0      0      0   3201   1980      0      0 130213 130214      0      0      0      0    119     18 
    0    256     44     42     46     19      0      0      0      0   3201   1980      0      0 130213 130214      0      0      0      0    120     18 
    0    246     45     42     46     17      0      0      0      0   3201   1980      0      0 130213 130214      0      0      0      0    118     20 
    0    250     45     42     44     18      0      0      0      0   3201   1980      0      0 130213 130214      0      0      0      0    118     21 
    0    265     45     42     43     18      0      0      0      0   3201   1980      0      0 130213 130214      0      0      0      0    138     17 
    0    247     45     42     44     18      0      0      0      0   3201   1980      0      0 130213 130214      0      0      0      0    116     20 
    0    254     45     43     43     18      0      0      0      0   3201   1980      0      0 130213 130214      0      0      0      0    112     19 
    0    255     45     42     49     17      0      0      0      0   3201   1980      0      0 130213 130214      0      0      0      0    112     20 
    0    256     45     42     46     19      0      0      0      0   3201   1980      0      0 130213 130214      0      0      0      0    120     20 
    0    261     45     43     47     20      0      0      0      0   3201   1980      0      0 130213 130214      0      0      0      0    119     18 
    0    247     45     42     43     17      0      0      0      0   3201   1980      0      0 130213 130214      0      0      0      0    116     19 
    0    265     45     43     49     17      0      0      0      0   3201   1980      0      0 130213 130214      0      0      0      0    119     18 
    0    278     46     43     44     17      0      0      0      0   3201   1980      0      0 130213 130214      0      0      0      0    123     20 
    0    240     45     43     46     19      0      0      0      0   3201   1980      0      0 130213 130214      0      0      0      0    103     18 
    0    280     46     43     44     18      0      0      0      0   3201   1980      0      0 130213 130214      0      0      0      0    122     17 
    0    285     45     43     47     20      0      0      0      0   3201   1980      0      0 130213 130214      0      0      0      0    124     18 
    0    240     43     43     15      6      0      0      0      0   3201   1980      0      0 130213 130214      0      0      0      0     59     17 
    0    247     45     43     46     19      0      0      0      0   3201   1980      0      0 130213 130214      0      0      0      0    116     20 
    0    263     47     43     50     17      0      0      0      0   3201   1980      0      0 130213 130214      0      0      0      0    110     19 
    0    289     47     43     48     20      0      0      0      0   3201   1980      0      0 130213 130214      0      0      0      0    124     15 
    0    258     45     43     49     18      0      0      0      0   3201   1980      0      0 130213 130214      0      0      0      0    122     17 
    0    278     45     43     47     20      0      0      0      0   3201   1980      0      0 130213 130214      0      0      0      0    122     20 
    0    265     45     43     47     19      0      0      0      0   3201   1980      0      0 130213 130214      0      0      0      0    111     20 
    0    249     45     43     49     18      0      0      0      0   3201   1980      0      0 130213 130214      0      0      0      0    119     19 
    0    261     45     43     46     19      0      0      0      0   3201   1980      0      0 130213 130214      0      0      0      0    114     20 
    0    248     45     43     47     19      0      0      0      0   3201   1980      0      0 130213 130214      0      0      0      0    114     19 
    0    261     45     43     44     18      0      0      0      0   3201   1980      0      0 130213 130214      0      0      0      0    106     20 
    0    244     45     43     46     19      0      0      0      0   3201   1980      0      0 130213 130214      0      0      0      0    115     20 
    0    251     45     43     44     18      0      0      0      0   3201   1980      0      0 130213 130214      0      0      0      0    100     20 
    0    249     45     43     44     18      0      0      0      0   3201   1980      0      0 130213 130214      0      0      0      0    116     18 
    0    278     46     43     48     18      0      0      0      0   3201   1980      0      0 130213 130214      0      0      0      0    124     20 
# gpu    pwr  gtemp  mtemp     sm    mem    enc    dec    jpg    ofa   mclk   pclk  pviol  tviol     fb   bar1   ccpm  sbecc  dbecc    pci  rxpci  txpci 
# Idx      W      C      C      %      %      %      %      %      %    MHz    MHz      %   bool     MB     MB     MB   errs   errs   errs   MB/s   MB/s 
    0    270     45     43     44     18      0      0      0      0   3201   1980      0      0 130213 130214      0      0      0      0    121     18 
    0    254     47     43     43     17      0      0      0      0   3201   1980      0      0 130213 130214      0      0      0      0    114     19 
    0    250     44     43     47     19      0      0      0      0   3201   1980      0      0 130213 130214      0      0      0      0    118     20 
    0    253     46     43     44     18      0      0      0      0   3201   1980      0      0 130213 130214      0      0      0      0    125     20 
    0    243     45     43     46     19      0      0      0      0   3201   1980      0      0 130213 130214      0      0      0      0    111     19 
    0    251     47     43     46     20      0      0      0      0   3201   1980      0      0 130213 130214      0      0      0      0    117     18 
    0    253     45     43     44     18      0      0      0      0   3201   1980      0      0 130213 130214      0      0      0      0    121     18 
    0    258     47     43     48     19      0      0      0      0   3201   1980      0      0 130213 130214      0      0      0      0    121     20 
    0    250     45     43     45     18      0      0      0      0   3201   1980      0      0 130213 130214      0      0      0      0    114     19 
    0    247     45     43     44     18      0      0      0      0   3201   1980      0      0 130213 130214      0      0      0      0    111     19 
    0    263     45     43     46     17      0      0      0      0   3201   1980      0      0 130213 130214      0      0      0      0    114     20 
    0    280     45     43     44     18      0      0      0      0   3201   1980      0      0 130213 130214      0      0      0      0    116     20 
    0    259     45     43     45     19      0      0      0      0   3201   1980      0      0 130213 130214      0      0      0      0    121     19 
    0    255     46     43     45     19      0      0      0      0   3201   1980      0      0 130213 130214      0      0      0      0    121     17 
    0    257     46     43     46     17      0      0      0      0   3201   1980      0      0 130213 130214      0      0      0      0    116     19 
    0    263     45     43     46     17      0      0      0      0   3201   1980      0      0 130213 130214      0      0      0      0    122     20 
    0    270     45     43     47     20      0      0      0      0   3201   1980      0      0 130213 130214      0      0      0      0    127     20 
    0    221     43     41     24     10      0      0      0      0   3201   1980      0      0 130213 130214      0      0      0      0      0      0 
