# gpu    pwr  gtemp  mtemp     sm    mem    enc    dec    jpg    ofa   mclk   pclk  pviol  tviol     fb   bar1   ccpm  sbecc  dbecc    pci  rxpci  txpci 
# Idx      W      C      C      %      %      %      %      %      %    MHz    MHz      %   bool     MB     MB     MB   errs   errs   errs   MB/s   MB/s 
    0    159     40     38     43     19      0      0      0      0   3201   1980      0      0 130211 130212      0      0      0      0      1      0 
    0    132     39     36      0      0      0      0      0      0   3201   1980      0      0 130211 130212      0      0      0      0      0      1 
    0    131     39     36      0      0      0      0      0      0   3201   1980      0      0 130211 130212      0      0      0      0      0      0 
    0    131     39     36      0      0      0      0      0      0   3201   1980      0      0 130211 130212      0      0      0      0      0      1 
    0    131     39     36      0      0      0      0      0      0   3201   1980      0      0 130211 130212      0      0      0      0      0      0 
    0    131     39     36      0      0      0      0      0      0   3201   1980      0      0 130211 130212      0      0      0      0      0      1 
    0    131     39     36      0      0      0      0      0      0   3201   1980      0      0 130211 130212      0      0      0      0      0      0 
    0    131     39     36      0      0      0      0      0      0   3201   1980      0      0 130211 130212      0      0      0      0      0      1 
    0    131     39     36      0      0      0      0      0      0   3201   1980      0      0 130211 130212      0      0      0      0      0      0 
    0    131     39     36      0      0      0      0      0      0   3201   1980      0      0 130211 130212      0      0      0      0      0      0 
    0    131     39     35      0      0      0      0      0      0   3201   1980      0      0 130211 130212      0      0      0      0      0      0 
    0    131     39     35      0      0      0      0      0      0   3201   1980      0      0 130211 130212      0      0      0      0      0      0 
    0    131     39     35      0      0      0      0      0      0   3201   1980      0      0 130211 130212      0      0      0      0      0      0 
    0    222     41     38     38     15      0      0      0      0   3201   1980      0      0 130215 130216      0      0      0      0    113     20 
    0    241     41     39     43     17      0      0      0      0   3201   1980      0      0 130215 130216      0      0      0      0    117     20 
    0    246     42     39     46     19      0      0      0      0   3201   1980      0      0 130215 130216      0      0      0      0    124     20 
    0    238     42     39     44     18      0      0      0      0   3201   1980      0      0 130215 130216      0      0      0      0    119     20 
    0    236     42     39     41     16      0      0      0      0   3201   1980      0      0 130215 130216      0      0      0      0    113     20 
    0    237     42     40     46     19      0      0      0      0   3201   1980      0      0 130215 130216      0      0      0      0    122     17 
    0    238     42     40     46     19      0      0      0      0   3201   1980      0      0 130215 130216      0      0      0      0    110     18 
    0    238     42     40     43     18      0      0      0      0   3201   1980      0      0 130215 130216      0      0      0      0    121     18 
    0    248     42     40     46     19      0      0      0      0   3201   1980      0      0 130215 130216      0      0      0      0    125     18 
    0    243     42     40     46     19      0      0      0      0   3201   1980      0      0 130215 130216      0      0      0      0    122     20 
    0    245     43     40     47     20      0      0      0      0   3201   1980      0      0 130215 130216      0      0      0      0    116     20 
    0    236     42     40     46     19      0      0      0      0   3201   1980      0      0 130215 130216      0      0      0      0    114     20 
    0    235     42     41     43     17      0      0      0      0   3201   1980      0      0 130215 130216      0      0      0      0    125     20 
    0    238     43     41     44     17      0      0      0      0   3201   1980      0      0 130215 130216      0      0      0      0    116     18 
    0    246     43     41     46     19      0      0      0      0   3201   1980      0      0 130215 130216      0      0      0      0    122     20 
    0    243     43     41     41     17      0      0      0      0   3201   1980      0      0 130215 130216      0      0      0      0    122     22 
    0    243     43     40     46     19      0      0      0      0   3201   1980      0      0 130215 130216      0      0      0      0    120     20 
    0    247     43     41     43     18      0      0      0      0   3201   1980      0      0 130215 130216      0      0      0      0    121     18 
    0    250     43     41     41     16      0      0      0      0   3201   1980      0      0 130215 130216      0      0      0      0    118     20 
    0    246     44     41     41     17      0      0      0      0   3201   1980      0      0 130215 130216      0      0      0      0    118     21 
    0    251     43     41     44     18      0      0      0      0   3201   1980      0      0 130215 130216      0      0      0      0    123     20 
    0    245     43     41     46     19      0      0      0      0   3201   1980      0      0 130215 130216      0      0      0      0    119     21 
    0    244     43     41     43     17      0      0      0      0   3201   1980      0      0 130215 130216      0      0      0      0    112     20 
    0    243     44     41     45     18      0      0      0      0   3201   1980      0      0 130215 130216      0      0      0      0    109     21 
    0    248     44     42     47     20      0      0      0      0   3201   1980      0      0 130215 130216      0      0      0      0    122     19 
    0    259     44     42     48     20      0      0      0      0   3201   1980      0      0 130215 130216      0      0      0      0    118     21 
    0    248     44     41     46     19      0      0      0      0   3201   1980      0      0 130215 130216      0      0      0      0    116     20 
    0    246     43     42     43     17      0      0      0      0   3201   1980      0      0 130215 130216      0      0      0      0    116     18 
    0    244     43     41     46     19      0      0      0      0   3201   1980      0      0 130215 130216      0      0      0      0    124     18 
    0    264     44     42     48     19      0      0      0      0   3201   1980      0      0 130215 130216      0      0      0      0    106     20 
    0    270     44     42     49     19      0      0      0      0   3201   1980      0      0 130215 130216      0      0      0      0    113     14 
# gpu    pwr  gtemp  mtemp     sm    mem    enc    dec    jpg    ofa   mclk   pclk  pviol  tviol     fb   bar1   ccpm  sbecc  dbecc    pci  rxpci  txpci 
# Idx      W      C      C      %      %      %      %      %      %    MHz    MHz      %   bool     MB     MB     MB   errs   errs   errs   MB/s   MB/s 
    0    262     45     42     46     19      0      0      0      0   3201   1980      0      0 130215 130216      0      0      0      0    121     17 
    0    253     44     42     44     18      0      0      0      0   3201   1980      0      0 130215 130216      0      0      0      0    119     20 
    0    242     44     42     47     19      0      0      0      0   3201   1980      0      0 130215 130216      0      0      0      0    106     19 
    0    235     44     42     41     16      0      0      0      0   3201   1980      0      0 130215 130216      0      0      0      0    116     20 
    0    234     44     42     47     19      0      0      0      0   3201   1980      0      0 130215 130216      0      0      0      0    117     20 
    0    236     43     42     47     19      0      0      0      0   3201   1980      0      0 130215 130216      0      0      0      0    111     18 
    0    259     44     42     44     18      0      0      0      0   3201   1980      0      0 130215 130216      0      0      0      0    128     20 
    0    262     45     42     47     19      0      0      0      0   3201   1980      0      0 130215 130216      0      0      0      0    130     18 
    0    273     45     42     47     19      0      0      0      0   3201   1980      0      0 130215 130216      0      0      0      0    120     20 
    0    251     44     42     47     20      0      0      0      0   3201   1980      0      0 130215 130216      0      0      0      0    123     18 
    0    255     44     42     47     19      0      0      0      0   3201   1980      0      0 130215 130216      0      0      0      0    118     20 
    0    246     45     42     44     17      0      0      0      0   3201   1980      0      0 130215 130216      0      0      0      0    108     18 
    0    259     44     42     44     18      0      0      0      0   3201   1980      0      0 130215 130216      0      0      0      0    108     19 
    0    254     45     42     48     19      0      0      0      0   3201   1980      0      0 130215 130216      0      0      0      0    126     18 
    0    249     44     42     47     19      0      0      0      0   3201   1980      0      0 130215 130216      0      0      0      0    111     20 
    0    240     44     42     46     19      0      0      0      0   3201   1980      0      0 130215 130216      0      0      0      0    129     17 
    0    241     44     42     43     18      0      0      0      0   3201   1980      0      0 130215 130216      0      0      0      0    120     20 
    0    242     44     42     46     19      0      0      0      0   3201   1980      0      0 130215 130216      0      0      0      0    124     18 
    0    247     44     42     46     19      0      0      0      0   3201   1980      0      0 130215 130216      0      0      0      0    120     18 
    0    237     44     42     46     19      0      0      0      0   3201   1980      0      0 130215 130216      0      0      0      0    117     19 
    0    237     44     42     44     17      0      0      0      0   3201   1980      0      0 130215 130216      0      0      0      0    116     20 
    0    251     44     42     47     19      0      0      0      0   3201   1980      0      0 130215 130216      0      0      0      0    123     18 
    0    240     44     42     44     18      0      0      0      0   3201   1980      0      0 130215 130216      0      0      0      0    113     20 
    0    244     44     42     46     19      0      0      0      0   3201   1980      0      0 130215 130216      0      0      0      0    121     20 
    0    237     44     42     46     19      0      0      0      0   3201   1980      0      0 130215 130216      0      0      0      0    118     20 
    0    238     44     42     44     18      0      0      0      0   3201   1980      0      0 130215 130216      0      0      0      0    121     20 
    0    240     44     42     43     18      0      0      0      0   3201   1980      0      0 130215 130216      0      0      0      0    119     19 
    0    242     44     43     47     19      0      0      0      0   3201   1980      0      0 130215 130216      0      0      0      0    118     19 
    0    242     44     42     44     17      0      0      0      0   3201   1980      0      0 130215 130216      0      0      0      0    111     20 
    0    249     45     42     44     18      0      0      0      0   3201   1980      0      0 130215 130216      0      0      0      0    109     20 
    0    250     45     42     45     19      0      0      0      0   3201   1980      0      0 130215 130216      0      0      0      0    124     18 
    0    248     44     42     47     19      0      0      0      0   3201   1980      0      0 130215 130216      0      0      0      0    124     20 
    0    254     45     43     47     19      0      0      0      0   3201   1980      0      0 130215 130216      0      0      0      0    124     18 
    0    244     44     42     43     18      0      0      0      0   3201   1980      0      0 130215 130216      0      0      0      0    116     20 
    0    249     44     42     44     18      0      0      0      0   3201   1980      0      0 130215 130216      0      0      0      0    121     20 
    0    243     45     42     46     19      0      0      0      0   3201   1980      0      0 130215 130216      0      0      0      0    112     20 
    0    245     44     42     43     18      0      0      0      0   3201   1980      0      0 130215 130216      0      0      0      0    120     18 
    0    238     44     42     43     18      0      0      0      0   3201   1980      0      0 130215 130216      0      0      0      0    115     20 
    0    245     44     42     47     19      0      0      0      0   3201   1980      0      0 130215 130216      0      0      0      0    118     20 
    0    237     44     42     46     19      0      0      0      0   3201   1980      0      0 130215 130216      0      0      0      0    129     20 
    0    234     44     42     41     17      0      0      0      0   3201   1980      0      0 130215 130216      0      0      0      0    105     20 
    0    223     42     41      0      0      0      0      0      0   3201   1980      0      0 130215 130216      0      0      0      0      2      0 
    0    196     43     41     43     17      0      0      0      0   3201   1980      0      0 130215 130216      0      0      0      0    118     20 
    0    241     44     42     45     18      0      0      0      0   3201   1980      0      0 130215 130216      0      0      0      0    114     20 
# gpu    pwr  gtemp  mtemp     sm    mem    enc    dec    jpg    ofa   mclk   pclk  pviol  tviol     fb   bar1   ccpm  sbecc  dbecc    pci  rxpci  txpci 
# Idx      W      C      C      %      %      %      %      %      %    MHz    MHz      %   bool     MB     MB     MB   errs   errs   errs   MB/s   MB/s 
    0    242     44     42     46     19      0      0      0      0   3201   1980      0      0 130215 130216      0      0      0      0    124     19 
    0    251     44     42     48     19      0      0      0      0   3201   1980      0      0 130215 130216      0      0      0      0    122     18 
    0    242     44     42     46     19      0      0      0      0   3201   1980      0      0 130215 130216      0      0      0      0    112     20 
    0    248     44     42     47     19      0      0      0      0   3201   1980      0      0 130215 130216      0      0      0      0    123     20 
    0    248     44     42     44     18      0      0      0      0   3201   1980      0      0 130215 130216      0      0      0      0    124     20 
    0    242     44     42     41     17      0      0      0      0   3201   1980      0      0 130215 130216      0      0      0      0    116     19 
    0    234     44     42     46     18      0      0      0      0   3201   1980      0      0 130215 130216      0      0      0      0    114     20 
    0    246     44     42     44     17      0      0      0      0   3201   1980      0      0 130215 130216      0      0      0      0    124     20 
    0    248     44     43     46     19      0      0      0      0   3201   1980      0      0 130215 130216      0      0      0      0    120     17 
    0    260     45     43     46     20      0      0      0      0   3201   1980      0      0 130215 130216      0      0      0      0    112     21 
    0    259     44     42     44     18      0      0      0      0   3201   1980      0      0 130215 130216      0      0      0      0    120     17 
    0    251     44     42     43     18      0      0      0      0   3201   1980      0      0 130215 130216      0      0      0      0    108     17 
    0    254     44     42     46     19      0      0      0      0   3201   1980      0      0 130215 130216      0      0      0      0    124     18 
    0    250     44     42     42     18      0      0      0      0   3201   1980      0      0 130215 130216      0      0      0      0    114     21 
    0    253     44     42     46     19      0      0      0      0   3201   1980      0      0 130215 130216      0      0      0      0    120     20 
    0    248     44     42     43     18      0      0      0      0   3201   1980      0      0 130215 130216      0      0      0      0    120     20 
    0    241     44     43     43     18      0      0      0      0   3201   1980      0      0 130215 130216      0      0      0      0    110     18 
    0    236     44     42     41     17      0      0      0      0   3201   1980      0      0 130215 130216      0      0      0      0    118     21 
    0    242     44     42     43     18      0      0      0      0   3201   1980      0      0 130215 130216      0      0      0      0    121     18 
    0    249     44     42     41     16      0      0      0      0   3201   1980      0      0 130215 130216      0      0      0      0    117     20 
    0    245     44     42     43     18      0      0      0      0   3201   1980      0      0 130215 130216      0      0      0      0    124     20 
    0    246     44     42     46     19      0      0      0      0   3201   1980      0      0 130215 130216      0      0      0      0    106     21 
    0    173     42     39      0      0      0      0      0      0   3201   1980      0      0 130215 130216      0      0      0      0      0      0 
