# gpu    pwr  gtemp  mtemp     sm    mem    enc    dec    jpg    ofa   mclk   pclk  pviol  tviol     fb   bar1   ccpm  sbecc  dbecc    pci  rxpci  txpci 
# Idx      W      C      C      %      %      %      %      %      %    MHz    MHz      %   bool     MB     MB     MB   errs   errs   errs   MB/s   MB/s 
    0    156     41     39     43     19      0      0      0      0   3201   1980      0      0 130211 130212      0      0      0      0      0      0 
    0    132     39     37      0      0      0      0      0      0   3201   1980      0      0 130211 130212      0      0      0      0      0      0 
    0    132     39     37      0      0      0      0      0      0   3201   1980      0      0 130211 130212      0      0      0      0      0      0 
    0    132     39     36      0      0      0      0      0      0   3201   1980      0      0 130211 130212      0      0      0      0      0      0 
    0    132     39     36      0      0      0      0      0      0   3201   1980      0      0 130211 130212      0      0      0      0      0      0 
    0    131     39     36      0      0      0      0      0      0   3201   1980      0      0 130211 130212      0      0      0      0      0      0 
    0    131     39     36      0      0      0      0      0      0   3201   1980      0      0 130211 130212      0      0      0      0      0      0 
    0    131     39     36      0      0      0      0      0      0   3201   1980      0      0 130211 130212      0      0      0      0      0      0 
    0    131     39     36      0      0      0      0      0      0   3201   1980      0      0 130211 130212      0      0      0      0      0      0 
    0    131     39     36      0      0      0      0      0      0   3201   1980      0      0 130211 130212      0      0      0      0      0      0 
    0    131     39     36      0      0      0      0      0      0   3201   1980      0      0 130211 130212      0      0      0      0      0      0 
    0    131     39     36      0      0      0      0      0      0   3201   1980      0      0 130211 130212      0      0      0      0      0      0 
    0    131     39     36      0      0      0      0      0      0   3201   1980      0      0 130211 130212      0      0      0      0      0      0 
    0    261     44     39     47     18      0      0      0      0   3201   1980      0      0 130213 130214      0      0      0      0    129     20 
    0    315     48     40     49     19      0      0      0      0   3201   1980      0      0 130213 130214      0      0      0      0    118     19 
    0    340     45     41     50     21      0      0      0      0   3201   1980      0      0 130215 130216      0      0      0      0    187     20 
    0    399     47     42     59     23      0      0      0      0   3201   1965     45      0 130215 130216      0      0      0      0    144     21 
    0    365     48     42     59     22      0      0      0      0   3201   1980     10      0 130215 130216      0      0      0      0    133     24 
    0    380     46     43     59     24      0      0      0      0   3201   1980      0      0 130215 130216      0      0      0      0    142     18 
    0    344     46     42     53     21      0      0      0      0   3201   1980      0      0 130215 130216      0      0      0      0    132     19 
    0    349     46     42     53     20      0      0      0      0   3201   1980      0      0 130215 130216      0      0      0      0    113     21 
    0    335     46     43     53     21      0      0      0      0   3201   1980      0      0 130215 130216      0      0      0      0    118     21 
    0    318     46     43     51     18      0      0      0      0   3201   1980      0      0 130215 130216      0      0      0      0    137     21 
    0    345     45     43     49     20      0      0      0      0   3201   1965     34      0 130215 130216      0      0      0      0    141     20 
    0    380     49     43     64     22      0      0      0      0   3201   1980      0      0 130215 130216      0      0      0      0    143     20 
    0    278     45     43     44     18      0      0      0      0   3201   1980      0      0 130215 130216      0      0      0      0    136     21 
