# gpu    pwr  gtemp  mtemp     sm    mem    enc    dec    jpg    ofa   mclk   pclk  pviol  tviol     fb   bar1   ccpm  sbecc  dbecc    pci  rxpci  txpci 
# Idx      W      C      C      %      %      %      %      %      %    MHz    MHz      %   bool     MB     MB     MB   errs   errs   errs   MB/s   MB/s 
    0    160     45     42     37     17      0      0      0      0   3201   1980      0      0 130211 130212      0      0      0      0      0      1 
    0    134     43     40      0      0      0      0      0      0   3201   1980      0      0 130211 130212      0      0      0      0      0      0 
    0    134     43     40      0      0      0      0      0      0   3201   1980      0      0 130211 130212      0      0      0      0      0      1 
    0    134     43     40      0      0      0      0      0      0   3201   1980      0      0 130211 130212      0      0      0      0      0      0 
    0    134     43     40      0      0      0      0      0      0   3201   1980      0      0 130211 130212      0      0      0      0      0      1 
    0    134     43     39      0      0      0      0      0      0   3201   1980      0      0 130211 130212      0      0      0      0      0      0 
    0    134     43     39      0      0      0      0      0      0   3201   1980      0      0 130211 130212      0      0      0      0      0      1 
    0    134     43     39      0      0      0      0      0      0   3201   1980      0      0 130211 130212      0      0      0      0      0      0 
    0    134     43     39      0      0      0      0      0      0   3201   1980      0      0 130211 130212      0      0      0      0      0      1 
    0    133     43     39      0      0      0      0      0      0   3201   1980      0      0 130211 130212      0      0      0      0      0      0 
    0    133     42     39      0      0      0      0      0      0   3201   1980      0      0 130211 130212      0      0      0      0      0      0 
    0    133     42     39      0      0      0      0      0      0   3201   1980      0      0 130211 130212      0      0      0      0      0      0 
    0    133     42     39      0      0      0      0      0      0   3201   1980      0      0 130211 130212      0      0      0      0      0      0 
    0    201     44     42     42     18      0      0      0      0   3201   1980      0      0 130215 130216      0      0      0      0    112     19 
    0    235     45     42     42     17      0      0      0      0   3201   1980      0      0 130215 130216      0      0      0      0    115     19 
    0    239     45     43     41     17      0      0      0      0   3201   1980      0      0 130215 130216      0      0      0      0    122     19 
    0    227     45     42     16      7      0      0      0      0   3201   1980      0      0 130215 130216      0      0      0      0    107     19 
    0    234     45     43     44     19      0      0      0      0   3201   1980      0      0 130215 130216      0      0      0      0      0      0 
    0    186     45     42     43     17      0      0      0      0   3201   1980      0      0 130215 130216      0      0      0      0    101     19 
    0    238     45     43     44     19      0      0      0      0   3201   1980      0      0 130215 130216      0      0      0      0    111     19 
    0    230     45     43     44     18      0      0      0      0   3201   1980      0      0 130215 130216      0      0      0      0    115     17 
    0    243     45     43     41     17      0      0      0      0   3201   1980      0      0 130215 130216      0      0      0      0    117     19 
    0    234     45     43     44     18      0      0      0      0   3201   1980      0      0 130215 130216      0      0      0      0    104     19 
    0    236     45     43     44     19      0      0      0      0   3201   1980      0      0 130215 130216      0      0      0      0      0      0 
    0    222     45     43     42     18      0      0      0      0   3201   1980      0      0 130215 130216      0      0      0      0    106      7 
    0    145     43     40      0      0      0      0      0      0   3201   1980      0      0 130215 130216      0      0      0      0      0     15 
    0    235     45     43     34     14      0      0      0      0   3201   1980      0      0 130215 130216      0      0      0      0    106     19 
    0    238     45     43     43     17      0      0      0      0   3201   1980      0      0 130215 130216      0      0      0      0    116     19 
    0    240     46     43     41     17      0      0      0      0   3201   1980      0      0 130215 130216      0      0      0      0    111     18 
    0    204     45     42      0      0      0      0      0      0   3201   1980      0      0 130215 130216      0      0      0      0     79     18 
    0    242     45     43     44     18      0      0      0      0   3201   1980      0      0 130215 130216      0      0      0      0    114     19 
    0    234     45     43     41     17      0      0      0      0   3201   1980      0      0 130215 130216      0      0      0      0    119     19 
    0    234     45     43     44     18      0      0      0      0   3201   1980      0      0 130215 130216      0      0      0      0    113     17 
    0    235     45     43     45     18      0      0      0      0   3201   1980      0      0 130215 130216      0      0      0      0     91     16 
    0    197     45     41      0      0      0      0      0      0   3201   1980      0      0 130215 130216      0      0      0      0    106     15 
    0    241     45     43     42     17      0      0      0      0   3201   1980      0      0 130215 130216      0      0      0      0    115     19 
    0    237     46     43     43     18      0      0      0      0   3201   1980      0      0 130215 130216      0      0      0      0    115     17 
    0    241     45     43     39     16      0      0      0      0   3201   1980      0      0 130215 130216      0      0      0      0    118     19 
    0    240     46     43     42     17      0      0      0      0   3201   1980      0      0 130215 130216      0      0      0      0    120     17 
    0    234     45     43     43     18      0      0      0      0   3201   1980      0      0 130215 130216      0      0      0      0      0      0 
    0    134     43     40      0      0      0      0      0      0   3201   1980      0      0 130215 130216      0      0      0      0    108     17 
    0    240     46     43     45     18      0      0      0      0   3201   1980      0      0 130215 130216      0      0      0      0    110     19 
    0    237     45     43     42     18      0      0      0      0   3201   1980      0      0 130215 130216      0      0      0      0    117     17 
    0    241     45     43     44     18      0      0      0      0   3201   1980      0      0 130215 130216      0      0      0      0    113     19 
# gpu    pwr  gtemp  mtemp     sm    mem    enc    dec    jpg    ofa   mclk   pclk  pviol  tviol     fb   bar1   ccpm  sbecc  dbecc    pci  rxpci  txpci 
# Idx      W      C      C      %      %      %      %      %      %    MHz    MHz      %   bool     MB     MB     MB   errs   errs   errs   MB/s   MB/s 
    0    236     45     43     44     18      0      0      0      0   3201   1980      0      0 130215 130216      0      0      0      0    113     17 
    0    236     45     43     44     18      0      0      0      0   3201   1980      0      0 130215 130216      0      0      0      0      0      0 
    0    134     43     40      0      0      0      0      0      0   3201   1980      0      0 130215 130216      0      0      0      0     83     19 
    0    233     45     43     44     18      0      0      0      0   3201   1980      0      0 130215 130216      0      0      0      0    106     20 
    0    188     43     41      0      0      0      0      0      0   3201   1980      0      0 130215 130216      0      0      0      0      0      0 
    0    220     45     43     41     17      0      0      0      0   3201   1980      0      0 130215 130216      0      0      0      0    115     18 
    0    245     45     43     45     18      0      0      0      0   3201   1980      0      0 130215 130216      0      0      0      0    121     17 
    0    239     45     43     44     18      0      0      0      0   3201   1980      0      0 130215 130216      0      0      0      0    109     20 
    0    238     45     43     41     17      0      0      0      0   3201   1980      0      0 130215 130216      0      0      0      0    117     17 
    0    234     45     43     45     19      0      0      0      0   3201   1980      0      0 130215 130216      0      0      0      0      0      1 
    0    195     45     43     44     18      0      0      0      0   3201   1980      0      0 130215 130216      0      0      0      0    112     18 
    0    236     45     43     44     18      0      0      0      0   3201   1980      0      0 130215 130216      0      0      0      0    117     18 
    0    239     45     43     42     17      0      0      0      0   3201   1980      0      0 130215 130216      0      0      0      0    108     19 
    0    233     45     43     44     18      0      0      0      0   3201   1980      0      0 130215 130216      0      0      0      0    121     20 
    0    235     45     43     45     18      0      0      0      0   3201   1980      0      0 130215 130216      0      0      0      0    113     19 
    0    210     43     41      0      0      0      0      0      0   3201   1980      0      0 130215 130216      0      0      0      0      0      1 
    0    213     45     43     42     17      0      0      0      0   3201   1980      0      0 130215 130216      0      0      0      0    112     19 
    0    240     45     43     40     16      0      0      0      0   3201   1980      0      0 130215 130216      0      0      0      0    114     20 
    0    237     45     43     44     19      0      0      0      0   3201   1980      0      0 130215 130216      0      0      0      0    103     16 
    0    240     45     43     44     18      0      0      0      0   3201   1980      0      0 130215 130216      0      0      0      0    102     21 
    0    227     45     43     44     19      0      0      0      0   3201   1980      0      0 130215 130216      0      0      0      0     95     19 
    0    238     45     43     39     16      0      0      0      0   3201   1980      0      0 130215 130216      0      0      0      0    105     15 
    0    238     45     43     41     17      0      0      0      0   3201   1980      0      0 130215 130216      0      0      0      0    120     18 
    0    223     45     43     44     18      0      0      0      0   3201   1980      0      0 130215 130216      0      0      0      0    109     19 
    0    205     44     41      0      0      0      0      0      0   3201   1980      0      0 130215 130216      0      0      0      0    107     19 
    0    237     45     43     43     18      0      0      0      0   3201   1980      0      0 130215 130216      0      0      0      0    116     17 
    0    240     45     43     44     18      0      0      0      0   3201   1980      0      0 130215 130216      0      0      0      0    107     18 
    0    169     44     41      0      0      0      0      0      0   3201   1980      0      0 130215 130216      0      0      0      0     97     19 
    0    240     45     43     42     17      0      0      0      0   3201   1980      0      0 130215 130216      0      0      0      0    105     19 
    0    242     45     43     42     17      0      0      0      0   3201   1980      0      0 130215 130216      0      0      0      0    117     19 
    0    240     45     43     43     17      0      0      0      0   3201   1980      0      0 130215 130216      0      0      0      0    120     17 
    0    237     45     43     42     17      0      0      0      0   3201   1980      0      0 130215 130216      0      0      0      0    114     17 
    0    241     45     43     40     16      0      0      0      0   3201   1980      0      0 130215 130216      0      0      0      0    107     18 
    0    234     45     43     45     18      0      0      0      0   3201   1980      0      0 130215 130216      0      0      0      0    114     17 
    0    212     45     43     42     17      0      0      0      0   3201   1980      0      0 130215 130216      0      0      0      0    114     17 
    0    239     45     43     45     18      0      0      0      0   3201   1980      0      0 130215 130216      0      0      0      0     95     18 
    0    232     45     43     43     17      0      0      0      0   3201   1980      0      0 130215 130216      0      0      0      0    113     19 
    0    236     45     43     43     17      0      0      0      0   3201   1980      0      0 130215 130216      0      0      0      0    101     19 
    0    236     45     43     42     17      0      0      0      0   3201   1980      0      0 130215 130216      0      0      0      0    107     15 
    0    240     45     43     41     17      0      0      0      0   3201   1980      0      0 130215 130216      0      0      0      0    106     16 
    0    157     43     40      0      0      0      0      0      0   3201   1980      0      0 130215 130216      0      0      0      0      0      0 
    0    133     42     40      0      0      0      0      0      0   3201   1980      0      0 130215 130216      0      0      0      0      0      0 
    0    166     44     41     41     17      0      0      0      0   3201   1980      0      0 130215 130216      0      0      0      0    113     20 
    0    212     44     42     40     16      0      0      0      0   3201   1980      0      0 130215 130216      0      0      0      0    114     17 
# gpu    pwr  gtemp  mtemp     sm    mem    enc    dec    jpg    ofa   mclk   pclk  pviol  tviol     fb   bar1   ccpm  sbecc  dbecc    pci  rxpci  txpci 
# Idx      W      C      C      %      %      %      %      %      %    MHz    MHz      %   bool     MB     MB     MB   errs   errs   errs   MB/s   MB/s 
    0    238     44     43     41     17      0      0      0      0   3201   1980      0      0 130215 130216      0      0      0      0    102     20 
    0    235     44     42     42     17      0      0      0      0   3201   1980      0      0 130215 130216      0      0      0      0    113     17 
    0    235     44     42     44     18      0      0      0      0   3201   1980      0      0 130215 130216      0      0      0      0    117     18 
    0    235     44     42     45     18      0      0      0      0   3201   1980      0      0 130215 130216      0      0      0      0    110     19 
    0    241     44     43     41     18      0      0      0      0   3201   1980      0      0 130215 130216      0      0      0      0     94     20 
    0    235     44     43     38     16      0      0      0      0   3201   1980      0      0 130215 130216      0      0      0      0      0      0 
    0    134     42     40      0      0      0      0      0      0   3201   1980      0      0 130215 130216      0      0      0      0    100     20 
    0    229     44     41     17      7      0      0      0      0   3201   1980      0      0 130215 130216      0      0      0      0    106     20 
    0    236     45     42     41     17      0      0      0      0   3201   1980      0      0 130215 130216      0      0      0      0    101     20 
    0    240     44     42     45     18      0      0      0      0   3201   1980      0      0 130215 130216      0      0      0      0    118     19 
    0    239     44     42     42     17      0      0      0      0   3201   1980      0      0 130215 130216      0      0      0      0    116     20 
    0    217     44     42     45     19      0      0      0      0   3201   1980      0      0 130215 130216      0      0      0      0    112     19 
    0    239     44     42     41     17      0      0      0      0   3201   1980      0      0 130215 130216      0      0      0      0    118     18 
    0    237     44     42     44     18      0      0      0      0   3201   1980      0      0 130215 130216      0      0      0      0    114     17 
    0    178     43     41     44     19      0      0      0      0   3201   1980      0      0 130215 130216      0      0      0      0    108     19 
    0    240     43     41     43     18      0      0      0      0   3201   1980      0      0 130215 130216      0      0      0      0     96     19 
    0    237     43     41     43     18      0      0      0      0   3201   1980      0      0 130215 130216      0      0      0      0    114     18 
    0    240     43     42     43     18      0      0      0      0   3201   1980      0      0 130215 130216      0      0      0      0    112     17 
    0    181     43     41     45     19      0      0      0      0   3201   1980      0      0 130215 130216      0      0      0      0    109     19 
    0    244     44     41     42     16      0      0      0      0   3201   1980      0      0 130215 130216      0      0      0      0    119     20 
    0    237     42     41     45     18      0      0      0      0   3201   1980      0      0 130215 130216      0      0      0      0    111     21 
    0    234     42     41     42     17      0      0      0      0   3201   1980      0      0 130215 130216      0      0      0      0     99     19 
    0    144     40     38      0      0      0      0      0      0   3201   1980      0      0 130215 130216      0      0      0      0      0      1 
