# gpu    pwr  gtemp  mtemp     sm    mem    enc    dec    jpg    ofa   mclk   pclk  pviol  tviol     fb   bar1   ccpm  sbecc  dbecc    pci  rxpci  txpci 
# Idx      W      C      C      %      %      %      %      %      %    MHz    MHz      %   bool     MB     MB     MB   errs   errs   errs   MB/s   MB/s 
    0    132     36     35      0      0      0      0      0      0   3201   1980      0      0 124645 124646      0      0      0      0      0      0 
    0    132     36     34      0      0      0      0      0      0   3201   1980      0      0 124645 124646      0      0      0      0      0      0 
    0    132     36     34      0      0      0      0      0      0   3201   1980      0      0 124645 124646      0      0      0      0      0      0 
    0    132     36     34      0      0      0      0      0      0   3201   1980      0      0 124645 124646      0      0      0      0      0      0 
    0    132     36     34      0      0      0      0      0      0   3201   1980      0      0 124645 124646      0      0      0      0      0      0 
    0    132     36     34      0      0      0      0      0      0   3201   1980      0      0 124645 124646      0      0      0      0      0      0 
    0    132     36     34      0      0      0      0      0      0   3201   1980      0      0 124645 124646      0      0      0      0      0      0 
    0    132     36     34      0      0      0      0      0      0   3201   1980      0      0 124645 124646      0      0      0      0      0      0 
    0    132     36     34      0      0      0      0      0      0   3201   1980      0      0 124645 124646      0      0      0      0      0      0 
    0    132     36     34      0      0      0      0      0      0   3201   1980      0      0 124645 124646      0      0      0      0      0      0 
    0    131     35     34      0      0      0      0      0      0   3201   1980      0      0 124645 124646      0      0      0      0      0      0 
    0    131     35     34      0      0      0      0      0      0   3201   1980      0      0 124645 124646      0      0      0      0      0      0 
    0    131     35     34      0      0      0      0      0      0   3201   1980      0      0 124645 124646      0      0      0      0      0      0 
    0    352     40     40     82     39      0      0      0      0   3201   1980      0      0 124651 124652      0      0      0      0     61     15 
    0    392     41     42     83     44      0      0      0      0   3201   1980      0      0 124651 124652      0      0      0      0     50     14 
    0    320     41     42     83     42      0      0      0      0   3201   1980      0      0 124651 124652      0      0      0      0     49     14 
    0    393     41     41     84     42      0      0      0      0   3201   1980      0      0 124651 124652      0      0      0      0     51     14 
    0    375     42     42     83     43      0      0      0      0   3201   1980      0      0 124651 124652      0      0      0      0     66     15 
    0    408     42     44     83     44      0      0      0      0   3201   1980      0      0 124651 124652      0      0      0      0      0      0 
    0    286     42     43     83     42      0      0      0      0   3201   1980      0      0 124651 124652      0      0      0      0     58     14 
    0    397     43     43     84     41      0      0      0      0   3201   1980      0      0 124651 124652      0      0      0      0     59     14 
    0    358     43     43     84     41      0      0      0      0   3201   1980      0      0 124651 124652      0      0      0      0     69     15 
    0    398     43     42     83     40      0      0      0      0   3201   1980      0      0 124651 124652      0      0      0      0     63     14 
    0    350     42     42     83     44      0      0      0      0   3201   1980      0      0 124651 124652      0      0      0      0     48     13 
    0    403     43     44     84     41      0      0      0      0   3201   1980      0      0 124651 124652      0      0      0      0     62     15 
    0    410     44     42     82     39      0      0      0      0   3201   1980      0      0 124651 124652      0      0      0      0     68     15 
    0    249     39     38      0      0      0      0      0      0   3201   1980      0      0 124651 124652      0      0      0      0     91     15 
    0    411     44     44     81     37      0      0      0      0   3201   1980      0      0 124651 124652      0      0      0      0    101     16 
    0    403     43     43     84     42      0      0      0      0   3201   1980      0      0 124651 124652      0      0      0      0     73     18 
    0    294     39     38      0      0      0      0      0      0   3201   1980      0      0 124651 124652      0      0      0      0     49     14 
    0    311     40     39      0      0      0      0      0      0   3201   1980      0      0 124651 124652      0      0      0      0     50     14 
    0    412     45     44     82     39      0      0      0      0   3201   1980      0      0 124651 124652      0      0      0      0    118     20 
    0    410     44     44     83     40      0      0      0      0   3201   1980      0      0 124651 124652      0      0      0      0     76     17 
    0    373     44     43     83     42      0      0      0      0   3201   1980      0      0 124651 124652      0      0      0      0     85     16 
    0    406     44     43     83     40      0      0      0      0   3201   1980      0      0 124651 124652      0      0      0      0     60     15 
    0    398     44     45     84     41      0      0      0      0   3201   1980      0      0 124651 124652      0      0      0      0     50     13 
    0    329     45     45     82     39      0      0      0      0   3201   1980      0      0 124651 124652      0      0      0      0     69     15 
    0    373     42     42     74     38      0      0      0      0   3201   1980      0      0 124651 124652      0      0      0      0      5      0 
    0    378     44     45     83     44      0      0      0      0   3201   1980      0      0 124651 124652      0      0      0      0     57     18 
    0    396     44     46     83     42      0      0      0      0   3201   1980      0      0 124651 124652      0      0      0      0     50     13 
    0    406     45     45     84     44      0      0      0      0   3201   1980      0      0 124651 124652      0      0      0      0     51     14 
    0    400     44     46     84     42      0      0      0      0   3201   1980      0      0 124651 124652      0      0      0      0     49     14 
    0    340     45     43     83     40      0      0      0      0   3201   1980      0      0 124651 124652      0      0      0      0     78     19 
    0    412     46     44     83     39      0      0      0      0   3201   1980      0      0 124651 124652      0      0      0      0     68     15 
# gpu    pwr  gtemp  mtemp     sm    mem    enc    dec    jpg    ofa   mclk   pclk  pviol  tviol     fb   bar1   ccpm  sbecc  dbecc    pci  rxpci  txpci 
# Idx      W      C      C      %      %      %      %      %      %    MHz    MHz      %   bool     MB     MB     MB   errs   errs   errs   MB/s   MB/s 
    0    405     45     46     84     42      0      0      0      0   3201   1980      0      0 124651 124652      0      0      0      0     60     15 
    0    393     45     44     83     40      0      0      0      0   3201   1980      0      0 124651 124652      0      0      0      0     60     14 
    0    404     45     45     83     44      0      0      0      0   3201   1980      0      0 124651 124652      0      0      0      0     50     14 
    0    380     45     45     83     44      0      0      0      0   3201   1980      0      0 124651 124652      0      0      0      0     49     13 
    0    313     41     40      0      0      0      0      0      0   3201   1980      0      0 124651 124652      0      0      0      0      1      0 
    0    205     43     42     83     40      0      0      0      0   3201   1980      0      0 124651 124652      0      0      0      0     56     14 
    0    400     44     44     83     41      0      0      0      0   3201   1980      0      0 124651 124652      0      0      0      0     62     14 
    0    414     45     46     84     41      0      0      0      0   3201   1980      0      0 124651 124652      0      0      0      0     75     17 
    0    404     45     47     84     44      0      0      0      0   3201   1980      0      0 124651 124652      0      0      0      0     53     13 
    0    296     44     44      0      0      0      0      0      0   3201   1980      0      0 124651 124652      0      0      0      0     49     13 
    0    413     45     45     83     39      0      0      0      0   3201   1980      0      0 124651 124652      0      0      0      0     67     15 
    0    410     45     45     83     41      0      0      0      0   3201   1980      0      0 124651 124652      0      0      0      0     57     14 
    0    383     45     43     83     39      0      0      0      0   3201   1980      0      0 124651 124652      0      0      0      0     76     18 
    0    366     45     43     79     40      0      0      0      0   3201   1980      0      0 124651 124652      0      0      0      0     63     14 
    0    399     46     46     83     40      0      0      0      0   3201   1980      0      0 124651 124652      0      0      0      0     95     17 
    0    363     45     45     84     44      0      0      0      0   3201   1980      0      0 124651 124652      0      0      0      0     52     17 
    0    409     45     45     84     41      0      0      0      0   3201   1980      0      0 124651 124652      0      0      0      0     33      0 
