# gpu    pwr  gtemp  mtemp     sm    mem    enc    dec    jpg    ofa   mclk   pclk  pviol  tviol     fb   bar1   ccpm  sbecc  dbecc    pci  rxpci  txpci 
# Idx      W      C      C      %      %      %      %      %      %    MHz    MHz      %   bool     MB     MB     MB   errs   errs   errs   MB/s   MB/s 
    0    137     42     40      0     10      0      0      0      0   3201   1980      0      0 124645 124646      0      0      0      0      0      0 
    0    141     42     39      0      0      0      0      0      0   3201   1980      0      0 124645 124646      0      0      0      0      0      1 
    0    137     41     39      0      0      0      0      0      0   3201   1980      0      0 124645 124646      0      0      0      0      0      0 
    0    137     41     39      0      0      0      0      0      0   3201   1980      0      0 124645 124646      0      0      0      0      0      1 
    0    136     41     39      0      0      0      0      0      0   3201   1980      0      0 124645 124646      0      0      0      0      0      0 
    0    136     41     39      0      0      0      0      0      0   3201   1980      0      0 124645 124646      0      0      0      0      0      0 
    0    136     41     38      0      0      0      0      0      0   3201   1980      0      0 124645 124646      0      0      0      0      0      0 
    0    136     40     38      0      0      0      0      0      0   3201   1980      0      0 124645 124646      0      0      0      0      0      0 
    0    136     40     38      0      0      0      0      0      0   3201   1980      0      0 124645 124646      0      0      0      0      0      0 
    0    136     40     38      0      0      0      0      0      0   3201   1980      0      0 124645 124646      0      0      0      0      0      0 
    0    135     40     38      0      0      0      0      0      0   3201   1980      0      0 124645 124646      0      0      0      0      0      0 
    0    135     40     38      0      0      0      0      0      0   3201   1980      0      0 124645 124646      0      0      0      0      0      0 
    0    135     40     37      0      0      0      0      0      0   3201   1980      0      0 124645 124646      0      0      0      0      0      0 
    0    221     43     42     83     44      0      0      0      0   3201   1980      0      0 124651 124652      0      0      0      0     49     14 
    0    411     45     43     83     42      0      0      0      0   3201   1980      0      0 124651 124652      0      0      0      0     52     13 
    0    405     45     44     83     42      0      0      0      0   3201   1980      0      0 124651 124652      0      0      0      0     57     14 
    0    390     44     43     83     44      0      0      0      0   3201   1980      0      0 124651 124652      0      0      0      0      0      0 
    0    343     43     43     74     39      0      0      0      0   3201   1980      0      0 124651 124652      0      0      0      0      0      0 
    0    182     44     44     78     40      0      0      0      0   3201   1980      0      0 124651 124652      0      0      0      0     83     14 
    0    400     45     46     83     41      0      0      0      0   3201   1980      0      0 124651 124652      0      0      0      0     49     13 
    0    405     45     47     84     42      0      0      0      0   3201   1980      0      0 124651 124652      0      0      0      0     50     13 
    0    285     45     43     85     35      0      0      0      0   3201   1980      0      0 124651 124652      0      0      0      0     77     15 
    0    394     46     43     82     43      0      0      0      0   3201   1980      0      0 124651 124652      0      0      0      0     50     13 
    0    416     46     45     83     44      0      0      0      0   3201   1980      0      0 124651 124652      0      0      0      0     49     13 
    0    348     46     47     83     44      0      0      0      0   3201   1980      0      0 124651 124652      0      0      0      0     52     13 
    0    193     41     40      0      0      0      0      0      0   3201   1980      0      0 124651 124652      0      0      0      0      0      0 
    0    313     45     45     83     44      0      0      0      0   3201   1980      0      0 124651 124652      0      0      0      0     53     14 
    0    397     46     45     84     42      0      0      0      0   3201   1980      0      0 124651 124652      0      0      0      0     51     13 
    0    410     46     44     85     37      0      0      0      0   3201   1980      0      0 124651 124652      0      0      0      0     60     14 
    0    278     42     41      0      0      0      0      0      0   3201   1980      0      0 124651 124652      0      0      0      0      0      0 
    0    366     46     46     84     39      0      0      0      0   3201   1980      0      0 124651 124652      0      0      0      0     67     15 
    0    401     49     46     83     44      0      0      0      0   3201   1980      0      0 124651 124652      0      0      0      0     57     14 
    0    405     46     45     83     41      0      0      0      0   3201   1980      0      0 124651 124652      0      0      0      0     63     15 
    0    405     46     47     83     42      0      0      0      0   3201   1980      0      0 124651 124652      0      0      0      0     59     14 
    0    287     42     41      0      0      0      0      0      0   3201   1980      0      0 124651 124652      0      0      0      0      0      1 
    0    385     46     45     84     42      0      0      0      0   3201   1980      0      0 124651 124652      0      0      0      0     57     14 
    0    408     46     44     84     40      0      0      0      0   3201   1980      0      0 124651 124652      0      0      0      0     59     15 
    0    416     46     45     83     40      0      0      0      0   3201   1980      0      0 124651 124652      0      0      0      0     97     16 
    0    414     47     47     84     39      0      0      0      0   3201   1980      0      0 124651 124652      0      0      0      0     67     15 
    0    379     44     43     83     44      0      0      0      0   3201   1980      0      0 124651 124652      0      0      0      0      0      0 
    0    137     41     40      0      0      0      0      0      0   3201   1980      0      0 124651 124652      0      0      0      0      0      0 
    0    336     46     44     83     41      0      0      0      0   3201   1980      0      0 124651 124652      0      0      0      0     86     17 
    0    421     46     45     83     40      0      0      0      0   3201   1980      0      0 124651 124652      0      0      0      0     71     15 
    0    415     46     45     84     41      0      0      0      0   3201   1980      0      0 124651 124652      0      0      0      0     82     58 
# gpu    pwr  gtemp  mtemp     sm    mem    enc    dec    jpg    ofa   mclk   pclk  pviol  tviol     fb   bar1   ccpm  sbecc  dbecc    pci  rxpci  txpci 
# Idx      W      C      C      %      %      %      %      %      %    MHz    MHz      %   bool     MB     MB     MB   errs   errs   errs   MB/s   MB/s 
    0    396     46     44     83     42      0      0      0      0   3201   1980      0      0 124651 124652      0      0      0      0     59     14 
    0    376     46     45     83     42      0      0      0      0   3201   1980      0      0 124651 124652      0      0      0      0     57     14 
    0    217     41     40      0      0      0      0      0      0   3201   1980      0      0 124651 124652      0      0      0      0      0      0 
    0    333     45     46     82     41      0      0      0      0   3201   1980      0      0 124651 124652      0      0      0      0     58     14 
    0    249     41     40      0      0      0      0      0      0   3201   1980      0      0 124651 124652      0      0      0      0      0      0 
    0    301     45     43     84     41      0      0      0      0   3201   1980      0      0 124651 124652      0      0      0      0     54     14 
    0    416     46     45     83     41      0      0      0      0   3201   1980      0      0 124651 124652      0      0      0      0     81     17 
    0    415     46     47     83     41      0      0      0      0   3201   1980      0      0 124651 124652      0      0      0      0     73     17 
    0    410     46     45     83     41      0      0      0      0   3201   1980      0      0 124651 124652      0      0      0      0     66     17 
    0    406     46     45     83     44      0      0      0      0   3201   1980      0      0 124651 124652      0      0      0      0     51     13 
    0    275     47     45     83     44      0      0      0      0   3201   1980      0      0 124651 124652      0      0      0      0     56     15 
    0    399     46     44     83     42      0      0      0      0   3201   1980      0      0 124651 124652      0      0      0      0     59     14 
    0    414     47     45     84     41      0      0      0      0   3201   1980      0      0 124651 124652      0      0      0      0     64     17 
    0    391     46     45     83     42      0      0      0      0   3201   1980      0      0 124651 124652      0      0      0      0     55     14 
    0    401     46     45     83     42      0      0      0      0   3201   1980      0      0 124651 124652      0      0      0      0     71     15 
    0    342     42     42      4      2      0      0      0      0   3201   1980      0      0 124651 124652      0      0      0      0      0      0 
    0    244     45     45     84     40      0      0      0      0   3201   1980      0      0 124651 124652      0      0      0      0     57     14 
    0    406     46     45     84     42      0      0      0      0   3201   1980      0      0 124651 124652      0      0      0      0     54     14 
    0    388     44     44     83     44      0      0      0      0   3201   1980      0      0 124651 124652      0      0      0      0      0      0 
    0    255     45     45     83     44      0      0      0      0   3201   1980      0      0 124651 124652      0      0      0      0     59     14 
    0    365     45     44     14      6      0      0      0      0   3201   1980      0      0 124651 124652      0      0      0      0     52     19 
    0    412     46     46     83     42      0      0      0      0   3201   1980      0      0 124651 124652      0      0      0      0     59     14 
    0    392     46     45     84     42      0      0      0      0   3201   1980      0      0 124651 124652      0      0      0      0     55     15 
    0    342     46     45     83     44      0      0      0      0   3201   1980      0      0 124651 124652      0      0      0      0     75     14 
    0    363     43     42     77     41      0      0      0      0   3201   1980      0      0 124651 124652      0      0      0      0      0     11 
    0    406     46     45     83     44      0      0      0      0   3201   1980      0      0 124651 124652      0      0      0      0     51     13 
    0    412     46     46     83     42      0      0      0      0   3201   1980      0      0 124651 124652      0      0      0      0     49     14 
    0    233     41     40      0      0      0      0      0      0   3201   1980      0      0 124651 124652      0      0      0      0      0      0 
    0    382     46     44     83     42      0      0      0      0   3201   1980      0      0 124651 124652      0      0      0      0     58     15 
    0    407     46     44     83     41      0      0      0      0   3201   1980      0      0 124651 124652      0      0      0      0     89     15 
    0    408     46     46     83     41      0      0      0      0   3201   1980      0      0 124651 124652      0      0      0      0     69     16 
    0    398     46     45     84     41      0      0      0      0   3201   1980      0      0 124651 124652      0      0      0      0     56     14 
    0    406     46     47     84     42      0      0      0      0   3201   1980      0      0 124651 124652      0      0      0      0     59     15 
    0    403     46     45     83     42      0      0      0      0   3201   1980      0      0 124651 124652      0      0      0      0     59     14 
    0    314     45     44     62     31      0      0      0      0   3201   1980      0      0 124651 124652      0      0      0      0     82     15 
    0    408     46     47     83     42      0      0      0      0   3201   1980      0      0 124651 124652      0      0      0      0     51     14 
    0    332     46     45     83     44      0      0      0      0   3201   1980      0      0 124651 124652      0      0      0      0     49     14 
    0    405     46     47     84     41      0      0      0      0   3201   1980      0      0 124651 124652      0      0      0      0     58     14 
    0    299     42     41      0      0      0      0      0      0   3201   1980      0      0 124651 124652      0      0      0      0     46     15 
    0    417     46     45     83     43      0      0      0      0   3201   1980      0      0 124651 124652      0      0      0      0     51     14 
    0    249     41     40      0      0      0      0      0      0   3201   1980      0      0 124651 124652      0      0      0      0      0      1 
    0    136     40     39      0      0      0      0      0      0   3201   1980      0      0 124651 124652      0      0      0      0      0      0 
    0    153     40     38      0      0      0      0      0      0   3201   1980      0      0 124651 124652      0      0      0      0     56     15 
    0    339     41     40     24     13      0      0      0      0   3201   1980      0      0 124651 124652      0      0      0      0     49     14 
# gpu    pwr  gtemp  mtemp     sm    mem    enc    dec    jpg    ofa   mclk   pclk  pviol  tviol     fb   bar1   ccpm  sbecc  dbecc    pci  rxpci  txpci 
# Idx      W      C      C      %      %      %      %      %      %    MHz    MHz      %   bool     MB     MB     MB   errs   errs   errs   MB/s   MB/s 
    0    407     45     44     83     41      0      0      0      0   3201   1980      0      0 124651 124652      0      0      0      0     55     16 
    0    372     45     44     83     44      0      0      0      0   3201   1980      0      0 124651 124652      0      0      0      0     49     14 
    0    398     45     46     84     42      0      0      0      0   3201   1980      0      0 124651 124652      0      0      0      0     76     16 
    0    401     46     45     84     42      0      0      0      0   3201   1980      0      0 124651 124652      0      0      0      0     59     14 
    0    400     46     45     83     44      0      0      0      0   3201   1980      0      0 124651 124652      0      0      0      0     49     15 
    0    350     46     46     84     44      0      0      0      0   3201   1980      0      0 124651 124652      0      0      0      0     49     14 
    0    190     41     39      0      0      0      0      0      0   3201   1980      0      0 124651 124652      0      0      0      0      0      1 
    0    350     45     46     83     44      0      0      0      0   3201   1980      0      0 124651 124652      0      0      0      0      0      0 
    0    361     45     46     84     41      0      0      0      0   3201   1980      0      0 124651 124652      0      0      0      0     88     15 
    0    415     46     47     83     41      0      0      0      0   3201   1980      0      0 124651 124652      0      0      0      0     66     15 
    0    407     46     43     84     41      0      0      0      0   3201   1980      0      0 124651 124652      0      0      0      0     66     17 
    0    277     41     40      0      0      0      0      0      0   3201   1980      0      0 124651 124652      0      0      0      0     49     13 
    0    417     46     46     84     41      0      0      0      0   3201   1980      0      0 124651 124652      0      0      0      0     66     17 
    0    407     46     44     83     40      0      0      0      0   3201   1980      0      0 124651 124652      0      0      0      0     56     14 
    0    264     41     40      0      0      0      0      0      0   3201   1980      0      0 124651 124652      0      0      0      0     50     13 
    0    410     46     46     83     43      0      0      0      0   3201   1980      0      0 124651 124652      0      0      0      0     55     14 
    0    407     50     46     83     44      0      0      0      0   3201   1980      0      0 124651 124652      0      0      0      0     55     14 
    0    419     46     44     84     41      0      0      0      0   3201   1980      0      0 124651 124652      0      0      0      0     68     15 
    0    239     41     40      0      0      0      0      0      0   3201   1980      0      0 124651 124652      0      0      0      0     51     13 
    0    413     46     44     83     44      0      0      0      0   3201   1980      0      0 124651 124652      0      0      0      0     93     15 
    0    413     46     44     83     41      0      0      0      0   3201   1980      0      0 124651 124652      0      0      0      0     53     14 
    0    206     41     39      0      0      0      0      0      0   3201   1980      0      0 124651 124652      0      0      0      0      0      0 
