# gpu    pwr  gtemp  mtemp     sm    mem    enc    dec    jpg    ofa   mclk   pclk  pviol  tviol     fb   bar1   ccpm  sbecc  dbecc    pci  rxpci  txpci 
# Idx      W      C      C      %      %      %      %      %      %    MHz    MHz      %   bool     MB     MB     MB   errs   errs   errs   MB/s   MB/s 
    0    136     36     34      0      0      0      0      0      0   3201   1980      0      0 124645 124646      0      0      0      0      0      0 
    0    132     36     34      0      0      0      0      0      0   3201   1980      0      0 124645 124646      0      0      0      0      0      0 
    0    132     36     34      0      0      0      0      0      0   3201   1980      0      0 124645 124646      0      0      0      0      0      0 
    0    132     36     34      0      0      0      0      0      0   3201   1980      0      0 124645 124646      0      0      0      0      0      0 
    0    132     36     34      0      0      0      0      0      0   3201   1980      0      0 124645 124646      0      0      0      0      0      1 
    0    132     36     34      0      0      0      0      0      0   3201   1980      0      0 124645 124646      0      0      0      0      0      0 
    0    131     36     34      0      0      0      0      0      0   3201   1980      0      0 124645 124646      0      0      0      0      0      1 
    0    131     35     33      0      0      0      0      0      0   3201   1980      0      0 124645 124646      0      0      0      0      0      0 
    0    131     35     34      0      0      0      0      0      0   3201   1980      0      0 124645 124646      0      0      0      0      0      1 
    0    131     35     33      0      0      0      0      0      0   3201   1980      0      0 124645 124646      0      0      0      0      0      0 
    0    131     35     33      0      0      0      0      0      0   3201   1980      0      0 124645 124646      0      0      0      0      0      1 
    0    131     35     33      0      0      0      0      0      0   3201   1980      0      0 124645 124646      0      0      0      0      0      0 
    0    131     35     33      0      0      0      0      0      0   3201   1980      0      0 124645 124646      0      0      0      0      0      1 
    0    281     37     37     83     44      0      0      0      0   3201   1980      0      0 124651 124652      0      0      0      0     49     13 
    0    396     40     42     83     44      0      0      0      0   3201   1980      0      0 124651 124652      0      0      0      0     51     14 
    0    397     41     42     82     40      0      0      0      0   3201   1980      0      0 124651 124652      0      0      0      0     55     14 
    0    241     39     34      0      0      0      0      0      0   3201   1980      0      0 124651 124652      0      0      0      0     51     13 
    0    237     37     36      0      0      0      0      0      0   3201   1980      0      0 124651 124652      0      0      0      0      0      0 
    0    251     40     40     82     41      0      0      0      0   3201   1980      0      0 124651 124652      0      0      0      0     54     13 
    0    334     41     42     82     40      0      0      0      0   3201   1980      0      0 124651 124652      0      0      0      0     49     13 
    0    355     39     38      0      0      0      0      0      0   3201   1980      0      0 124651 124652      0      0      0      0      0      0 
    0    237     41     42     84     41      0      0      0      0   3201   1980      0      0 124651 124652      0      0      0      0     67     14 
    0    314     42     42     84     44      0      0      0      0   3201   1980      0      0 124651 124652      0      0      0      0      0      0 
    0    283     38     38     44     23      0      0      0      0   3201   1980      0      0 124651 124652      0      0      0      0      0      0 
    0    270     38     37      0      0      0      0      0      0   3201   1980      0      0 124651 124652      0      0      0      0      0      0 
    0    133     37     35      0      0      0      0      0      0   3201   1980      0      0 124651 124652      0      0      0      0      0      0 
    0    301     40     42      0      0      0      0      0      0   3201   1980      0      0 124651 124652      0      0      0      0     52     13 
    0    339     38     37      0      0      0      0      0      0   3201   1980      0      0 124651 124652      0      0      0      0     58     14 
    0    390     42     43     83     42      0      0      0      0   3201   1980      0      0 124651 124652      0      0      0      0     43      0 
    0    158     37     36      0      0      0      0      0      0   3201   1980      0      0 124651 124652      0      0      0      0     49     13 
    0    394     42     41     83     41      0      0      0      0   3201   1980      0      0 124651 124652      0      0      0      0     59     14 
    0    347     42     43     82     40      0      0      0      0   3201   1980      0      0 124651 124652      0      0      0      0     49     13 
    0    400     43     43     83     44      0      0      0      0   3201   1980      0      0 124651 124652      0      0      0      0     49     17 
    0    407     43     43     83     44      0      0      0      0   3201   1980      0      0 124651 124652      0      0      0      0      0      0 
    0    158     40     39      0      0      0      0      0      0   3201   1980      0      0 124651 124652      0      0      0      0     50     13 
    0    381     42     43     83     41      0      0      0      0   3201   1980      0      0 124651 124652      0      0      0      0     60     15 
    0    379     43     43     83     41      0      0      0      0   3201   1980      0      0 124651 124652      0      0      0      0     57     13 
    0    397     43     43     82     39      0      0      0      0   3201   1980      0      0 124651 124652      0      0      0      0     76     16 
    0    402     44     44     83     44      0      0      0      0   3201   1980      0      0 124651 124652      0      0      0      0     58     14 
    0    253     39     38      0      0      0      0      0      0   3201   1980      0      0 124651 124652      0      0      0      0      1      1 
    0    134     38     36      0      0      0      0      0      0   3201   1980      0      0 124651 124652      0      0      0      0      0      4 
    0    375     43     42     83     41      0      0      0      0   3201   1980      0      0 124651 124652      0      0      0      0     59     15 
    0    397     43     43     83     40      0      0      0      0   3201   1980      0      0 124651 124652      0      0      0      0     49     15 
    0    403     44     45     84     42      0      0      0      0   3201   1980      0      0 124651 124652      0      0      0      0      0      1 
# gpu    pwr  gtemp  mtemp     sm    mem    enc    dec    jpg    ofa   mclk   pclk  pviol  tviol     fb   bar1   ccpm  sbecc  dbecc    pci  rxpci  txpci 
# Idx      W      C      C      %      %      %      %      %      %    MHz    MHz      %   bool     MB     MB     MB   errs   errs   errs   MB/s   MB/s 
    0    285     40     40     18      9      0      0      0      0   3201   1980      0      0 124651 124652      0      0      0      0      0      0 
    0    285     40     39      0      0      0      0      0      0   3201   1980      0      0 124651 124652      0      0      0      0      0      1 
    0    134     38     37      0      0      0      0      0      0   3201   1980      0      0 124651 124652      0      0      0      0      0      0 
    0    359     41     42     83     44      0      0      0      0   3201   1980      0      0 124651 124652      0      0      0      0      0      1 
    0    134     38     37      0      0      0      0      0      0   3201   1980      0      0 124651 124652      0      0      0      0      0      0 
    0    344     43     44     84     44      0      0      0      0   3201   1980      0      0 124651 124652      0      0      0      0     49     14 
    0    365     43     43     83     39      0      0      0      0   3201   1980      0      0 124651 124652      0      0      0      0     84     15 
    0    387     43     44     78     39      0      0      0      0   3201   1980      0      0 124651 124652      0      0      0      0     49     14 
    0    398     43     44     83     41      0      0      0      0   3201   1980      0      0 124651 124652      0      0      0      0     57     14 
    0    332     40     39      0      0      0      0      0      0   3201   1980      0      0 124651 124652      0      0      0      0      0      0 
    0    277     43     43     83     41      0      0      0      0   3201   1980      0      0 124651 124652      0      0      0      0     52     12 
    0    368     43     40     74     39      0      0      0      0   3201   1980      0      0 124651 124652      0      0      0      0     50     16 
    0    393     43     44     84     42      0      0      0      0   3201   1980      0      0 124651 124652      0      0      0      0     58     14 
    0    305     43     44     83     42      0      0      0      0   3201   1980      0      0 124651 124652      0      0      0      0     49     13 
    0    359     43     44     58     29      0      0      0      0   3201   1980      0      0 124651 124652      0      0      0      0     51     13 
    0    208     39     38      0      0      0      0      0      0   3201   1980      0      0 124651 124652      0      0      0      0      0      0 
    0    283     43     42     84     42      0      0      0      0   3201   1980      0      0 124651 124652      0      0      0      0     52     13 
    0    406     44     45     82     40      0      0      0      0   3201   1980      0      0 124651 124652      0      0      0      0     57     14 
    0    252     39     38      0      0      0      0      0      0   3201   1980      0      0 124651 124652      0      0      0      0      0      0 
    0    307     43     44     83     41      0      0      0      0   3201   1980      0      0 124651 124652      0      0      0      0     51     13 
    0    295     43     44     84     44      0      0      0      0   3201   1980      0      0 124651 124652      0      0      0      0     42      0 
    0    332     41     40      9      5      0      0      0      0   3201   1980      0      0 124651 124652      0      0      0      0      0      0 
    0    347     42     43     83     44      0      0      0      0   3201   1980      0      0 124651 124652      0      0      0      0      0      0 
    0    301     43     44     83     44      0      0      0      0   3201   1980      0      0 124651 124652      0      0      0      0     52     13 
    0    260     41     42      0      0      0      0      0      0   3201   1980      0      0 124651 124652      0      0      0      0     50     13 
    0    365     42     43     84     44      0      0      0      0   3201   1980      0      0 124651 124652      0      0      0      0      0      9 
    0    372     43     45     83     44      0      0      0      0   3201   1980      0      0 124651 124652      0      0      0      0      0      0 
    0    162     41     40      0      0      0      0      0      0   3201   1980      0      0 124651 124652      0      0      0      0     49     20 
    0    403     43     45     84     41      0      0      0      0   3201   1980      0      0 124651 124652      0      0      0      0     51     14 
    0    408     44     45     83     42      0      0      0      0   3201   1980      0      0 124651 124652      0      0      0      0     59     14 
    0    406     44     43     82     39      0      0      0      0   3201   1980      0      0 124651 124652      0      0      0      0     69     16 
    0    404     44     46     83     42      0      0      0      0   3201   1980      0      0 124651 124652      0      0      0      0     49     14 
    0    409     45     46     65     33      0      0      0      0   3201   1980      0      0 124651 124652      0      0      0      0     49     15 
    0    401     45     46     84     44      0      0      0      0   3201   1980      0      0 124651 124652      0      0      0      0      0      0 
    0    240     44     42     81     41      0      0      0      0   3201   1980      0      0 124651 124652      0      0      0      0     59     15 
    0    296     40     39      0      0      0      0      0      0   3201   1980      0      0 124651 124652      0      0      0      0      0      0 
    0    269     40     39      0      0      0      0      0      0   3201   1980      0      0 124651 124652      0      0      0      0     49     14 
    0    375     44     43     83     42      0      0      0      0   3201   1980      0      0 124651 124652      0      0      0      0     56     14 
    0    204     42     42     26     12      0      0      0      0   3201   1980      0      0 124651 124652      0      0      0      0     49     15 
    0    354     43     43     84     44      0      0      0      0   3201   1980      0      0 124651 124652      0      0      0      0      0      0 
    0    135     39     38      0      0      0      0      0      0   3201   1980      0      0 124651 124652      0      0      0      0      0      1 
    0    134     38     37      0      0      0      0      0      0   3201   1980      0      0 124651 124652      0      0      0      0      0      0 
    0    199     42     43     82     40      0      0      0      0   3201   1980      0      0 124651 124652      0      0      0      0     57     14 
    0    269     42     41     43     21      0      0      0      0   3201   1980      0      0 124651 124652      0      0      0      0     55     14 
# gpu    pwr  gtemp  mtemp     sm    mem    enc    dec    jpg    ofa   mclk   pclk  pviol  tviol     fb   bar1   ccpm  sbecc  dbecc    pci  rxpci  txpci 
# Idx      W      C      C      %      %      %      %      %      %    MHz    MHz      %   bool     MB     MB     MB   errs   errs   errs   MB/s   MB/s 
    0    379     43     44     83     42      0      0      0      0   3201   1980      0      0 124651 124652      0      0      0      0      0      0 
    0    272     40     39      0      0      0      0      0      0   3201   1980      0      0 124651 124652      0      0      0      0      0      0 
    0    380     44     44     83     39      0      0      0      0   3201   1980      0      0 124651 124652      0      0      0      0     64     14 
    0    384     44     42     84     42      0      0      0      0   3201   1980      0      0 124651 124652      0      0      0      0     51     13 
    0    324     41     40     70     37      0      0      0      0   3201   1980      0      0 124651 124652      0      0      0      0      0      0 
    0    273     40     40     83     44      0      0      0      0   3201   1980      0      0 124651 124652      0      0      0      0      0      0 
    0    134     39     37      0      0      0      0      0      0   3201   1980      0      0 124651 124652      0      0      0      0      1      9 
    0    274     39     38      0      0      0      0      0      0   3201   1980      0      0 124651 124652      0      0      0      0     56     14 
    0    373     43     43     36     19      0      0      0      0   3201   1980      0      0 124651 124652      0      0      0      0     59     14 
    0    389     43     44     83     41      0      0      0      0   3201   1980      0      0 124651 124652      0      0      0      0      0      0 
    0    344     44     43     84     42      0      0      0      0   3201   1980      0      0 124651 124652      0      0      0      0     36      0 
    0    193     42     40     84     44      0      0      0      0   3201   1980      0      0 124651 124652      0      0      0      0     49     14 
    0    370     43     43     84     41      0      0      0      0   3201   1980      0      0 124651 124652      0      0      0      0     51     14 
    0    397     44     45     84     42      0      0      0      0   3201   1980      0      0 124651 124652      0      0      0      0      0      0 
    0    183     42     42     83     44      0      0      0      0   3201   1980      0      0 124651 124652      0      0      0      0     50     13 
    0    404     44     43     83     44      0      0      0      0   3201   1980      0      0 124651 124652      0      0      0      0     49     13 
    0    369     45     44     83     44      0      0      0      0   3201   1980      0      0 124651 124652      0      0      0      0     57     14 
    0    392     44     45     84     43      0      0      0      0   3201   1980      0      0 124651 124652      0      0      0      0      0      0 
    0    193     42     42     83     44      0      0      0      0   3201   1980      0      0 124651 124652      0      0      0      0     51     13 
    0    359     46     44     82     39      0      0      0      0   3201   1980      0      0 124651 124652      0      0      0      0     98     15 
    0    363     41     41     29     16      0      0      0      0   3201   1980      0      0 124651 124652      0      0      0      0      0      0 
