# gpu    pwr  gtemp  mtemp     sm    mem    enc    dec    jpg    ofa   mclk   pclk  pviol  tviol     fb   bar1   ccpm  sbecc  dbecc    pci  rxpci  txpci 
# Idx      W      C      C      %      %      %      %      %      %    MHz    MHz      %   bool     MB     MB     MB   errs   errs   errs   MB/s   MB/s 
    0    134     37     35      0      0      0      0      0      0   3201   1980      0      0 124645 124646      0      0      0      0      0      1 
    0    133     37     35      0      0      0      0      0      0   3201   1980      0      0 124645 124646      0      0      0      0      0      0 
    0    132     37     35      0      0      0      0      0      0   3201   1980      0      0 124645 124646      0      0      0      0      0      1 
    0    132     36     35      0      0      0      0      0      0   3201   1980      0      0 124645 124646      0      0      0      0      0      0 
    0    132     36     35      0      0      0      0      0      0   3201   1980      0      0 124645 124646      0      0      0      0      0      1 
    0    132     36     34      0      0      0      0      0      0   3201   1980      0      0 124645 124646      0      0      0      0      0      0 
    0    132     36     34      0      0      0      0      0      0   3201   1980      0      0 124645 124646      0      0      0      0      0      1 
    0    132     36     34      0      0      0      0      0      0   3201   1980      0      0 124645 124646      0      0      0      0      0      0 
    0    132     36     34      0      0      0      0      0      0   3201   1980      0      0 124645 124646      0      0      0      0      0      1 
    0    132     36     34      0      0      0      0      0      0   3201   1980      0      0 124645 124646      0      0      0      0      0      0 
    0    132     36     34      0      0      0      0      0      0   3201   1980      0      0 124645 124646      0      0      0      0      0      0 
    0    132     36     34      0      0      0      0      0      0   3201   1980      0      0 124645 124646      0      0      0      0      0      0 
    0    132     36     34      0      0      0      0      0      0   3201   1980      0      0 124645 124646      0      0      0      0      0      0 
    0    182     38     39     54     28      0      0      0      0   3201   1980      0      0 124651 124652      0      0      0      0     49     14 
    0    215     36     35     43     21      0      0      0      0   3201   1980      0      0 124651 124652      0      0      0      0     49     13 
    0    287     39     38     83     43      0      0      0      0   3201   1980      0      0 124651 124652      0      0      0      0     50     13 
    0    328     41     41     83     44      0      0      0      0   3201   1980      0      0 124651 124652      0      0      0      0     49     12 
    0    298     38     37      0      0      0      0      0      0   3201   1980      0      0 124651 124652      0      0      0      0      0      0 
    0    361     41     43     84     44      0      0      0      0   3201   1980      0      0 124651 124652      0      0      0      0     51     13 
    0    185     37     36      0      0      0      0      0      0   3201   1980      0      0 124651 124652      0      0      0      0      0      0 
    0    181     39     38     50     25      0      0      0      0   3201   1980      0      0 124651 124652      0      0      0      0     49     13 
    0    231     37     36      0      0      0      0      0      0   3201   1980      0      0 124651 124652      0      0      0      0      0      0 
    0    132     37     35      0      0      0      0      0      0   3201   1980      0      0 124651 124652      0      0      0      0      0      0 
    0    132     36     35      0      0      0      0      0      0   3201   1980      0      0 124651 124652      0      0      0      0     39     13 
    0    398     41     42     84     44      0      0      0      0   3201   1980      0      0 124651 124652      0      0      0      0      0      0 
    0    142     37     35      0      0      0      0      0      0   3201   1980      0      0 124651 124652      0      0      0      0     52     13 
    0    339     41     42     83     43      0      0      0      0   3201   1980      0      0 124651 124652      0      0      0      0     51     13 
    0    315     41     42     83     44      0      0      0      0   3201   1980      0      0 124651 124652      0      0      0      0     47      0 
    0    141     37     36      0      0      0      0      0      0   3201   1980      0      0 124651 124652      0      0      0      0      0      0 
    0    133     37     35      0      0      0      0      0      0   3201   1980      0      0 124651 124652      0      0      0      0      0      1 
    0    327     38     38      0      0      0      0      0      0   3201   1980      0      0 124651 124652      0      0      0      0      0      0 
    0    133     37     35      0      0      0      0      0      0   3201   1980      0      0 124651 124652      0      0      0      0     50     14 
    0    258     37     36      0      0      0      0      0      0   3201   1980      0      0 124651 124652      0      0      0      0      0      0 
    0    273     41     40     83     44      0      0      0      0   3201   1980      0      0 124651 124652      0      0      0      0      0      1 
    0    133     37     35      0      0      0      0      0      0   3201   1980      0      0 124651 124652      0      0      0      0      0      0 
    0    271     41     41     45     24      0      0      0      0   3201   1980      0      0 124651 124652      0      0      0      0      0      1 
    0    133     37     35      0      0      0      0      0      0   3201   1980      0      0 124651 124652      0      0      0      0      0      0 
    0    132     37     35      0      0      0      0      0      0   3201   1980      0      0 124651 124652      0      0      0      0      0      1 
    0    132     36     35      0      0      0      0      0      0   3201   1980      0      0 124651 124652      0      0      0      0      0      0 
    0    271     37     36      0      0      0      0      0      0   3201   1980      0      0 124651 124652      0      0      0      0      0      0 
    0    225     40     42     83     44      0      0      0      0   3201   1980      0      0 124651 124652      0      0      0      0     51     13 
    0    323     39     38     13      7      0      0      0      0   3201   1980      0      0 124651 124652      0      0      0      0      0      0 
    0    178     40     38     46     23      0      0      0      0   3201   1980      0      0 124651 124652      0      0      0      0     58     14 
    0    264     39     39     75     38      0      0      0      0   3201   1980      0      0 124651 124652      0      0      0      0     91     14 
# gpu    pwr  gtemp  mtemp     sm    mem    enc    dec    jpg    ofa   mclk   pclk  pviol  tviol     fb   bar1   ccpm  sbecc  dbecc    pci  rxpci  txpci 
# Idx      W      C      C      %      %      %      %      %      %    MHz    MHz      %   bool     MB     MB     MB   errs   errs   errs   MB/s   MB/s 
    0    290     38     37      0      0      0      0      0      0   3201   1980      0      0 124651 124652      0      0      0      0      0      0 
    0    133     37     35      0      0      0      0      0      0   3201   1980      0      0 124651 124652      0      0      0      0      0      0 
    0    159     39     37      0      0      0      0      0      0   3201   1980      0      0 124651 124652      0      0      0      0     52     13 
    0    343     41     43     83     43      0      0      0      0   3201   1980      0      0 124651 124652      0      0      0      0     14      0 
    0    377     42     42     29     15      0      0      0      0   3201   1980      0      0 124651 124652      0      0      0      0      0      0 
    0    183     40     39     67     34      0      0      0      0   3201   1980      0      0 124651 124652      0      0      0      0     51     13 
    0    367     42     43     83     44      0      0      0      0   3201   1980      0      0 124651 124652      0      0      0      0      0      0 
    0    277     39     38      0      0      0      0      0      0   3201   1980      0      0 124651 124652      0      0      0      0      0      0 
    0    270     38     38      0      0      0      0      0      0   3201   1980      0      0 124651 124652      0      0      0      0      0      0 
    0    269     38     37      0      0      0      0      0      0   3201   1980      0      0 124651 124652      0      0      0      0     49     13 
    0    269     38     37      0      0      0      0      0      0   3201   1980      0      0 124651 124652      0      0      0      0      0      0 
    0    133     37     36      0      0      0      0      0      0   3201   1980      0      0 124651 124652      0      0      0      0      0      0 
    0    174     40     40     83     44      0      0      0      0   3201   1980      0      0 124651 124652      0      0      0      0     49     14 
    0    232     39     38      0      0      0      0      0      0   3201   1980      0      0 124651 124652      0      0      0      0     51     13 
    0    392     40     40     63     33      0      0      0      0   3201   1980      0      0 124651 124652      0      0      0      0     51     14 
    0    228     38     37      0      0      0      0      0      0   3201   1980      0      0 124651 124652      0      0      0      0     30     13 
    0    288     38     37      0      0      0      0      0      0   3201   1980      0      0 124651 124652      0      0      0      0      0      1 
    0    278     38     37      0      0      0      0      0      0   3201   1980      0      0 124651 124652      0      0      0      0      0      0 
    0    325     42     43     82     41      0      0      0      0   3201   1980      0      0 124651 124652      0      0      0      0     60     14 
    0    379     41     42      3      1      0      0      0      0   3201   1980      0      0 124651 124652      0      0      0      0      0      0 
    0    321     42     42     83     43      0      0      0      0   3201   1980      0      0 124651 124652      0      0      0      0     50     15 
    0    204     38     37      0      0      0      0      0      0   3201   1980      0      0 124651 124652      0      0      0      0      0      0 
    0    134     38     36      0      0      0      0      0      0   3201   1980      0      0 124651 124652      0      0      0      0      0      1 
    0    133     37     36      0      0      0      0      0      0   3201   1980      0      0 124651 124652      0      0      0      0      0      0 
    0    133     37     35      0      0      0      0      0      0   3201   1980      0      0 124651 124652      0      0      0      0      0      1 
    0    387     42     41     83     41      0      0      0      0   3201   1980      0      0 124651 124652      0      0      0      0     50     13 
    0    262     41     41     83     44      0      0      0      0   3201   1980      0      0 124651 124652      0      0      0      0     58     15 
    0    375     42     43     82     39      0      0      0      0   3201   1980      0      0 124651 124652      0      0      0      0     66     17 
    0    297     39     38      0      0      0      0      0      0   3201   1980      0      0 124651 124652      0      0      0      0      0      1 
    0    381     43     43     82     42      0      0      0      0   3201   1980      0      0 124651 124652      0      0      0      0     51     13 
    0    244     38     37      0      0      0      0      0      0   3201   1980      0      0 124651 124652      0      0      0      0      0      1 
    0    256     42     41     83     42      0      0      0      0   3201   1980      0      0 124651 124652      0      0      0      0     55     13 
    0    186     38     37      0      0      0      0      0      0   3201   1980      0      0 124651 124652      0      0      0      0      0      1 
    0    299     42     43     83     43      0      0      0      0   3201   1980      0      0 124651 124652      0      0      0      0      0      1 
    0    134     38     36      0      0      0      0      0      0   3201   1980      0      0 124651 124652      0      0      0      0      0      0 
    0    133     37     35      0      0      0      0      0      0   3201   1980      0      0 124651 124652      0      0      0      0      0      1 
    0    133     37     35      0      0      0      0      0      0   3201   1980      0      0 124651 124652      0      0      0      0      0      0 
    0    352     41     41     82     45      0      0      0      0   3201   1980      0      0 124651 124652      0      0      0      0     50     15 
    0    170     38     36      0      0      0      0      0      0   3201   1980      0      0 124651 124652      0      0      0      0      0      0 
    0    133     37     35      0      0      0      0      0      0   3201   1980      0      0 124651 124652      0      0      0      0      0      1 
    0    133     37     35      0      0      0      0      0      0   3201   1980      0      0 124651 124652      0      0      0      0      0      0 
    0    273     39     38     44     24      0      0      0      0   3201   1980      0      0 124651 124652      0      0      0      0      0      1 
    0    272     38     37      0      0      0      0      0      0   3201   1980      0      0 124651 124652      0      0      0      0      0      0 
    0    251     41     41     80     39      0      0      0      0   3201   1980      0      0 124651 124652      0      0      0      0     80     15 
# gpu    pwr  gtemp  mtemp     sm    mem    enc    dec    jpg    ofa   mclk   pclk  pviol  tviol     fb   bar1   ccpm  sbecc  dbecc    pci  rxpci  txpci 
# Idx      W      C      C      %      %      %      %      %      %    MHz    MHz      %   bool     MB     MB     MB   errs   errs   errs   MB/s   MB/s 
    0    398     42     43     82     41      0      0      0      0   3201   1980      0      0 124651 124652      0      0      0      0     53     14 
    0    390     42     44     83     43      0      0      0      0   3201   1980      0      0 124651 124652      0      0      0      0      0      1 
    0    263     42     41     82     45      0      0      0      0   3201   1980      0      0 124651 124652      0      0      0      0     24      0 
    0    316     42     42     83     45      0      0      0      0   3201   1980      0      0 124651 124652      0      0      0      0     52     14 
    0    331     43     44     83     43      0      0      0      0   3201   1980      0      0 124651 124652      0      0      0      0      0      0 
    0    275     40     40     27     15      0      0      0      0   3201   1980      0      0 124651 124652      0      0      0      0      0      0 
    0    134     38     36      0      0      0      0      0      0   3201   1980      0      0 124651 124652      0      0      0      0      0      0 
    0    161     40     35     61     32      0      0      0      0   3201   1980      0      0 124651 124652      0      0      0      0     54     16 
    0    331     39     38      0      0      0      0      0      0   3201   1980      0      0 124651 124652      0      0      0      0      1      0 
    0    310     42     43     83     44      0      0      0      0   3201   1980      0      0 124651 124652      0      0      0      0      0      0 
    0    240     42     41     83     45      0      0      0      0   3201   1980      0      0 124651 124652      0      0      0      0     59     14 
    0    331     39     38      0      0      0      0      0      0   3201   1980      0      0 124651 124652      0      0      0      0     57     17 
    0    275     39     37      0      0      0      0      0      0   3201   1980      0      0 124651 124652      0      0      0      0      0      0 
    0    190     41     42     65     31      0      0      0      0   3201   1980      0      0 124651 124652      0      0      0      0     59     15 
    0    238     40     40     83     45      0      0      0      0   3201   1980      0      0 124651 124652      0      0      0      0     50     14 
    0    326     39     38      0      0      0      0      0      0   3201   1980      0      0 124651 124652      0      0      0      0      0      1 
    0    271     42     43     83     45      0      0      0      0   3201   1980      0      0 124651 124652      0      0      0      0      0      0 
    0    134     38     36      0      0      0      0      0      0   3201   1980      0      0 124651 124652      0      0      0      0      0      1 
    0    133     37     36      0      0      0      0      0      0   3201   1980      0      0 124651 124652      0      0      0      0      0      0 
    0    233     41     42     82     42      0      0      0      0   3201   1980      0      0 124651 124652      0      0      0      0     59     15 
    0    313     42     43     83     46      0      0      0      0   3201   1980      0      0 124651 124652      0      0      0      0     53     14 
    0    303     42     43     82     45      0      0      0      0   3201   1980      0      0 124651 124652      0      0      0      0     51      9 
    0    312     42     43     83     45      0      0      0      0   3201   1980      0      0 124651 124652      0      0      0      0     50     14 
    0    181     38     37      0      0      0      0      0      0   3201   1980      0      0 124651 124652      0      0      0      0      0      1 
    0    133     37     36      0      0      0      0      0      0   3201   1980      0      0 124651 124652      0      0      0      0      0      0 
    0    240     41     42     83     45      0      0      0      0   3201   1980      0      0 124651 124652      0      0      0      0     52     15 
    0    286     38     37      0      0      0      0      0      0   3201   1980      0      0 124651 124652      0      0      0      0      0      0 
    0    137     37     36      0      0      0      0      0      0   3201   1980      0      0 124651 124652      0      0      0      0     50     15 
    0    254     38     37      0      0      0      0      0      0   3201   1980      0      0 124651 124652      0      0      0      0      0      0 
    0    365     42     43     82     45      0      0      0      0   3201   1980      0      0 124651 124652      0      0      0      0      0      1 
    0    133     38     36      0      0      0      0      0      0   3201   1980      0      0 124651 124652      0      0      0      0      0      0 
    0    373     42     42     83     45      0      0      0      0   3201   1980      0      0 124651 124652      0      0      0      0     54     15 
    0    141     38     36      0      0      0      0      0      0   3201   1980      0      0 124651 124652      0      0      0      0      0      0 
    0    219     41     40     83     45      0      0      0      0   3201   1980      0      0 124651 124652      0      0      0      0     55     15 
    0    297     42     44     79     43      0      0      0      0   3201   1980      0      0 124651 124652      0      0      0      0      0      0 
    0    134     37     36      0      0      0      0      0      0   3201   1980      0      0 124651 124652      0      0      0      0      0      1 
    0    260     42     42     82     45      0      0      0      0   3201   1980      0      0 124651 124652      0      0      0      0     42      0 
    0    221     41     42     81     44      0      0      0      0   3201   1980      0      0 124651 124652      0      0      0      0     53     15 
    0    187     40     40     17      8      0      0      0      0   3201   1980      0      0 124651 124652      0      0      0      0     50     14 
    0    356     42     43     83     45      0      0      0      0   3201   1980      0      0 124651 124652      0      0      0      0     50     15 
    0    149     38     36      0      0      0      0      0      0   3201   1980      0      0 124651 124652      0      0      0      0      0      0 
    0    133     37     36      0      0      0      0      0      0   3201   1980      0      0 124651 124652      0      0      0      0      0      1 
    0    237     41     43     83     45      0      0      0      0   3201   1980      0      0 124651 124652      0      0      0      0     54     14 
    0    262     41     43     83     45      0      0      0      0   3201   1980      0      0 124651 124652      0      0      0      0     52     15 
# gpu    pwr  gtemp  mtemp     sm    mem    enc    dec    jpg    ofa   mclk   pclk  pviol  tviol     fb   bar1   ccpm  sbecc  dbecc    pci  rxpci  txpci 
# Idx      W      C      C      %      %      %      %      %      %    MHz    MHz      %   bool     MB     MB     MB   errs   errs   errs   MB/s   MB/s 
    0    296     38     37      0      0      0      0      0      0   3201   1980      0      0 124651 124652      0      0      0      0      0      0 
    0    380     41     42     83     45      0      0      0      0   3201   1980      0      0 124651 124652      0      0      0      0      0      1 
    0    281     42     43     83     43      0      0      0      0   3201   1980      0      0 124651 124652      0      0      0      0     50     14 
    0    288     42     42     83     45      0      0      0      0   3201   1980      0      0 124651 124652      0      0      0      0     54     15 
    0    384     43     44     83     42      0      0      0      0   3201   1980      0      0 124651 124652      0      0      0      0     52     14 
    0    319     43     44     83     45      0      0      0      0   3201   1980      0      0 124651 124652      0      0      0      0     55     10 
    0    284     40     40     42     23      0      0      0      0   3201   1980      0      0 124651 124652      0      0      0      0      0      0 
    0    273     39     38      0      0      0      0      0      0   3201   1980      0      0 124651 124652      0      0      0      0      0      1 
    0    272     39     38      0      0      0      0      0      0   3201   1980      0      0 124651 124652      0      0      0      0      0      0 
    0    294     42     41     54     29      0      0      0      0   3201   1980      0      0 124651 124652      0      0      0      0     50     15 
    0    222     38     37      0      0      0      0      0      0   3201   1980      0      0 124651 124652      0      0      0      0      0      0 
    0    133     38     36      0      0      0      0      0      0   3201   1980      0      0 124651 124652      0      0      0      0      0      1 
    0    407     41     43     82     45      0      0      0      0   3201   1980      0      0 124651 124652      0      0      0      0      0      0 
    0    276     39     37      0      0      0      0      0      0   3201   1980      0      0 124651 124652      0      0      0      0      0      1 
    0    133     38     36      0      0      0      0      0      0   3201   1980      0      0 124651 124652      0      0      0      0      0      0 
    0    275     38     37      0      0      0      0      0      0   3201   1980      0      0 124651 124652      0      0      0      0      0      0 
    0    195     41     43     68     36      0      0      0      0   3201   1980      0      0 124651 124652      0      0      0      0     53     14 
    0    214     38     36      0      0      0      0      0      0   3201   1980      0      0 124651 124652      0      0      0      0     51     14 
    0    286     38     37      0      0      0      0      0      0   3201   1980      0      0 124651 124652      0      0      0      0      0      0 
    0    133     37     36      0      0      0      0      0      0   3201   1980      0      0 124651 124652      0      0      0      0      0     11 
    0    249     42     43     83     45      0      0      0      0   3201   1980      0      0 124651 124652      0      0      0      0      0      0 
    0    201     41     42     83     45      0      0      0      0   3201   1980      0      0 124651 124652      0      0      0      0     54     14 
    0    211     38     36      0      0      0      0      0      0   3201   1980      0      0 124651 124652      0      0      0      0      0      0 
    0    133     37     35      0      0      0      0      0      0   3201   1980      0      0 124651 124652      0      0      0      0      0      0 
    0    133     37     35      0      0      0      0      0      0   3201   1980      0      0 124651 124652      0      0      0      0      0      0 
    0    132     37     35      0      0      0      0      0      0   3201   1980      0      0 124651 124652      0      0      0      0      0      0 
    0    132     37     35      0      0      0      0      0      0   3201   1980      0      0 124651 124652      0      0      0      0      0      0 
    0    132     36     35      0      0      0      0      0      0   3201   1980      0      0 124651 124652      0      0      0      0      0      0 
    0    311     41     43     83     45      0      0      0      0   3201   1980      0      0 124651 124652      0      0      0      0      0      0 
    0    133     37     35      0      0      0      0      0      0   3201   1980      0      0 124651 124652      0      0      0      0      0      0 
    0    283     41     42     83     43      0      0      0      0   3201   1980      0      0 124651 124652      0      0      0      0     52     15 
    0    282     41     43     83     43      0      0      0      0   3201   1980      0      0 124651 124652      0      0      0      0     49     14 
    0    177     37     36      0      0      0      0      0      0   3201   1980      0      0 124651 124652      0      0      0      0      0      1 
    0    272     39     39     83     45      0      0      0      0   3201   1980      0      0 124651 124652      0      0      0      0      0      0 
    0    133     37     35      0      0      0      0      0      0   3201   1980      0      0 124651 124652      0      0      0      0      0     27 
    0    314     41     41     81     43      0      0      0      0   3201   1980      0      0 124651 124652      0      0      0      0     50     14 
    0    396     42     43     83     44      0      0      0      0   3201   1980      0      0 124651 124652      0      0      0      0      0      1 
    0    255     42     43     83     45      0      0      0      0   3201   1980      0      0 124651 124652      0      0      0      0     53     14 
    0    297     38     37      0      0      0      0      0      0   3201   1980      0      0 124651 124652      0      0      0      0      0      1 
    0    275     39     38     22     12      0      0      0      0   3201   1980      0      0 124651 124652      0      0      0      0      0      0 
    0    133     37     36      0      0      0      0      0      0   3201   1980      0      0 124651 124652      0      0      0      0      0      1 
    0    274     38     37     60     33      0      0      0      0   3201   1980      0      0 124651 124652      0      0      0      0      0      0 
    0    133     37     35      0      0      0      0      0      0   3201   1980      0      0 124651 124652      0      0      0      0      0      0 
    0    133     37     35      0      0      0      0      0      0   3201   1980      0      0 124651 124652      0      0      0      0      0      0 
# gpu    pwr  gtemp  mtemp     sm    mem    enc    dec    jpg    ofa   mclk   pclk  pviol  tviol     fb   bar1   ccpm  sbecc  dbecc    pci  rxpci  txpci 
# Idx      W      C      C      %      %      %      %      %      %    MHz    MHz      %   bool     MB     MB     MB   errs   errs   errs   MB/s   MB/s 
    0    134     37     35      0      0      0      0      0      0   3201   1980      0      0 124651 124652      0      0      0      0     50     14 
    0    269     37     35      0      0      0      0      0      0   3201   1980      0      0 124651 124652      0      0      0      0      0      0 
    0    171     40     40      0      0      0      0      0      0   3201   1980      0      0 124651 124652      0      0      0      0     59     14 
    0    361     38     38     67     36      0      0      0      0   3201   1980      0      0 124651 124652      0      0      0      0      0      0 
    0    253     41     43     83     43      0      0      0      0   3201   1980      0      0 124651 124652      0      0      0      0     59     14 
    0    342     42     42     83     42      0      0      0      0   3201   1980      0      0 124651 124652      0      0      0      0     60     14 
    0    200     38     36      0      0      0      0      0      0   3201   1980      0      0 124651 124652      0      0      0      0      0      0 
    0    327     42     42     83     44      0      0      0      0   3201   1980      0      0 124651 124652      0      0      0      0     53     14 
    0    246     38     37      0      0      0      0      0      0   3201   1980      0      0 124651 124652      0      0      0      0      0      0 
    0    133     37     36      0      0      0      0      0      0   3201   1980      0      0 124651 124652      0      0      0      0      0      0 
    0    272     40     40     83     45      0      0      0      0   3201   1980      0      0 124651 124652      0      0      0      0      0      0 
    0    213     41     40     82     43      0      0      0      0   3201   1980      0      0 124651 124652      0      0      0      0     68     15 
    0    283     41     43     83     45      0      0      0      0   3201   1980      0      0 124651 124652      0      0      0      0     51     14 
    0    311     42     43     81     44      0      0      0      0   3201   1980      0      0 124651 124652      0      0      0      0     60     14 
    0    236     38     37      0      0      0      0      0      0   3201   1980      0      0 124651 124652      0      0      0      0      0      0 
    0    133     37     36      0      0      0      0      0      0   3201   1980      0      0 124651 124652      0      0      0      0      0      0 
    0    271     42     43     83     45      0      0      0      0   3201   1980      0      0 124651 124652      0      0      0      0      0      0 
    0    277     41     42     83     45      0      0      0      0   3201   1980      0      0 124651 124652      0      0      0      0      0      1 
    0    271     38     37      0      0      0      0      0      0   3201   1980      0      0 124651 124652      0      0      0      0      0     10 
    0    269     38     37      0      0      0      0      0      0   3201   1980      0      0 124651 124652      0      0      0      0      0      1 
    0    333     42     43     83     45      0      0      0      0   3201   1980      0      0 124651 124652      0      0      0      0     50     14 
    0    407     43     44     82     42      0      0      0      0   3201   1980      0      0 124651 124652      0      0      0      0     50     15 
    0    156     38     36      0      0      0      0      0      0   3201   1980      0      0 124651 124652      0      0      0      0      0      0 
    0    133     37     36      0      0      0      0      0      0   3201   1980      0      0 124651 124652      0      0      0      0      0      1 
    0    275     39     38      6      3      0      0      0      0   3201   1980      0      0 124651 124652      0      0      0      0      0      0 
    0    209     41     43     83     45      0      0      0      0   3201   1980      0      0 124651 124652      0      0      0      0     50     15 
    0    358     43     43     83     43      0      0      0      0   3201   1980      0      0 124651 124652      0      0      0      0     69     15 
    0    394     43     43     82     45      0      0      0      0   3201   1980      0      0 124651 124652      0      0      0      0      0      1 
    0    134     38     36      0      0      0      0      0      0   3201   1980      0      0 124651 124652      0      0      0      0      0      0 
