# gpu    pwr  gtemp  mtemp     sm    mem    enc    dec    jpg    ofa   mclk   pclk  pviol  tviol     fb   bar1   ccpm  sbecc  dbecc    pci  rxpci  txpci 
# Idx      W      C      C      %      %      %      %      %      %    MHz    MHz      %   bool     MB     MB     MB   errs   errs   errs   MB/s   MB/s 
    0    137     41     39      0      0      0      0      0      0   3201   1980      0      0 124645 124646      0      0      0      0      0      0 
    0    138     41     39      0      0      0      0      0      0   3201   1980      0      0 124645 124646      0      0      0      0      0      1 
    0    136     41     39      0      0      0      0      0      0   3201   1980      0      0 124645 124646      0      0      0      0      0      0 
    0    136     41     39      0      0      0      0      0      0   3201   1980      0      0 124645 124646      0      0      0      0      0      0 
    0    136     41     38      0      0      0      0      0      0   3201   1980      0      0 124645 124646      0      0      0      0      0      0 
    0    136     41     38      0      0      0      0      0      0   3201   1980      0      0 124645 124646      0      0      0      0      0      0 
    0    136     41     38      0      0      0      0      0      0   3201   1980      0      0 124645 124646      0      0      0      0      0      0 
    0    136     41     38      0      0      0      0      0      0   3201   1980      0      0 124645 124646      0      0      0      0      0      0 
    0    136     41     38      0      0      0      0      0      0   3201   1980      0      0 124645 124646      0      0      0      0      0      0 
    0    136     40     38      0      0      0      0      0      0   3201   1980      0      0 124645 124646      0      0      0      0      0      0 
    0    136     40     38      0      0      0      0      0      0   3201   1980      0      0 124645 124646      0      0      0      0      0      0 
    0    136     40     38      0      0      0      0      0      0   3201   1980      0      0 124645 124646      0      0      0      0      0      0 
    0    136     40     38      0      0      0      0      0      0   3201   1980      0      0 124645 124646      0      0      0      0      0      0 
    0    173     41     40     58     29      0      0      0      0   3201   1980      0      0 124651 124652      0      0      0      0      0      0 
    0    217     41     39     56     29      0      0      0      0   3201   1980      0      0 124651 124652      0      0      0      0     51     13 
    0    249     42     41     60     32      0      0      0      0   3201   1980      0      0 124651 124652      0      0      0      0     56     14 
    0    176     41     39      0      0      0      0      0      0   3201   1980      0      0 124651 124652      0      0      0      0      0      0 
    0    176     41     39      0      0      0      0      0      0   3201   1980      0      0 124651 124652      0      0      0      0      0      0 
    0    175     42     41     47     23      0      0      0      0   3201   1980      0      0 124651 124652      0      0      0      0     52     13 
    0    195     42     40     16      8      0      0      0      0   3201   1980      0      0 124651 124652      0      0      0      0      0      0 
    0    216     41     39      0      0      0      0      0      0   3201   1980      0      0 124651 124652      0      0      0      0      0      0 
    0    213     45     43     68     30      0      0      0      0   3201   1980      0      0 124651 124652      0      0      0      0      0      0 
    0    180     42     40     73     37      0      0      0      0   3201   1980      0      0 124651 124652      0      0      0      0      0      1 
    0    178     41     39      0      0      0      0      0      0   3201   1980      0      0 124651 124652      0      0      0      0      0      0 
    0    178     41     39      0      0      0      0      0      0   3201   1980      0      0 124651 124652      0      0      0      0      0      1 
    0    136     41     38      0      0      0      0      0      0   3201   1980      0      0 124651 124652      0      0      0      0      0      0 
    0    175     41     39      0      0      0      0      0      0   3201   1980      0      0 124651 124652      0      0      0      0      0     13 
    0    218     41     39      0      0      0      0      0      0   3201   1980      0      0 124651 124652      0      0      0      0      0     22 
    0    260     43     41     52     28      0      0      0      0   3201   1980      0      0 124651 124652      0      0      0      0      0      1 
    0    137     41     39      0      0      0      0      0      0   3201   1980      0      0 124651 124652      0      0      0      0      0      0 
    0    279     45     44     52     26      0      0      0      0   3201   1980      0      0 124651 124652      0      0      0      0      0      1 
    0    209     44     43     34     16      0      0      0      0   3201   1980      0      0 124651 124652      0      0      0      0      0      0 
    0    232     44     43     84     44      0      0      0      0   3201   1980      0      0 124651 124652      0      0      0      0      0      1 
    0    217     42     40     72     38      0      0      0      0   3201   1980      0      0 124651 124652      0      0      0      0      0      0 
    0    137     41     39      0      0      0      0      0      0   3201   1980      0      0 124651 124652      0      0      0      0      0      1 
    0    259     45     43     67     34      0      0      0      0   3201   1980      0      0 124651 124652      0      0      0      0      0      0 
    0    237     43     42     79     40      0      0      0      0   3201   1980      0      0 124651 124652      0      0      0      0      0      1 
    0    239     46     43     24     11      0      0      0      0   3201   1980      0      0 124651 124652      0      0      0      0     59     14 
    0    299     45     43      0      0      0      0      0      0   3201   1980      0      0 124651 124652      0      0      0      0      0      1 
    0    176     41     40      0      0      0      0      0      0   3201   1980      0      0 124651 124652      0      0      0      0      0      0 
    0    137     41     39      0      0      0      0      0      0   3201   1980      0      0 124651 124652      0      0      0      0      0      1 
    0    255     42     40      0      0      0      0      0      0   3201   1980      0      0 124651 124652      0      0      0      0     50     13 
    0    341     44     43     84     40      0      0      0      0   3201   1980      0      0 124651 124652      0      0      0      0     14      1 
    0    273     43     41      0      0      0      0      0      0   3201   1980      0      0 124651 124652      0      0      0      0      0      0 
# gpu    pwr  gtemp  mtemp     sm    mem    enc    dec    jpg    ofa   mclk   pclk  pviol  tviol     fb   bar1   ccpm  sbecc  dbecc    pci  rxpci  txpci 
# Idx      W      C      C      %      %      %      %      %      %    MHz    MHz      %   bool     MB     MB     MB   errs   errs   errs   MB/s   MB/s 
    0    196     42     40      0      0      0      0      0      0   3201   1980      0      0 124651 124652      0      0      0      0      0      1 
    0    195     42     40      0      0      0      0      0      0   3201   1980      0      0 124651 124652      0      0      0      0      0      0 
    0    137     41     39      0      0      0      0      0      0   3201   1980      0      0 124651 124652      0      0      0      0      0      1 
    0    214     42     40      0      0      0      0      0      0   3201   1980      0      0 124651 124652      0      0      0      0      0      0 
    0    137     41     39      0      0      0      0      0      0   3201   1980      0      0 124651 124652      0      0      0      0      0      1 
    0    216     44     44      8      3      0      0      0      0   3201   1980      0      0 124651 124652      0      0      0      0      0      0 
    0    269     46     42     84     40      0      0      0      0   3201   1980      0      0 124651 124652      0      0      0      0     49     15 
    0    248     42     40      0      0      0      0      0      0   3201   1980      0      0 124651 124652      0      0      0      0     49     13 
    0    270     46     39      0      0      0      0      0      0   3201   1980      0      0 124651 124652      0      0      0      0     59     14 
    0    196     42     40      0      0      0      0      0      0   3201   1980      0      0 124651 124652      0      0      0      0      0      0 
    0    212     45     43     73     39      0      0      0      0   3201   1980      0      0 124651 124652      0      0      0      0      5      1 
    0    199     42     40      0      0      0      0      0      0   3201   1980      0      0 124651 124652      0      0      0      0      6     18 
    0    298     44     43     81     40      0      0      0      0   3201   1980      0      0 124651 124652      0      0      0      0      0      1 
    0    182     42     40      3      2      0      0      0      0   3201   1980      0      0 124651 124652      0      0      0      0      0      0 
    0    220     42     40      0      0      0      0      0      0   3201   1980      0      0 124651 124652      0      0      0      0     49     15 
    0    140     41     39      0      0      0      0      0      0   3201   1980      0      0 124651 124652      0      0      0      0      0      0 
    0    217     42     41      2      1      0      0      0      0   3201   1980      0      0 124651 124652      0      0      0      0      0      1 
    0    246     44     42      0      0      0      0      0      0   3201   1980      0      0 124651 124652      0      0      0      0     49     16 
    0    192     42     40      0      0      0      0      0      0   3201   1980      0      0 124651 124652      0      0      0      0      0      1 
    0    219     43     43     83     44      0      0      0      0   3201   1980      0      0 124651 124652      0      0      0      0      0      0 
    0    178     42     41     44     23      0      0      0      0   3201   1980      0      0 124651 124652      0      0      0      0      0      1 
    0    216     42     40      0      0      0      0      0      0   3201   1980      0      0 124651 124652      0      0      0      0      0      0 
    0    212     42     40      0      0      0      0      0      0   3201   1980      0      0 124651 124652      0      0      0      0      0      0 
    0    190     42     40      0      0      0      0      0      0   3201   1980      0      0 124651 124652      0      0      0      0     50     14 
    0    162     41     39      0      0      0      0      0      0   3201   1980      0      0 124651 124652      0      0      0      0     49     14 
    0    198     42     39      0      0      0      0      0      0   3201   1980      0      0 124651 124652      0      0      0      0      0      0 
    0    217     42     40      0      0      0      0      0      0   3201   1980      0      0 124651 124652      0      0      0      0      0      0 
    0    137     41     39      0      0      0      0      0      0   3201   1980      0      0 124651 124652      0      0      0      0      0     17 
    0    254     45     43     64     32      0      0      0      0   3201   1980      0      0 124651 124652      0      0      0      0      0      0 
    0    238     42     40      0      0      0      0      0      0   3201   1980      0      0 124651 124652      0      0      0      0     50     13 
    0    274     45     43     28     15      0      0      0      0   3201   1980      0      0 124651 124652      0      0      0      0     45      0 
    0    244     45     41      0      0      0      0      0      0   3201   1980      0      0 124651 124652      0      0      0      0     49      3 
    0    229     44     43      8      3      0      0      0      0   3201   1980      0      0 124651 124652      0      0      0      0      0      0 
    0    215     42     41     39     20      0      0      0      0   3201   1980      0      0 124651 124652      0      0      0      0      0      0 
    0    175     43     42     29     14      0      0      0      0   3201   1980      0      0 124651 124652      0      0      0      0     50     14 
    0    189     42     40      0      0      0      0      0      0   3201   1980      0      0 124651 124652      0      0      0      0      0      0 
    0    178     42     39      0      0      0      0      0      0   3201   1980      0      0 124651 124652      0      0      0      0      0      1 
    0    231     43     41     84     40      0      0      0      0   3201   1980      0      0 124651 124652      0      0      0      0      0      0 
    0    137     41     39      0      0      0      0      0      0   3201   1980      0      0 124651 124652      0      0      0      0     49     15 
    0    198     42     40      0      0      0      0      0      0   3201   1980      0      0 124651 124652      0      0      0      0      0      0 
    0    137     41     39      0      0      0      0      0      0   3201   1980      0      0 124651 124652      0      0      0      0      0      1 
    0    136     41     39      0      0      0      0      0      0   3201   1980      0      0 124651 124652      0      0      0      0      0      0 
    0    174     44     43      0      0      0      0      0      0   3201   1980      0      0 124651 124652      0      0      0      0     49     10 
    0    174     44     43     16      7      0      0      0      0   3201   1980      0      0 124651 124652      0      0      0      0     58     13 
# gpu    pwr  gtemp  mtemp     sm    mem    enc    dec    jpg    ofa   mclk   pclk  pviol  tviol     fb   bar1   ccpm  sbecc  dbecc    pci  rxpci  txpci 
# Idx      W      C      C      %      %      %      %      %      %    MHz    MHz      %   bool     MB     MB     MB   errs   errs   errs   MB/s   MB/s 
    0    237     42     40      0      0      0      0      0      0   3201   1980      0      0 124651 124652      0      0      0      0      0      1 
    0    173     41     39      0      0      0      0      0      0   3201   1980      0      0 124651 124652      0      0      0      0      0      0 
    0    242     44     40     63     33      0      0      0      0   3201   1980      0      0 124651 124652      0      0      0      0     49      8 
    0    221     43     42     76     40      0      0      0      0   3201   1980      0      0 124651 124652      0      0      0      0      0      0 
    0    176     41     40      0      0      0      0      0      0   3201   1980      0      0 124651 124652      0      0      0      0      0      0 
    0    179     41     39      0      0      0      0      0      0   3201   1980      0      0 124651 124652      0      0      0      0      0      0 
    0    141     41     39      0      0      0      0      0      0   3201   1980      0      0 124651 124652      0      0      0      0      0      0 
    0    179     41     39      0      0      0      0      0      0   3201   1980      0      0 124651 124652      0      0      0      0      0      0 
    0    222     41     39      0      0      0      0      0      0   3201   1980      0      0 124651 124652      0      0      0      0     52     14 
    0    305     42     41      0      0      0      0      0      0   3201   1980      0      0 124651 124652      0      0      0      0      0      0 
    0    257     42     41     72     39      0      0      0      0   3201   1980      0      0 124651 124652      0      0      0      0      0      0 
    0    137     41     39      0      0      0      0      0      0   3201   1980      0      0 124651 124652      0      0      0      0     50      1 
    0    225     42     40      0      0      0      0      0      0   3201   1980      0      0 124651 124652      0      0      0      0      0      0 
    0    253     43     41     14      8      0      0      0      0   3201   1980      0      0 124651 124652      0      0      0      0      0      0 
    0    143     41     39      0      0      0      0      0      0   3201   1980      0      0 124651 124652      0      0      0      0     54     14 
    0    249     45     43     50     26      0      0      0      0   3201   1980      0      0 124651 124652      0      0      0      0      0      0 
    0    217     44     43     74     40      0      0      0      0   3201   1980      0      0 124651 124652      0      0      0      0     87     14 
    0    295     42     41      0      0      0      0      0      0   3201   1980      0      0 124651 124652      0      0      0      0      0      0 
    0    164     44     41      1      0      0      0      0      0   3201   1980      0      0 124651 124652      0      0      0      0      0      0 
    0    213     45     40      0      0      0      0      0      0   3201   1980      0      0 124651 124652      0      0      0      0     50     14 
    0    258     42     40      0      0      0      0      0      0   3201   1980      0      0 124651 124652      0      0      0      0      0      0 
