# gpu    pwr  gtemp  mtemp     sm    mem    enc    dec    jpg    ofa   mclk   pclk  pviol  tviol     fb   bar1   ccpm  sbecc  dbecc    pci  rxpci  txpci 
# Idx      W      C      C      %      %      %      %      %      %    MHz    MHz      %   bool     MB     MB     MB   errs   errs   errs   MB/s   MB/s 
    0    140     41     38     12      6      0      0      0      0   3201   1980      0      0 124645 124646      0      0      0      0      0      1 
    0    136     41     38      0      0      0      0      0      0   3201   1980      0      0 124645 124646      0      0      0      0      0      0 
    0    136     40     38      0      0      0      0      0      0   3201   1980      0      0 124645 124646      0      0      0      0      0      1 
    0    136     40     38      0      0      0      0      0      0   3201   1980      0      0 124645 124646      0      0      0      0      0      0 
    0    136     40     38      0      0      0      0      0      0   3201   1980      0      0 124645 124646      0      0      0      0      0      1 
    0    136     40     38      0      0      0      0      0      0   3201   1980      0      0 124645 124646      0      0      0      0      0      0 
    0    136     40     38      0      0      0      0      0      0   3201   1980      0      0 124645 124646      0      0      0      0      0      1 
    0    136     40     38      0      0      0      0      0      0   3201   1980      0      0 124645 124646      0      0      0      0      0      0 
    0    136     40     38      0      0      0      0      0      0   3201   1980      0      0 124645 124646      0      0      0      0      5      1 
    0    136     40     38      0      0      0      0      0      0   3201   1980      0      0 124645 124646      0      0      0      0      0      0 
    0    135     40     38      0      0      0      0      0      0   3201   1980      0      0 124645 124646      0      0      0      0      0      0 
    0    135     40     38      0      0      0      0      0      0   3201   1980      0      0 124645 124646      0      0      0      0      0      0 
    0    135     40     38      0      0      0      0      0      0   3201   1980      0      0 124645 124646      0      0      0      0     57      1 
    0    360     44     44     83     41      0      0      0      0   3201   1980      0      0 124651 124652      0      0      0      0     59     14 
    0    391     46     44     83     40      0      0      0      0   3201   1980      0      0 124651 124652      0      0      0      0     75     16 
    0    394     46     44     83     40      0      0      0      0   3201   1980      0      0 124651 124652      0      0      0      0     75     16 
    0    395     46     47     83     40      0      0      0      0   3201   1980      0      0 124651 124652      0      0      0      0     69     14 
    0    395     47     47     83     44      0      0      0      0   3201   1980      0      0 124651 124652      0      0      0      0     50     14 
    0    396     47     46     83     41      0      0      0      0   3201   1980      0      0 124651 124652      0      0      0      0     58     14 
    0    394     47     45     83     40      0      0      0      0   3201   1980      0      0 124651 124652      0      0      0      0     83     16 
    0    393     47     48     84     40      0      0      0      0   3201   1980      0      0 124651 124652      0      0      0      0     61     15 
    0    402     48     46     83     40      0      0      0      0   3201   1980      0      0 124651 124652      0      0      0      0     74     16 
    0    403     49     49     82     40      0      0      0      0   3201   1980      0      0 124651 124652      0      0      0      0     92     16 
    0    396     48     48     84     42      0      0      0      0   3201   1980      0      0 124651 124652      0      0      0      0     69     15 
    0    392     48     47     84     42      0      0      0      0   3201   1980      0      0 124651 124652      0      0      0      0     51     13 
    0    411     48     47     83     42      0      0      0      0   3201   1980      0      0 124651 124652      0      0      0      0     48     13 
    0    403     48     46     83     40      0      0      0      0   3201   1980      0      0 124651 124652      0      0      0      0     61     15 
    0    397     48     48     83     40      0      0      0      0   3201   1980      0      0 124651 124652      0      0      0      0     75     15 
    0    401     49     49     83     40      0      0      0      0   3201   1980      0      0 124651 124652      0      0      0      0     67     15 
    0    398     49     50     83     40      0      0      0      0   3201   1980      0      0 124651 124652      0      0      0      0     75     15 
    0    399     49     45     83     40      0      0      0      0   3201   1980      0      0 124651 124652      0      0      0      0     66     15 
    0    401     49     48     83     39      0      0      0      0   3201   1980      0      0 124651 124652      0      0      0      0    105     17 
    0    398     49     49     81     39      0      0      0      0   3201   1980      0      0 124651 124652      0      0      0      0     82     17 
    0    402     49     49     83     40      0      0      0      0   3201   1980      0      0 124651 124652      0      0      0      0     67     15 
    0    394     49     49     83     40      0      0      0      0   3201   1980      0      0 124651 124652      0      0      0      0     59     14 
    0    396     49     48     83     40      0      0      0      0   3201   1980      0      0 124651 124652      0      0      0      0     63     16 
    0    402     49     48     83     40      0      0      0      0   3201   1980      0      0 124651 124652      0      0      0      0     92     16 
    0    402     49     50     80     39      0      0      0      0   3201   1980      0      0 124651 124652      0      0      0      0     84     17 
    0    411     50     48     82     42      0      0      0      0   3201   1980      0      0 124651 124652      0      0      0      0     87     17 
    0    401     50     48     83     40      0      0      0      0   3201   1980      0      0 124651 124652      0      0      0      0     67     16 
    0    401     49     51     83     39      0      0      0      0   3201   1980      0      0 124651 124652      0      0      0      0     67     15 
    0    398     50     48     83     40      0      0      0      0   3201   1980      0      0 124651 124652      0      0      0      0     89     18 
    0    418     50     48     82     40      0      0      0      0   3201   1980      0      0 124651 124652      0      0      0      0    106     19 
    0    421     50     49     82     41      0      0      0      0   3201   1980      0      0 124651 124652      0      0      0      0     98     19 
# gpu    pwr  gtemp  mtemp     sm    mem    enc    dec    jpg    ofa   mclk   pclk  pviol  tviol     fb   bar1   ccpm  sbecc  dbecc    pci  rxpci  txpci 
# Idx      W      C      C      %      %      %      %      %      %    MHz    MHz      %   bool     MB     MB     MB   errs   errs   errs   MB/s   MB/s 
    0    408     50     48     82     39      0      0      0      0   3201   1980      0      0 124651 124652      0      0      0      0     80     17 
    0    397     50     50     84     40      0      0      0      0   3201   1980      0      0 124651 124652      0      0      0      0     75     16 
    0    400     50     50     83     40      0      0      0      0   3201   1980      0      0 124651 124652      0      0      0      0     73     14 
    0    394     50     49     83     41      0      0      0      0   3201   1980      0      0 124651 124652      0      0      0      0     58     15 
    0    392     50     47     83     42      0      0      0      0   3201   1980      0      0 124651 124652      0      0      0      0     55     14 
    0    400     49     49     83     41      0      0      0      0   3201   1980      0      0 124651 124652      0      0      0      0     63     16 
    0    412     51     50     82     41      0      0      0      0   3201   1980      0      0 124651 124652      0      0      0      0     98     18 
    0    412     50     50     81     40      0      0      0      0   3201   1980      0      0 124651 124652      0      0      0      0    121     19 
    0    412     50     50     81     41      0      0      0      0   3201   1980      0      0 124651 124652      0      0      0      0     84     17 
    0    400     50     49     83     40      0      0      0      0   3201   1980      0      0 124651 124652      0      0      0      0     84     16 
    0    402     50     50     82     39      0      0      0      0   3201   1980      0      0 124651 124652      0      0      0      0     84     15 
    0    399     50     50     82     39      0      0      0      0   3201   1980      0      0 124651 124652      0      0      0      0     88     19 
    0    402     50     49     82     40      0      0      0      0   3201   1980      0      0 124651 124652      0      0      0      0     87     17 
    0    407     50     48     81     40      0      0      0      0   3201   1980      0      0 124651 124652      0      0      0      0     91     17 
    0    401     50     50     83     40      0      0      0      0   3201   1980      0      0 124651 124652      0      0      0      0     85     15 
    0    398     49     48     83     40      0      0      0      0   3201   1980      0      0 124651 124652      0      0      0      0     59     15 
    0    394     49     49     83     40      0      0      0      0   3201   1980      0      0 124651 124652      0      0      0      0     66     15 
    0    401     49     48     83     40      0      0      0      0   3201   1980      0      0 124651 124652      0      0      0      0     83     18 
    0    399     49     50     84     41      0      0      0      0   3201   1980      0      0 124651 124652      0      0      0      0     66     15 
    0    397     49     48     83     41      0      0      0      0   3201   1980      0      0 124651 124652      0      0      0      0     59     15 
    0    400     49     50     83     40      0      0      0      0   3201   1980      0      0 124651 124652      0      0      0      0     76     16 
    0    396     49     48     83     40      0      0      0      0   3201   1980      0      0 124651 124652      0      0      0      0     84     17 
    0    398     49     47     83     40      0      0      0      0   3201   1980      0      0 124651 124652      0      0      0      0     75     15 
    0    399     49     47     83     40      0      0      0      0   3201   1980      0      0 124651 124652      0      0      0      0     61     15 
    0    394     49     49     83     40      0      0      0      0   3201   1980      0      0 124651 124652      0      0      0      0     62     15 
    0    397     49     47     83     40      0      0      0      0   3201   1980      0      0 124651 124652      0      0      0      0     76     16 
    0    399     49     47     83     40      0      0      0      0   3201   1980      0      0 124651 124652      0      0      0      0     66     15 
    0    394     48     50     83     41      0      0      0      0   3201   1980      0      0 124651 124652      0      0      0      0     68     16 
    0    396     49     47     82     39      0      0      0      0   3201   1980      0      0 124651 124652      0      0      0      0     80     17 
    0    401     49     47     82     40      0      0      0      0   3201   1980      0      0 124651 124652      0      0      0      0     87     19 
    0    411     49     49     82     42      0      0      0      0   3201   1980      0      0 124651 124652      0      0      0      0     99     16 
    0    406     49     49     82     40      0      0      0      0   3201   1980      0      0 124651 124652      0      0      0      0    101     18 
    0    403     49     47     83     40      0      0      0      0   3201   1980      0      0 124651 124652      0      0      0      0     74     16 
    0    398     49     46     83     40      0      0      0      0   3201   1980      0      0 124651 124652      0      0      0      0     73     15 
    0    401     49     49     83     40      0      0      0      0   3201   1980      0      0 124651 124652      0      0      0      0     71     15 
    0    395     48     47     83     39      0      0      0      0   3201   1980      0      0 124651 124652      0      0      0      0     68     16 
    0    397     48     49     83     41      0      0      0      0   3201   1980      0      0 124651 124652      0      0      0      0     58     14 
    0    396     48     49     83     40      0      0      0      0   3201   1980      0      0 124651 124652      0      0      0      0     66     15 
    0    399     48     49     83     41      0      0      0      0   3201   1980      0      0 124651 124652      0      0      0      0     74     16 
    0    400     48     49     83     43      0      0      0      0   3201   1980      0      0 124651 124652      0      0      0      0     60     15 
    0    415     49     50     83     45      0      0      0      0   3201   1980      0      0 124651 124652      0      0      0      0      0      0 
    0    150     43     42      0      0      0      0      0      0   3201   1980      0      0 124651 124652      0      0      0      0      0      1 
    0    322     47     45     83     43      0      0      0      0   3201   1980      0      0 124651 124652      0      0      0      0     59     14 
    0    396     48     48     82     41      0      0      0      0   3201   1980      0      0 124651 124652      0      0      0      0     92     19 
# gpu    pwr  gtemp  mtemp     sm    mem    enc    dec    jpg    ofa   mclk   pclk  pviol  tviol     fb   bar1   ccpm  sbecc  dbecc    pci  rxpci  txpci 
# Idx      W      C      C      %      %      %      %      %      %    MHz    MHz      %   bool     MB     MB     MB   errs   errs   errs   MB/s   MB/s 
    0    405     48     49     81     40      0      0      0      0   3201   1980      0      0 124651 124652      0      0      0      0     86     17 
    0    407     48     47     82     41      0      0      0      0   3201   1980      0      0 124651 124652      0      0      0      0     76     16 
    0    406     48     46     82     41      0      0      0      0   3201   1980      0      0 124651 124652      0      0      0      0     86     17 
    0    412     48     48     82     41      0      0      0      0   3201   1980      0      0 124651 124652      0      0      0      0     93     17 
    0    408     48     46     83     42      0      0      0      0   3201   1980      0      0 124651 124652      0      0      0      0     75     15 
    0    401     48     49     83     43      0      0      0      0   3201   1980      0      0 124651 124652      0      0      0      0     54     14 
    0    419     48     48     82     44      0      0      0      0   3201   1980      0      0 124651 124652      0      0      0      0     53     14 
    0    418     48     49     82     40      0      0      0      0   3201   1980      0      0 124651 124652      0      0      0      0     76     15 
    0    408     48     49     82     40      0      0      0      0   3201   1980      0      0 124651 124652      0      0      0      0    109     17 
    0    422     48     49     81     42      0      0      0      0   3201   1980      0      0 124651 124652      0      0      0      0    100     17 
    0    418     48     49     83     41      0      0      0      0   3201   1980      0      0 124651 124652      0      0      0      0     95     16 
    0    405     48     46     83     42      0      0      0      0   3201   1980      0      0 124651 124652      0      0      0      0     86     15 
    0    406     48     47     82     41      0      0      0      0   3201   1980      0      0 124651 124652      0      0      0      0     95     17 
    0    414     48     47     82     41      0      0      0      0   3201   1980      0      0 124651 124652      0      0      0      0     93     17 
    0    405     48     47     83     42      0      0      0      0   3201   1980      0      0 124651 124652      0      0      0      0     75     15 
    0    402     48     49     82     41      0      0      0      0   3201   1980      0      0 124651 124652      0      0      0      0     75     16 
    0    411     49     47     82     40      0      0      0      0   3201   1980      0      0 124651 124652      0      0      0      0    103     17 
    0    410     49     48     83     41      0      0      0      0   3201   1980      0      0 124651 124652      0      0      0      0     86     17 
    0    410     49     49     82     41      0      0      0      0   3201   1980      0      0 124651 124652      0      0      0      0     70     15 
    0    405     49     49     82     41      0      0      0      0   3201   1980      0      0 124651 124652      0      0      0      0    101     18 
    0    412     49     47     82     41      0      0      0      0   3201   1980      0      0 124651 124652      0      0      0      0     95     17 
    0    414     49     49     83     45      0      0      0      0   3201   1980      0      0 124651 124652      0      0      0      0      0      0 
    0    155     44     42      0      0      0      0      0      0   3201   1980      0      0 124651 124652      0      0      0      0      0      0 
