# gpu    pwr  gtemp  mtemp     sm    mem    enc    dec    jpg    ofa   mclk   pclk  pviol  tviol     fb   bar1   ccpm  sbecc  dbecc    pci  rxpci  txpci 
# Idx      W      C      C      %      %      %      %      %      %    MHz    MHz      %   bool     MB     MB     MB   errs   errs   errs   MB/s   MB/s 
    0    137     41     39      0      0      0      0      0      0   3201   1980      0      0 124645 124646      0      0      0      0      0      0 
    0    137     41     39      0      0      0      0      0      0   3201   1980      0      0 124645 124646      0      0      0      0      0      0 
    0    136     41     39      0      0      0      0      0      0   3201   1980      0      0 124645 124646      0      0      0      0      0      0 
    0    136     41     38      0      0      0      0      0      0   3201   1980      0      0 124645 124646      0      0      0      0      0      0 
    0    136     41     39      0      0      0      0      0      0   3201   1980      0      0 124645 124646      0      0      0      0      0      0 
    0    136     41     38      0      0      0      0      0      0   3201   1980      0      0 124645 124646      0      0      0      0      0      0 
    0    136     41     38      0      0      0      0      0      0   3201   1980      0      0 124645 124646      0      0      0      0      0      1 
    0    136     41     39      0      0      0      0      0      0   3201   1980      0      0 124645 124646      0      0      0      0      0      0 
    0    136     41     38      0      0      0      0      0      0   3201   1980      0      0 124645 124646      0      0      0      0      0      1 
    0    136     41     38      0      0      0      0      0      0   3201   1980      0      0 124645 124646      0      0      0      0      0      0 
    0    136     41     38      0      0      0      0      0      0   3201   1980      0      0 124645 124646      0      0      0      0      0      1 
    0    136     41     38      0      0      0      0      0      0   3201   1980      0      0 124645 124646      0      0      0      0      0      0 
    0    136     41     38      0      0      0      0      0      0   3201   1980      0      0 124645 124646      0      0      0      0      0      1 
    0    137     41     38      0      0      0      0      0      0   3201   1980      0      0 124649 124650      0      0      0      0      0      0 
    0    136     41     38      0      0      0      0      0      0   3201   1980      0      0 124651 124652      0      0      0      0      0      1 
    0    313     45     45     82     39      0      0      0      0   3201   1980      0      0 124651 124652      0      0      0      0     56     14 
    0    247     41     39      0      0      0      0      0      0   3201   1980      0      0 124651 124652      0      0      0      0     49     14 
    0    238     42     40      0      0      0      0      0      0   3201   1980      0      0 124651 124652      0      0      0      0      0      0 
    0    257     45     43     83     41      0      0      0      0   3201   1980      0      0 124651 124652      0      0      0      0     51     15 
    0    335     46     46     83     43      0      0      0      0   3201   1980      0      0 124651 124652      0      0      0      0     49     14 
    0    354     44     43     17      9      0      0      0      0   3201   1980      0      0 124651 124652      0      0      0      0      0      0 
    0    264     46     44     83     40      0      0      0      0   3201   1980      0      0 124651 124652      0      0      0      0     74     15 
    0    315     47     47     83     44      0      0      0      0   3201   1980      0      0 124651 124652      0      0      0      0      0      0 
    0    282     44     43      0      0      0      0      0      0   3201   1980      0      0 124651 124652      0      0      0      0      0      0 
    0    275     43     42      0      0      0      0      0      0   3201   1980      0      0 124651 124652      0      0      0      0      0      0 
    0    138     42     40      0      0      0      0      0      0   3201   1980      0      0 124651 124652      0      0      0      0      0      0 
    0    312     45     42     83     44      0      0      0      0   3201   1980      0      0 124651 124652      0      0      0      0     49     13 
    0    341     44     42     14      7      0      0      0      0   3201   1980      0      0 124651 124652      0      0      0      0     58     14 
    0    393     47     45     83     41      0      0      0      0   3201   1980      0      0 124651 124652      0      0      0      0      0      0 
    0    162     43     41      0      0      0      0      0      0   3201   1980      0      0 124651 124652      0      0      0      0     51     13 
    0    402     47     46     83     41      0      0      0      0   3201   1980      0      0 124651 124652      0      0      0      0     58     13 
    0    352     48     45     83     41      0      0      0      0   3201   1980      0      0 124651 124652      0      0      0      0     49     13 
    0    404     48     49     83     44      0      0      0      0   3201   1980      0      0 124651 124652      0      0      0      0     63     14 
    0    416     49     48     83     44      0      0      0      0   3201   1980      0      0 124651 124652      0      0      0      0      0      0 
    0    163     46     44     56     29      0      0      0      0   3201   1980      0      0 124651 124652      0      0      0      0     49     13 
    0    388     48     48     84     41      0      0      0      0   3201   1980      0      0 124651 124652      0      0      0      0     59     14 
    0    377     48     46     84     41      0      0      0      0   3201   1980      0      0 124651 124652      0      0      0      0     42      0 
    0    386     49     49     83     40      0      0      0      0   3201   1980      0      0 124651 124652      0      0      0      0     76     15 
    0    398     49     46     83     41      0      0      0      0   3201   1980      0      0 124651 124652      0      0      0      0     59     14 
    0    254     44     43      0      0      0      0      0      0   3201   1980      0      0 124651 124652      0      0      0      0      0      0 
    0    139     44     42      0      0      0      0      0      0   3201   1980      0      0 124651 124652      0      0      0      0     44     13 
    0    381     49     48     83     42      0      0      0      0   3201   1980      0      0 124651 124652      0      0      0      0     57     14 
    0    393     49     47     84     41      0      0      0      0   3201   1980      0      0 124651 124652      0      0      0      0     58     13 
    0    402     49     50     83     44      0      0      0      0   3201   1980      0      0 124651 124652      0      0      0      0      0      0 
# gpu    pwr  gtemp  mtemp     sm    mem    enc    dec    jpg    ofa   mclk   pclk  pviol  tviol     fb   bar1   ccpm  sbecc  dbecc    pci  rxpci  txpci 
# Idx      W      C      C      %      %      %      %      %      %    MHz    MHz      %   bool     MB     MB     MB   errs   errs   errs   MB/s   MB/s 
    0    287     46     43     49     26      0      0      0      0   3201   1980      0      0 124651 124652      0      0      0      0      0      0 
    0    287     45     43     31     16      0      0      0      0   3201   1980      0      0 124651 124652      0      0      0      0      0      0 
    0    139     44     42      0      0      0      0      0      0   3201   1980      0      0 124651 124652      0      0      0      0      0      2 
    0    365     46     44     36     19      0      0      0      0   3201   1980      0      0 124651 124652      0      0      0      0      0      1 
    0    139     44     42      0      0      0      0      0      0   3201   1980      0      0 124651 124652      0      0      0      0      0      0 
    0    358     49     49     83     44      0      0      0      0   3201   1980      0      0 124651 124652      0      0      0      0     52     15 
    0    355     49     48     83     39      0      0      0      0   3201   1980      0      0 124651 124652      0      0      0      0     76     15 
    0    381     49     48     83     43      0      0      0      0   3201   1980      0      0 124651 124652      0      0      0      0     49     15 
    0    399     49     50     84     40      0      0      0      0   3201   1980      0      0 124651 124652      0      0      0      0     58     14 
    0    331     46     43      0      0      0      0      0      0   3201   1980      0      0 124651 124652      0      0      0      0      0      1 
    0    283     49     48     84     41      0      0      0      0   3201   1980      0      0 124651 124652      0      0      0      0     51     13 
    0    365     49     49     53     28      0      0      0      0   3201   1980      0      0 124651 124652      0      0      0      0     68     15 
    0    393     49     47     83     41      0      0      0      0   3201   1980      0      0 124651 124652      0      0      0      0     58     14 
    0    298     48     47     83     41      0      0      0      0   3201   1980      0      0 124651 124652      0      0      0      0     52     15 
    0    367     49     48     83     44      0      0      0      0   3201   1980      0      0 124651 124652      0      0      0      0     50     13 
    0    216     45     43      0      0      0      0      0      0   3201   1980      0      0 124651 124652      0      0      0      0      0      0 
    0    321     49     50     83     42      0      0      0      0   3201   1980      0      0 124651 124652      0      0      0      0     50     13 
    0    412     50     48     83     41      0      0      0      0   3201   1980      0      0 124651 124652      0      0      0      0     58     14 
    0    230     45     43      0      0      0      0      0      0   3201   1980      0      0 124651 124652      0      0      0      0      0      0 
    0    315     49     49     83     44      0      0      0      0   3201   1980      0      0 124651 124652      0      0      0      0     50     14 
    0    299     49     47     83     44      0      0      0      0   3201   1980      0      0 124651 124652      0      0      0      0      0      0 
    0    328     46     44     42     22      0      0      0      0   3201   1980      0      0 124651 124652      0      0      0      0      0      0 
    0    346     47     45     83     44      0      0      0      0   3201   1980      0      0 124651 124652      0      0      0      0      0      0 
    0    309     50     50     83     43      0      0      0      0   3201   1980      0      0 124651 124652      0      0      0      0     51     13 
    0    258     48     45     46     24      0      0      0      0   3201   1980      0      0 124651 124652      0      0      0      0     51     13 
    0    366     47     45     83     44      0      0      0      0   3201   1980      0      0 124651 124652      0      0      0      0     55     13 
    0    378     48     46     83     44      0      0      0      0   3201   1980      0      0 124651 124652      0      0      0      0      0      0 
    0    169     48     46     51     27      0      0      0      0   3201   1980      0      0 124651 124652      0      0      0      0     49     13 
    0    404     50     47     84     42      0      0      0      0   3201   1980      0      0 124651 124652      0      0      0      0     53     13 
    0    405     50     49     78     41      0      0      0      0   3201   1980      0      0 124651 124652      0      0      0      0     58     14 
    0    404     50     49     83     40      0      0      0      0   3201   1980      0      0 124651 124652      0      0      0      0     62     15 
    0    407     51     51     84     44      0      0      0      0   3201   1980      0      0 124651 124652      0      0      0      0     51     13 
    0    404     51     50     83     44      0      0      0      0   3201   1980      0      0 124651 124652      0      0      0      0     50     13 
    0    402     51     52     83     44      0      0      0      0   3201   1980      0      0 124651 124652      0      0      0      0      0      0 
    0    240     50     50     83     44      0      0      0      0   3201   1980      0      0 124651 124652      0      0      0      0     58     14 
    0    297     46     43      0      0      0      0      0      0   3201   1980      0      0 124651 124652      0      0      0      0      0      0 
    0    276     46     44      0      0      0      0      0      0   3201   1980      0      0 124651 124652      0      0      0      0     51     13 
    0    378     50     48     82     41      0      0      0      0   3201   1980      0      0 124651 124652      0      0      0      0     59     14 
    0    210     49     48      0      0      0      0      0      0   3201   1980      0      0 124651 124652      0      0      0      0     49     14 
    0    360     48     46     46     24      0      0      0      0   3201   1980      0      0 124651 124652      0      0      0      0      0      0 
    0    141     45     43      0      0      0      0      0      0   3201   1980      0      0 124651 124652      0      0      0      0      0      1 
    0    140     45     42      0      0      0      0      0      0   3201   1980      0      0 124651 124652      0      0      0      0      0      0 
    0    206     48     47     83     42      0      0      0      0   3201   1980      0      0 124651 124652      0      0      0      0     58     15 
    0    270     48     48     84     42      0      0      0      0   3201   1980      0      0 124651 124652      0      0      0      0     59     14 
# gpu    pwr  gtemp  mtemp     sm    mem    enc    dec    jpg    ofa   mclk   pclk  pviol  tviol     fb   bar1   ccpm  sbecc  dbecc    pci  rxpci  txpci 
# Idx      W      C      C      %      %      %      %      %      %    MHz    MHz      %   bool     MB     MB     MB   errs   errs   errs   MB/s   MB/s 
    0    380     47     46     62     32      0      0      0      0   3201   1980      0      0 124651 124652      0      0      0      0      0      1 
    0    276     46     43      0      0      0      0      0      0   3201   1980      0      0 124651 124652      0      0      0      0      0      0 
    0    386     50     48     81     40      0      0      0      0   3201   1980      0      0 124651 124652      0      0      0      0     59     15 
    0    390     50     51     84     44      0      0      0      0   3201   1980      0      0 124651 124652      0      0      0      0     49     13 
    0    323     47     44      0      0      0      0      0      0   3201   1980      0      0 124651 124652      0      0      0      0      0      1 
    0    276     46     43      0      0      0      0      0      0   3201   1980      0      0 124651 124652      0      0      0      0      0      0 
    0    140     45     43      0      0      0      0      0      0   3201   1980      0      0 124651 124652      0      0      0      0     10     14 
    0    284     47     44      0      0      0      0      0      0   3201   1980      0      0 124651 124652      0      0      0      0     58     14 
    0    371     49     48     75     39      0      0      0      0   3201   1980      0      0 124651 124652      0      0      0      0     59     14 
    0    382     50     47     83     40      0      0      0      0   3201   1980      0      0 124651 124652      0      0      0      0      0      0 
    0    353     50     51     84     41      0      0      0      0   3201   1980      0      0 124651 124652      0      0      0      0      5      0 
    0    195     48     47      0      0      0      0      0      0   3201   1980      0      0 124651 124652      0      0      0      0     53     13 
    0    373     50     47     83     40      0      0      0      0   3201   1980      0      0 124651 124652      0      0      0      0     49     13 
    0    403     50     49     84     42      0      0      0      0   3201   1980      0      0 124651 124652      0      0      0      0      0      0 
    0    185     48     47     10      5      0      0      0      0   3201   1980      0      0 124651 124652      0      0      0      0     49     14 
    0    412     50     50     83     42      0      0      0      0   3201   1980      0      0 124651 124652      0      0      0      0     51     13 
    0    373     50     49     83     43      0      0      0      0   3201   1980      0      0 124651 124652      0      0      0      0     59     14 
    0    386     48     47     82     43      0      0      0      0   3201   1980      0      0 124651 124652      0      0      0      0      0      0 
    0    203     49     47     71     37      0      0      0      0   3201   1980      0      0 124651 124652      0      0      0      0     52     13 
    0    362     49     48     83     42      0      0      0      0   3201   1980      0      0 124651 124652      0      0      0      0     75     15 
    0    359     47     44      0      0      0      0      0      0   3201   1980      0      0 124651 124652      0      0      0      0      0      0 
    0    140     45     43      0      0      0      0      0      0   3201   1980      0      0 124651 124652      0      0      0      0      0      0 
    0    139     44     42      0      0      0      0      0      0   3201   1980      0      0 124651 124652      0      0      0      0      0      0 
    0    139     44     42      0      0      0      0      0      0   3201   1980      0      0 124651 124652      0      0      0      0      0      0 
    0    139     44     41      0      0      0      0      0      0   3201   1980      0      0 124651 124652      0      0      0      0      0      0 
    0    138     43     41      0      0      0      0      0      0   3201   1980      0      0 124651 124652      0      0      0      0      0      0 
    0    138     43     41      0      0      0      0      0      0   3201   1980      0      0 124651 124652      0      0      0      0      0      0 
