# gpu    pwr  gtemp  mtemp     sm    mem    enc    dec    jpg    ofa   mclk   pclk  pviol  tviol     fb   bar1   ccpm  sbecc  dbecc    pci  rxpci  txpci 
# Idx      W      C      C      %      %      %      %      %      %    MHz    MHz      %   bool     MB     MB     MB   errs   errs   errs   MB/s   MB/s 
    0    132     36     35      0      0      0      0      0      0   3201   1980      0      0 124645 124646      0      0      0      0      0      0 
    0    133     36     35      0      0      0      0      0      0   3201   1980      0      0 124645 124646      0      0      0      0      0      0 
    0    132     36     35      0      0      0      0      0      0   3201   1980      0      0 124645 124646      0      0      0      0      0      0 
    0    132     36     34      0      0      0      0      0      0   3201   1980      0      0 124645 124646      0      0      0      0      0      0 
    0    132     36     34      0      0      0      0      0      0   3201   1980      0      0 124645 124646      0      0      0      0      0      0 
    0    132     36     34      0      0      0      0      0      0   3201   1980      0      0 124645 124646      0      0      0      0      0      0 
    0    132     36     34      0      0      0      0      0      0   3201   1980      0      0 124645 124646      0      0      0      0      0      0 
    0    132     36     34      0      0      0      0      0      0   3201   1980      0      0 124645 124646      0      0      0      0      0      0 
    0    132     36     34      0      0      0      0      0      0   3201   1980      0      0 124645 124646      0      0      0      0      0      0 
    0    132     36     33      0      0      0      0      0      0   3201   1980      0      0 124645 124646      0      0      0      0      0      0 
    0    132     36     34      0      0      0      0      0      0   3201   1980      0      0 124645 124646      0      0      0      0      0      0 
    0    131     35     34      0      0      0      0      0      0   3201   1980      0      0 124645 124646      0      0      0      0      0      0 
    0    131     35     34      0      0      0      0      0      0   3201   1980      0      0 124651 124652      0      0      0      0     50     14 
    0    400     41     42     83     40      0      0      0      0   3201   1980      0      0 124651 124652      0      0      0      0     61     15 
    0    397     41     40     82     40      0      0      0      0   3201   1980      0      0 124651 124652      0      0      0      0     81     17 
    0    398     41     41     83     41      0      0      0      0   3201   1980      0      0 124651 124652      0      0      0      0     49     13 
    0    413     42     41     81     37      0      0      0      0   3201   1980      0      0 124651 124652      0      0      0      0     67     18 
    0    413     43     43     81     37      0      0      0      0   3201   1980      0      0 124651 124652      0      0      0      0     92     16 
    0    407     43     42     82     38      0      0      0      0   3201   1980      0      0 124651 124652      0      0      0      0    127     17 
    0    420     44     43     84     43      0      0      0      0   3201   1980      0      0 124651 124652      0      0      0      0     88     18 
    0    432     46     42     82     41      0      0      0      0   3201   1980      0      0 124651 124652      0      0      0      0     68     16 
    0    394     43     41     82     40      0      0      0      0   3201   1980      0      0 124651 124652      0      0      0      0     59     14 
    0    428     45     42     82     41      0      0      0      0   3201   1980      0      0 124651 124652      0      0      0      0     83     17 
    0    424     46     44     82     41      0      0      0      0   3201   1980      0      0 124651 124652      0      0      0      0    102     17 
    0    413     44     46     82     39      0      0      0      0   3201   1980      0      0 124651 124652      0      0      0      0    107     17 
    0    409     44     43     81     37      0      0      0      0   3201   1980      0      0 124651 124652      0      0      0      0     64     15 
    0    406     44     44     82     39      0      0      0      0   3201   1980      0      0 124651 124652      0      0      0      0     67     15 
    0    409     45     44     82     39      0      0      0      0   3201   1980      0      0 124651 124652      0      0      0      0    103     17 
    0    424     45     42     81     39      0      0      0      0   3201   1980      0      0 124651 124652      0      0      0      0     75     16 
    0    409     44     45     83     41      0      0      0      0   3201   1980      0      0 124651 124652      0      0      0      0     75     15 
    0    397     45     45     84     43      0      0      0      0   3201   1980      0      0 124651 124652      0      0      0      0      0      0 
    0    345     45     45     83     40      0      0      0      0   3201   1980      0      0 124651 124652      0      0      0      0     84     17 
    0    417     45     43     83     39      0      0      0      0   3201   1980      0      0 124651 124652      0      0      0      0     68     15 
    0    419     47     45     81     36      0      0      0      0   3201   1980      0      0 124651 124652      0      0      0      0     90     16 
    0    414     45     43     82     39      0      0      0      0   3201   1980      0      0 124651 124652      0      0      0      0     90     19 
    0    414     46     45     80     36      0      0      0      0   3201   1980      0      0 124651 124652      0      0      0      0     89     18 
    0    411     45     46     82     40      0      0      0      0   3201   1980      0      0 124651 124652      0      0      0      0     76     17 
    0    187     40     39      0      0      0      0      0      0   3201   1980      0      0 124651 124652      0      0      0      0      0      0 
