# gpu    pwr  gtemp  mtemp     sm    mem    enc    dec    jpg    ofa   mclk   pclk  pviol  tviol     fb   bar1   ccpm  sbecc  dbecc    pci  rxpci  txpci 
# Idx      W      C      C      %      %      %      %      %      %    MHz    MHz      %   bool     MB     MB     MB   errs   errs   errs   MB/s   MB/s 
    0    138     37     36      0      0      0      0      0      0   3201   1980      0      0 124645 124646      0      0      0      0      0      1 
    0    133     37     35      0      0      0      0      0      0   3201   1980      0      0 124645 124646      0      0      0      0      0      0 
    0    133     37     35      0      0      0      0      0      0   3201   1980      0      0 124645 124646      0      0      0      0      0      1 
    0    132     37     35      0      0      0      0      0      0   3201   1980      0      0 124645 124646      0      0      0      0      0      0 
    0    132     37     35      0      0      0      0      0      0   3201   1980      0      0 124645 124646      0      0      0      0      0      1 
    0    132     37     35      0      0      0      0      0      0   3201   1980      0      0 124645 124646      0      0      0      0      0      0 
    0    132     37     35      0      0      0      0      0      0   3201   1980      0      0 124645 124646      0      0      0      0      0      1 
    0    132     36     34      0      0      0      0      0      0   3201   1980      0      0 124645 124646      0      0      0      0      0      0 
    0    132     36     34      0      0      0      0      0      0   3201   1980      0      0 124645 124646      0      0      0      0      0      0 
    0    132     36     34      0      0      0      0      0      0   3201   1980      0      0 124645 124646      0      0      0      0      0      0 
    0    132     36     34      0      0      0      0      0      0   3201   1980      0      0 124645 124646      0      0      0      0      0      0 
    0    132     36     34      0      0      0      0      0      0   3201   1980      0      0 124645 124646      0      0      0      0      0      0 
    0    132     36     34      0      0      0      0      0      0   3201   1980      0      0 124645 124646      0      0      0      0      0      0 
    0    336     43     41     81     41      0      0      0      0   3201   1980      0      0 124651 124652      0      0      0      0     89     18 
    0    422     44     42     82     39      0      0      0      0   3201   1980      0      0 124651 124652      0      0      0      0     81     16 
    0    434     43     43     81     39      0      0      0      0   3201   1980      0      0 124651 124652      0      0      0      0    127     19 
    0    461     47     43     69     30      0      0      0      0   3201   1980      0      0 124651 124652      0      0      0      0    138     22 
    0    447     47     43     79     34      0      0      0      0   3201   1980      0      0 124651 124652      0      0      0      0    140     23 
    0    467     45     43     81     44      0      0      0      0   3201   1980      0      0 124651 124652      0      0      0      0    100     20 
    0    440     45     43     83     42      0      0      0      0   3201   1980      0      0 124651 124652      0      0      0      0    100     18 
    0    448     46     44     78     35      0      0      0      0   3201   1980      0      0 124651 124652      0      0      0      0    175     20 
    0    446     46     43     82     42      0      0      0      0   3201   1980      0      0 124651 124652      0      0      0      0     94     17 
    0    431     46     43     79     38      0      0      0      0   3201   1980      0      0 124651 124652      0      0      0      0    132     19 
    0    447     46     43     80     43      0      0      0      0   3201   1980      0      0 124651 124652      0      0      0      0    121     21 
    0    459     46     46     81     40      0      0      0      0   3201   1980      0      0 124651 124652      0      0      0      0    141     20 
