# gpu    pwr  gtemp  mtemp     sm    mem    enc    dec    jpg    ofa   mclk   pclk  pviol  tviol     fb   bar1   ccpm  sbecc  dbecc    pci  rxpci  txpci 
# Idx      W      C      C      %      %      %      %      %      %    MHz    MHz      %   bool     MB     MB     MB   errs   errs   errs   MB/s   MB/s 
    0    147     43     40     26     12      0      0      0      0   3201   1980      0      0 130211 130212      0      0      0      0      0      0 
    0    136     41     38      0      0      0      0      0      0   3201   1980      0      0 130211 130212      0      0      0      0      0      0 
    0    132     41     38      0      0      0      0      0      0   3201   1980      0      0 130211 130212      0      0      0      0      0      0 
    0    132     41     37      0      0      0      0      0      0   3201   1980      0      0 130211 130212      0      0      0      0      0      1 
    0    132     40     37      0      0      0      0      0      0   3201   1980      0      0 130211 130212      0      0      0      0      1      0 
    0    132     40     37      0      0      0      0      0      0   3201   1980      0      0 130211 130212      0      0      0      0      0      1 
    0    132     40     37      0      0      0      0      0      0   3201   1980      0      0 130211 130212      0      0      0      0      0      0 
    0    132     40     37      0      0      0      0      0      0   3201   1980      0      0 130211 130212      0      0      0      0      0      1 
    0    132     40     37      0      0      0      0      0      0   3201   1980      0      0 130211 130212      0      0      0      0      0      0 
    0    132     40     37      0      0      0      0      0      0   3201   1980      0      0 130211 130212      0      0      0      0      0      1 
    0    132     40     37      0      0      0      0      0      0   3201   1980      0      0 130211 130212      0      0      0      0      0      0 
    0    132     40     37      0      0      0      0      0      0   3201   1980      0      0 130211 130212      0      0      0      0      0      0 
    0    132     40     37      0      0      0      0      0      0   3201   1980      0      0 130211 130212      0      0      0      0      0      0 
    0    166     41     40     54     22      0      0      0      0   3201   1980      0      0 130213 130214      0      0      0      0      0      0 
    0    205     43     41     72     30      0      0      0      0   3201   1980      0      0 130213 130214      0      0      0      0      0      0 
    0    224     43     39      0      0      0      0      0      0   3201   1980      0      0 130213 130214      0      0      0      0     40      0 
    0    176     41     38      0      0      0      0      0      0   3201   1980      0      0 130213 130214      0      0      0      0      0      0 
    0    160     41     38      0      0      0      0      0      0   3201   1980      0      0 130213 130214      0      0      0      0      0      0 
    0    146     43     38      6      2      0      0      0      0   3201   1980      0      0 130213 130214      0      0      0      0      0      0 
    0    180     43     40      0      0      0      0      0      0   3201   1980      0      0 130213 130214      0      0      0      0    131     18 
    0    213     42     39     72     30      0      0      0      0   3201   1980      0      0 130213 130214      0      0      0      0      0      0 
    0    152     43     38     31     12      0      0      0      0   3201   1980      0      0 130213 130214      0      0      0      0    150     24 
    0    200     43     39     30     12      0      0      0      0   3201   1980      0      0 130213 130214      0      0      0      0      0      0 
    0    176     41     39     35     15      0      0      0      0   3201   1980      0      0 130213 130214      0      0      0      0      0      0 
    0    171     41     39     39     17      0      0      0      0   3201   1980      0      0 130213 130214      0      0      0      0      0      0 
    0    133     41     38      0      0      0      0      0      0   3201   1980      0      0 130213 130214      0      0      0      0      0      5 
    0    163     41     38      0      0      0      0      0      0   3201   1980      0      0 130213 130214      0      0      0      0      0      0 
    0    205     41     39      0      0      0      0      0      0   3201   1980      0      0 130213 130214      0      0      0      0      0      0 
    0    228     45     42      4      1      0      0      0      0   3201   1980      0      0 130213 130214      0      0      0      0    130     21 
    0    143     41     38      0      0      0      0      0      0   3201   1980      0      0 130213 130214      0      0      0      0      2      0 
    0    220     44     40     39     16      0      0      0      0   3201   1980      0      0 130213 130214      0      0      0      0     71     22 
    0    208     42     41     71     29      0      0      0      0   3201   1980      0      0 130213 130214      0      0      0      0      0     16 
    0    222     42     39      0      0      0      0      0      0   3201   1980      0      0 130213 130214      0      0      0      0    117     26 
    0    203     43     42     69     28      0      0      0      0   3201   1980      0      0 130213 130214      0      0      0      0      0      0 
    0    133     41     38      0      0      0      0      0      0   3201   1980      0      0 130213 130214      0      0      0      0      0      1 
    0    209     43     42     42     17      0      0      0      0   3201   1980      0      0 130213 130214      0      0      0      0    123     21 
    0    220     46     41      0      0      0      0      0      0   3201   1980      0      0 130213 130214      0      0      0      0    124     22 
    0    174     46     39      0      0      0      0      0      0   3201   1980      0      0 130213 130214      0      0      0      0    123     21 
    0    285     42     40      0      0      0      0      0      0   3201   1980      0      0 130213 130214      0      0      0      0    112     24 
    0    194     42     39      0      0      0      0      0      0   3201   1980      0      0 130213 130214      0      0      0      0      0      0 
    0    133     41     38      0      0      0      0      0      0   3201   1980      0      0 130213 130214      0      0      0      0      0      1 
    0    229     42     39      0      0      0      0      0      0   3201   1980      0      0 130213 130214      0      0      0      0      0      0 
    0    279     46     43     80     28      0      0      0      0   3201   1980      0      0 130213 130214      0      0      0      0    127      2 
    0    235     43     41     50     20      0      0      0      0   3201   1980      0      0 130213 130214      0      0      0      0      0      0 
# gpu    pwr  gtemp  mtemp     sm    mem    enc    dec    jpg    ofa   mclk   pclk  pviol  tviol     fb   bar1   ccpm  sbecc  dbecc    pci  rxpci  txpci 
# Idx      W      C      C      %      %      %      %      %      %    MHz    MHz      %   bool     MB     MB     MB   errs   errs   errs   MB/s   MB/s 
    0    199     44     43     69     29      0      0      0      0   3201   1980      0      0 130213 130214      0      0      0      0      0      1 
    0    176     42     39      0      0      0      0      0      0   3201   1980      0      0 130213 130214      0      0      0      0      0      0 
    0    133     41     39      0      0      0      0      0      0   3201   1980      0      0 130213 130214      0      0      0      0      0      0 
    0    207     43     42     72     31      0      0      0      0   3201   1980      0      0 130213 130214      0      0      0      0      0      0 
    0    133     41     38      0      0      0      0      0      0   3201   1980      0      0 130213 130214      0      0      0      0      0      0 
    0    157     41     39      0      0      0      0      0      0   3201   1980      0      0 130213 130214      0      0      0      0    129     21 
    0    252     46     42     80     29      0      0      0      0   3201   1980      0      0 130213 130214      0      0      0      0    124     21 
    0    289     43     41      0      0      0      0      0      0   3201   1980      0      0 130213 130214      0      0      0      0      0      0 
    0    219     43     41     75     30      0      0      0      0   3201   1980      0      0 130213 130214      0      0      0      0      0      0 
    0    213     42     40      0      0      0      0      0      0   3201   1980      0      0 130213 130214      0      0      0      0      0      0 
    0    159     44     41     69     28      0      0      0      0   3201   1980      0      0 130213 130214      0      0      0      0    112     25 
    0    230     43     41      4      2      0      0      0      0   3201   1980      0      0 130213 130214      0      0      0      0      0      0 
    0    252     47     40      0      0      0      0      0      0   3201   1980      0      0 130213 130214      0      0      0      0    120     25 
    0    190     44     42      0      0      0      0      0      0   3201   1980      0      0 130213 130214      0      0      0      0      0      0 
    0    191     42     40      0      0      0      0      0      0   3201   1980      0      0 130213 130214      0      0      0      0      0      0 
    0    173     42     39      0      0      0      0      0      0   3201   1980      0      0 130213 130214      0      0      0      0      0      0 
    0    188     45     42     71     30      0      0      0      0   3201   1980      0      0 130213 130214      0      0      0      0      0      0 
    0    209     42     42     67     27      0      0      0      0   3201   1980      0      0 130213 130214      0      0      0      0      0      0 
    0    183     42     39      0      0      0      0      0      0   3201   1980      0      0 130213 130214      0      0      0      0      0      0 
    0    164     42     40     51     22      0      0      0      0   3201   1980      0      0 130213 130214      0      0      0      0    132     22 
    0    180     44     39      0      0      0      0      0      0   3201   1980      0      0 130213 130214      0      0      0      0      0      0 
    0    197     42     40     51     21      0      0      0      0   3201   1980      0      0 130213 130214      0      0      0      0      0      0 
    0    204     43     42     44     18      0      0      0      0   3201   1980      0      0 130213 130214      0      0      0      0      0      0 
    0    160     42     41     51     21      0      0      0      0   3201   1980      0      0 130213 130214      0      0      0      0      3      1 
    0    165     41     38      0      0      0      0      0      0   3201   1980      0      0 130213 130214      0      0      0      0      0      0 
    0    205     44     41     20      7      0      0      0      0   3201   1980      0      0 130213 130214      0      0      0      0      0      1 
    0    205     43     42     72     30      0      0      0      0   3201   1980      0      0 130213 130214      0      0      0      0      0      0 
    0    133     41     38      0      0      0      0      0      0   3201   1980      0      0 130213 130214      0      0      0      0      0      1 
    0    188     42     40     73     30      0      0      0      0   3201   1980      0      0 130213 130214      0      0      0      0    111     23 
    0    238     43     40     71     30      0      0      0      0   3201   1980      0      0 130213 130214      0      0      0      0      0      1 
    0    252     45     42     72     30      0      0      0      0   3201   1980      0      0 130213 130214      0      0      0      0      0      0 
    0    255     43     41     21      9      0      0      0      0   3201   1980      0      0 130213 130214      0      0      0      0      0      1 
    0    188     42     39      0      0      0      0      0      0   3201   1980      0      0 130213 130214      0      0      0      0      0      0 
    0    218     45     40     37     15      0      0      0      0   3201   1980      0      0 130213 130214      0      0      0      0      0      0 
    0    149     46     39      0      0      0      0      0      0   3201   1980      0      0 130213 130214      0      0      0      0    108     24 
    0    222     42     39      0      0      0      0      0      0   3201   1980      0      0 130213 130214      0      0      0      0      0      0 
    0    159     42     39      0      0      0      0      0      0   3201   1980      0      0 130213 130214      0      0      0      0      2      0 
    0    190     46     39      0      0      0      0      0      0   3201   1980      0      0 130213 130214      0      0      0      0    112     24 
    0    168     41     39      0      0      0      0      0      0   3201   1980      0      0 130213 130214      0      0      0      0      0      0 
    0    201     44     41     71     30      0      0      0      0   3201   1980      0      0 130213 130214      0      0      0      0      0      0 
    0    138     41     38      0      0      0      0      0      0   3201   1980      0      0 130213 130214      0      0      0      0      0      0 
    0    133     41     38      0      0      0      0      0      0   3201   1980      0      0 130213 130214      0      0      0      0      0      0 
    0    133     41     38      0      0      0      0      0      0   3201   1980      0      0 130213 130214      0      0      0      0      0      0 
    0    197     41     38      0      0      0      0      0      0   3201   1980      0      0 130213 130214      0      0      0      0      0      0 
# gpu    pwr  gtemp  mtemp     sm    mem    enc    dec    jpg    ofa   mclk   pclk  pviol  tviol     fb   bar1   ccpm  sbecc  dbecc    pci  rxpci  txpci 
# Idx      W      C      C      %      %      %      %      %      %    MHz    MHz      %   bool     MB     MB     MB   errs   errs   errs   MB/s   MB/s 
    0    243     45     41     73     31      0      0      0      0   3201   1980      0      0 130213 130214      0      0      0      0      0      0 
    0    166     42     39     65     27      0      0      0      0   3201   1980      0      0 130213 130214      0      0      0      0      0      0 
    0    184     44     40      0      0      0      0      0      0   3201   1980      0      0 130213 130214      0      0      0      0      0      0 
    0    199     42     40     22      9      0      0      0      0   3201   1980      0      0 130213 130214      0      0      0      0     89     22 
    0    202     42     40      1      0      0      0      0      0   3201   1980      0      0 130213 130214      0      0      0      0      0      0 
    0    175     42     40     57     24      0      0      0      0   3201   1980      0      0 130213 130214      0      0      0      0      0      0 
    0    133     41     38      0      0      0      0      0      0   3201   1980      0      0 130213 130214      0      0      0      0      0      1 
    0    160     41     38      0      0      0      0      0      0   3201   1980      0      0 130213 130214      0      0      0      0      0      0 
    0    208     42     40      0      0      0      0      0      0   3201   1980      0      0 130213 130214      0      0      0      0      0      1 
    0    259     44     42     64     23      0      0      0      0   3201   1980      0      0 130213 130214      0      0      0      0      0      0 
    0    197     45     41     73     30      0      0      0      0   3201   1980      0      0 130213 130214      0      0      0      0      0      1 
    0    133     41     38      0      0      0      0      0      0   3201   1980      0      0 130213 130214      0      0      0      0      0      0 
    0    206     45     41     77     29      0      0      0      0   3201   1980      0      0 130213 130214      0      0      0      0      0      1 
    0    212     44     40     70     29      0      0      0      0   3201   1980      0      0 130213 130214      0      0      0      0     87      0 
    0    144     41     39      0      0      0      0      0      0   3201   1980      0      0 130213 130214      0      0      0      0      0      1 
    0    214     42     40     12      5      0      0      0      0   3201   1980      0      0 130213 130214      0      0      0      0     89     21 
    0    214     42     40      0      0      0      0      0      0   3201   1980      0      0 130213 130214      0      0      0      0      0      1 
    0    272     43     42     75     31      0      0      0      0   3201   1980      0      0 130213 130214      0      0      0      0      0      0 
    0    133     41     39      0      0      0      0      0      0   3201   1980      0      0 130213 130214      0      0      0      0      0      0 
    0    212     44     42     71     30      0      0      0      0   3201   1980      0      0 130213 130214      0      0      0      0      0      0 
    0    255     43     40      0      0      0      0      0      0   3201   1980      0      0 130213 130214      0      0      0      0      0      0 
