# gpu    pwr  gtemp  mtemp     sm    mem    enc    dec    jpg    ofa   mclk   pclk  pviol  tviol     fb   bar1   ccpm  sbecc  dbecc    pci  rxpci  txpci 
# Idx      W      C      C      %      %      %      %      %      %    MHz    MHz      %   bool     MB     MB     MB   errs   errs   errs   MB/s   MB/s 
    0    140     41     38      4      2      0      0      0      0   3201   1980      0      0 130211 130212      0      0      0      0      2      1 
    0    133     41     38      0      0      0      0      0      0   3201   1980      0      0 130211 130212      0      0      0      0      0      0 
    0    132     41     37      0      0      0      0      0      0   3201   1980      0      0 130211 130212      0      0      0      0      0      1 
    0    132     40     37      0      0      0      0      0      0   3201   1980      0      0 130211 130212      0      0      0      0      0      0 
    0    132     40     37      0      0      0      0      0      0   3201   1980      0      0 130211 130212      0      0      0      0      0      1 
    0    132     40     37      0      0      0      0      0      0   3201   1980      0      0 130211 130212      0      0      0      0      0      0 
    0    132     40     37      0      0      0      0      0      0   3201   1980      0      0 130211 130212      0      0      0      0      0      1 
    0    132     40     37      0      0      0      0      0      0   3201   1980      0      0 130211 130212      0      0      0      0      0      0 
    0    132     40     37      0      0      0      0      0      0   3201   1980      0      0 130211 130212      0      0      0      0      0      1 
    0    132     40     37      0      0      0      0      0      0   3201   1980      0      0 130211 130212      0      0      0      0      0      0 
    0    132     40     37      0      0      0      0      0      0   3201   1980      0      0 130211 130212      0      0      0      0      0      0 
    0    132     40     37      0      0      0      0      0      0   3201   1980      0      0 130211 130212      0      0      0      0      0      0 
    0    132     40     37      0      0      0      0      0      0   3201   1980      0      0 130211 130212      0      0      0      0      0      0 
    0    222     43     40     56     23      0      0      0      0   3201   1980      0      0 130215 130216      0      0      0      0    110     24 
    0    260     44     42     71     30      0      0      0      0   3201   1980      0      0 130215 130216      0      0      0      0    127     23 
    0    236     43     42     12      5      0      0      0      0   3201   1980      0      0 130215 130216      0      0      0      0      0      0 
    0    173     43     41     72     30      0      0      0      0   3201   1980      0      0 130215 130216      0      0      0      0      0      0 
    0    133     41     38      0      0      0      0      0      0   3201   1980      0      0 130215 130216      0      0      0      0      0      0 
    0    216     44     41     29     12      0      0      0      0   3201   1980      0      0 130215 130216      0      0      0      0      0      0 
    0    250     44     43     73     30      0      0      0      0   3201   1980      0      0 130215 130216      0      0      0      0      0      0 
    0    171     41     39      0      0      0      0      0      0   3201   1980      0      0 130215 130216      0      0      0      0      0      0 
    0    225     43     43     48     20      0      0      0      0   3201   1980      0      0 130215 130216      0      0      0      0      0      0 
    0    194     42     39      0      0      0      0      0      0   3201   1980      0      0 130215 130216      0      0      0      0    112     24 
    0    185     41     39      0      0      0      0      0      0   3201   1980      0      0 130215 130216      0      0      0      0    130     22 
    0    171     41     38      0      0      0      0      0      0   3201   1980      0      0 130215 130216      0      0      0      0      4      0 
    0    148     42     38      0      0      0      0      0      0   3201   1980      0      0 130215 130216      0      0      0      0     97     18 
    0    225     42     42     36     15      0      0      0      0   3201   1980      0      0 130215 130216      0      0      0      0    124     21 
    0    264     44     42     74     31      0      0      0      0   3201   1980      0      0 130215 130216      0      0      0      0    130     22 
    0    241     42     40      0      0      0      0      0      0   3201   1980      0      0 130215 130216      0      0      0      0      0      0 
    0    175     44     41     71     30      0      0      0      0   3201   1980      0      0 130215 130216      0      0      0      0      0     16 
    0    280     44     42     11      5      0      0      0      0   3201   1980      0      0 130215 130216      0      0      0      0      0      0 
    0    231     42     41     41     16      0      0      0      0   3201   1980      0      0 130215 130216      0      0      0      0    119     24 
    0    275     45     43     62     26      0      0      0      0   3201   1980      0      0 130215 130216      0      0      0      0    103      0 
    0    199     42     40      0      0      0      0      0      0   3201   1980      0      0 130215 130216      0      0      0      0      0      0 
    0    171     43     42      0      0      0      0      0      0   3201   1980      0      0 130215 130216      0      0      0      0      0      0 
    0    253     45     43     73     30      0      0      0      0   3201   1980      0      0 130215 130216      0      0      0      0      0      1 
    0    227     44     40     25     10      0      0      0      0   3201   1980      0      0 130215 130216      0      0      0      0    107     24 
    0    260     45     43     72     29      0      0      0      0   3201   1980      0      0 130215 130216      0      0      0      0    132     23 
    0    254     45     43     22      9      0      0      0      0   3201   1980      0      0 130215 130216      0      0      0      0      0      0 
    0    133     42     39      0      0      0      0      0      0   3201   1980      0      0 130215 130216      0      0      0      0      0      1 
    0    166     44     41     52     21      0      0      0      0   3201   1980      0      0 130215 130216      0      0      0      0    130     24 
    0    317     45     43     72     30      0      0      0      0   3201   1980      0      0 130215 130216      0      0      0      0    106     25 
    0    276     45     43     72     29      0      0      0      0   3201   1980      0      0 130215 130216      0      0      0      0    105     24 
    0    238     42     40      0      0      0      0      0      0   3201   1980      0      0 130215 130216      0      0      0      0      0     11 
# gpu    pwr  gtemp  mtemp     sm    mem    enc    dec    jpg    ofa   mclk   pclk  pviol  tviol     fb   bar1   ccpm  sbecc  dbecc    pci  rxpci  txpci 
# Idx      W      C      C      %      %      %      %      %      %    MHz    MHz      %   bool     MB     MB     MB   errs   errs   errs   MB/s   MB/s 
    0    238     42     40      0      0      0      0      0      0   3201   1980      0      0 130215 130216      0      0      0      0    114     23 
    0    190     42     39      0      0      0      0      0      0   3201   1980      0      0 130215 130216      0      0      0      0      0      1 
    0    160     44     40     73     30      0      0      0      0   3201   1980      0      0 130215 130216      0      0      0      0    117     24 
    0    189     42     39      0      0      0      0      0      0   3201   1980      0      0 130215 130216      0      0      0      0      0      1 
    0    138     41     38      0      0      0      0      0      0   3201   1980      0      0 130215 130216      0      0      0      0    116     21 
    0    229     42     41      0      0      0      0      0      0   3201   1980      0      0 130215 130216      0      0      0      0      0      0 
    0    304     45     43     52     21      0      0      0      0   3201   1980      0      0 130215 130216      0      0      0      0     72     22 
    0    227     43     40      0      0      0      0      0      0   3201   1980      0      0 130215 130216      0      0      0      0    106     24 
    0    291     45     43     73     30      0      0      0      0   3201   1980      0      0 130215 130216      0      0      0      0     87     20 
    0    179     42     39      0      0      0      0      0      0   3201   1980      0      0 130215 130216      0      0      0      0      0      0 
    0    209     42     40      0      0      0      0      0      0   3201   1980      0      0 130215 130216      0      0      0      0    112     21 
    0    273     45     43     71     29      0      0      0      0   3201   1980      0      0 130215 130216      0      0      0      0    110     23 
    0    213     42     40      0      0      0      0      0      0   3201   1980      0      0 130215 130216      0      0      0      0      0      0 
    0    226     44     42     71     30      0      0      0      0   3201   1980      0      0 130215 130216      0      0      0      0    107     24 
    0    207     43     41     23     10      0      0      0      0   3201   1980      0      0 130215 130216      0      0      0      0      0      0 
    0    133     42     39      0      0      0      0      0      0   3201   1980      0      0 130215 130216      0      0      0      0      0      0 
    0    243     44     42     68     28      0      0      0      0   3201   1980      0      0 130215 130216      0      0      0      0      0      0 
    0    249     45     43     71     30      0      0      0      0   3201   1980      0      0 130215 130216      0      0      0      0    124     24 
    0    162     42     39      0      0      0      0      0      0   3201   1980      0      0 130215 130216      0      0      0      0      0      0 
    0    229     42     40      0      0      0      0      0      0   3201   1980      0      0 130215 130216      0      0      0      0      0      0 
    0    172     42     39      9      3      0      0      0      0   3201   1980      0      0 130215 130216      0      0      0      0    120     24 
    0    211     43     39      0      0      0      0      0      0   3201   1980      0      0 130215 130216      0      0      0      0    107     23 
    0    206     42     39      0      0      0      0      0      0   3201   1980      0      0 130215 130216      0      0      0      0      0      0 
    0    223     43     43      0      0      0      0      0      0   3201   1980      0      0 130215 130216      0      0      0      0      0      0 
    0    174     43     42      6      3      0      0      0      0   3201   1980      0      0 130215 130216      0      0      0      0      0      1 
    0    202     44     42     45     19      0      0      0      0   3201   1980      0      0 130215 130216      0      0      0      0    124      0 
    0    184     42     39      0      0      0      0      0      0   3201   1980      0      0 130215 130216      0      0      0      0      1      1 
    0    172     43     42      4      1      0      0      0      0   3201   1980      0      0 130215 130216      0      0      0      0      0      0 
    0    243     43     40     32     12      0      0      0      0   3201   1980      0      0 130215 130216      0      0      0      0    113     25 
    0    298     45     43     72     30      0      0      0      0   3201   1980      0      0 130215 130216      0      0      0      0    110     22 
    0    273     45     43     67     27      0      0      0      0   3201   1980      0      0 130215 130216      0      0      0      0      0      1 
    0    227     43     43      0      0      0      0      0      0   3201   1980      0      0 130215 130216      0      0      0      0    118     31 
    0    226     43     43      0      0      0      0      0      0   3201   1980      0      0 130215 130216      0      0      0      0    111     25 
    0    216     42     40      0      0      0      0      0      0   3201   1980      0      0 130215 130216      0      0      0      0      0      0 
    0    232     44     43     64     27      0      0      0      0   3201   1980      0      0 130215 130216      0      0      0      0    121     22 
    0    156     42     39     18      7      0      0      0      0   3201   1980      0      0 130215 130216      0      0      0      0    111     24 
    0    240     44     40     72     30      0      0      0      0   3201   1980      0      0 130215 130216      0      0      0      0      0      1 
    0    190     42     40      0      0      0      0      0      0   3201   1980      0      0 130215 130216      0      0      0      0      0      0 
    0    183     45     43     72     30      0      0      0      0   3201   1980      0      0 130215 130216      0      0      0      0      0      1 
    0    172     42     39      0      0      0      0      0      0   3201   1980      0      0 130215 130216      0      0      0      0      0      0 
    0    133     41     39      0      0      0      0      0      0   3201   1980      0      0 130215 130216      0      0      0      0      0      1 
    0    133     41     38      0      0      0      0      0      0   3201   1980      0      0 130215 130216      0      0      0      0      0      0 
    0    209     44     42     71     30      0      0      0      0   3201   1980      0      0 130215 130216      0      0      0      0      0      1 
    0    190     43     41      0      0      0      0      0      0   3201   1980      0      0 130215 130216      0      0      0      0      0      0 
# gpu    pwr  gtemp  mtemp     sm    mem    enc    dec    jpg    ofa   mclk   pclk  pviol  tviol     fb   bar1   ccpm  sbecc  dbecc    pci  rxpci  txpci 
# Idx      W      C      C      %      %      %      %      %      %    MHz    MHz      %   bool     MB     MB     MB   errs   errs   errs   MB/s   MB/s 
    0    238     42     40      0      0      0      0      0      0   3201   1980      0      0 130215 130216      0      0      0      0      0      4 
    0    224     44     40     20      8      0      0      0      0   3201   1980      0      0 130215 130216      0      0      0      0    126     24 
    0    276     45     43     72     30      0      0      0      0   3201   1980      0      0 130215 130216      0      0      0      0      0      1 
    0    273     45     43     71     29      0      0      0      0   3201   1980      0      0 130215 130216      0      0      0      0     11     21 
    0    173     42     40      0      0      0      0      0      0   3201   1980      0      0 130215 130216      0      0      0      0    117     22 
    0    165     42     39      0      0      0      0      0      0   3201   1980      0      0 130215 130216      0      0      0      0      0      0 
    0    159     43     39     23      9      0      0      0      0   3201   1980      0      0 130215 130216      0      0      0      0    109     25 
    0    192     44     42     71     29      0      0      0      0   3201   1980      0      0 130215 130216      0      0      0      0    128     21 
    0    254     45     43     72     30      0      0      0      0   3201   1980      0      0 130215 130216      0      0      0      0      9     22 
    0    260     42     40      0      0      0      0      0      0   3201   1980      0      0 130215 130216      0      0      0      0    131     22 
    0    226     42     40      0      0      0      0      0      0   3201   1980      0      0 130215 130216      0      0      0      0      0      1 
    0    173     42     39      0      0      0      0      0      0   3201   1980      0      0 130215 130216      0      0      0      0      0      0 
    0    254     45     43     73     30      0      0      0      0   3201   1980      0      0 130215 130216      0      0      0      0      0      1 
    0    240     42     40      0      0      0      0      0      0   3201   1980      0      0 130215 130216      0      0      0      0      0      0 
    0    185     43     41     71     29      0      0      0      0   3201   1980      0      0 130215 130216      0      0      0      0     60     25 
    0    233     45     42     71     30      0      0      0      0   3201   1980      0      0 130215 130216      0      0      0      0    128     21 
    0    251     45     43     70     29      0      0      0      0   3201   1980      0      0 130215 130216      0      0      0      0    114     24 
    0    200     42     40      0      0      0      0      0      0   3201   1980      0      0 130215 130216      0      0      0      0      0      0 
    0    215     45     43     72     30      0      0      0      0   3201   1980      0      0 130215 130216      0      0      0      0      0      1 
    0    290     45     43     67     28      0      0      0      0   3201   1980      0      0 130215 130216      0      0      0      0    106     14 
    0    252     43     41      0      0      0      0      0      0   3201   1980      0      0 130215 130216      0      0      0      0      0      1 
