# gpu    pwr  gtemp  mtemp     sm    mem    enc    dec    jpg    ofa   mclk   pclk  pviol  tviol     fb   bar1   ccpm  sbecc  dbecc    pci  rxpci  txpci 
# Idx      W      C      C      %      %      %      %      %      %    MHz    MHz      %   bool     MB     MB     MB   errs   errs   errs   MB/s   MB/s 
    0    135     41     38      3      2      0      0      0      0   3201   1980      0      0 130211 130212      0      0      0      0      0      0 
    0    133     41     38      0      0      0      0      0      0   3201   1980      0      0 130211 130212      0      0      0      0      0      1 
    0    133     41     38      0      0      0      0      0      0   3201   1980      0      0 130211 130212      0      0      0      0      0      0 
    0    132     41     38      0      0      0      0      0      0   3201   1980      0      0 130211 130212      0      0      0      0      0      1 
    0    132     41     38      0      0      0      0      0      0   3201   1980      0      0 130211 130212      0      0      0      0      0      0 
    0    132     41     38      0      0      0      0      0      0   3201   1980      0      0 130211 130212      0      0      0      0      0      1 
    0    132     41     38      0      0      0      0      0      0   3201   1980      0      0 130211 130212      0      0      0      0      0      0 
    0    132     41     38      0      0      0      0      0      0   3201   1980      0      0 130211 130212      0      0      0      0      0      0 
    0    132     41     38      0      0      0      0      0      0   3201   1980      0      0 130211 130212      0      0      0      0      0      0 
    0    132     41     37      0      0      0      0      0      0   3201   1980      0      0 130211 130212      0      0      0      0      0      0 
    0    132     41     37      0      0      0      0      0      0   3201   1980      0      0 130211 130212      0      0      0      0      0      0 
    0    132     41     37      0      0      0      0      0      0   3201   1980      0      0 130211 130212      0      0      0      0      0      0 
    0    132     40     37      0      0      0      0      0      0   3201   1980      0      0 130211 130212      0      0      0      0      0      0 
    0    200     44     41     70     30      0      0      0      0   3201   1980      0      0 130213 130214      0      0      0      0      0      0 
    0    257     44     42     72     30      0      0      0      0   3201   1980      0      0 130213 130214      0      0      0      0    113      8 
    0    282     44     42     43     17      0      0      0      0   3201   1980      0      0 130213 130214      0      0      0      0    105     24 
    0    287     43     42     70     29      0      0      0      0   3201   1980      0      0 130213 130214      0      0      0      0      0      0 
    0    206     42     39      0      0      0      0      0      0   3201   1980      0      0 130213 130214      0      0      0      0      0      0 
    0    170     44     41     72     30      0      0      0      0   3201   1980      0      0 130213 130214      0      0      0      0    131     21 
    0    239     44     42     72     30      0      0      0      0   3201   1980      0      0 130213 130214      0      0      0      0    125     22 
    0    311     43     42     71     30      0      0      0      0   3201   1980      0      0 130213 130214      0      0      0      0      0      0 
    0    193     46     42     78     29      0      0      0      0   3201   1980      0      0 130213 130214      0      0      0      0    115     23 
    0    241     45     42     67     28      0      0      0      0   3201   1980      0      0 130213 130214      0      0      0      0    107     25 
    0    199     42     40      6      2      0      0      0      0   3201   1980      0      0 130213 130214      0      0      0      0      0      0 
    0    225     45     43     70     29      0      0      0      0   3201   1980      0      0 130213 130214      0      0      0      0    130     17 
    0    155     42     39      0      0      0      0      0      0   3201   1980      0      0 130213 130214      0      0      0      0      0      0 
    0    208     42     40      0      0      0      0      0      0   3201   1980      0      0 130213 130214      0      0      0      0      0      1 
    0    304     45     43     72     30      0      0      0      0   3201   1980      0      0 130213 130214      0      0      0      0    109     22 
    0    306     46     43     77     30      0      0      0      0   3201   1980      0      0 130213 130214      0      0      0      0    128     24 
    0    163     42     39      0      0      0      0      0      0   3201   1980      0      0 130213 130214      0      0      0      0      0      0 
    0    302     48     43     71     30      0      0      0      0   3201   1980      0      0 130213 130214      0      0      0      0    110     24 
    0    283     46     43     72     30      0      0      0      0   3201   1980      0      0 130213 130214      0      0      0      0    128     21 
    0    300     46     43     10      4      0      0      0      0   3201   1980      0      0 130213 130214      0      0      0      0    131     23 
    0    269     46     43     70     30      0      0      0      0   3201   1980      0      0 130213 130214      0      0      0      0    126     23 
    0    224     43     40      0      0      0      0      0      0   3201   1980      0      0 130213 130214      0      0      0      0      0      0 
    0    284     46     43     70     30      0      0      0      0   3201   1980      0      0 130213 130214      0      0      0      0    113     25 
    0    298     46     43     62     23      0      0      0      0   3201   1980      0      0 130213 130214      0      0      0      0    135     22 
    0    265     47     43     70     29      0      0      0      0   3201   1980      0      0 130213 130214      0      0      0      0    131     19 
    0    332     46     44     62     25      0      0      0      0   3201   1980      0      0 130213 130214      0      0      0      0    107     24 
    0    228     43     41      0      0      0      0      0      0   3201   1980      0      0 130213 130214      0      0      0      0      0      0 
    0    134     42     40      0      0      0      0      0      0   3201   1980      0      0 130213 130214      0      0      0      0      0      0 
    0    277     46     43     73     31      0      0      0      0   3201   1980      0      0 130213 130214      0      0      0      0     96     19 
    0    351     47     44     73     31      0      0      0      0   3201   1980      0      0 130213 130214      0      0      0      0    125     25 
    0    342     47     44     74     31      0      0      0      0   3201   1980      0      0 130213 130214      0      0      0      0     99     21 
# gpu    pwr  gtemp  mtemp     sm    mem    enc    dec    jpg    ofa   mclk   pclk  pviol  tviol     fb   bar1   ccpm  sbecc  dbecc    pci  rxpci  txpci 
# Idx      W      C      C      %      %      %      %      %      %    MHz    MHz      %   bool     MB     MB     MB   errs   errs   errs   MB/s   MB/s 
    0    240     45     43     73     31      0      0      0      0   3201   1980      0      0 130213 130214      0      0      0      0      0      0 
    0    227     45     43     67     28      0      0      0      0   3201   1980      0      0 130213 130214      0      0      0      0      0      0 
    0    134     42     40      0      0      0      0      0      0   3201   1980      0      0 130213 130214      0      0      0      0      0      0 
    0    255     46     43     72     30      0      0      0      0   3201   1980      0      0 130213 130214      0      0      0      0    110     23 
    0    194     42     40      0      0      0      0      0      0   3201   1980      0      0 130213 130214      0      0      0      0      0      0 
    0    223     46     43     72     30      0      0      0      0   3201   1980      0      0 130213 130214      0      0      0      0    110     23 
    0    295     50     43     73     31      0      0      0      0   3201   1980      0      0 130213 130214      0      0      0      0    140     22 
    0    309     44     43     67     28      0      0      0      0   3201   1980      0      0 130213 130214      0      0      0      0    107     24 
    0    328     46     44     73     31      0      0      0      0   3201   1980      0      0 130213 130214      0      0      0      0    115     23 
    0    322     46     44     72     30      0      0      0      0   3201   1980      0      0 130213 130214      0      0      0      0      0      0 
    0    195     46     43     71     27      0      0      0      0   3201   1980      0      0 130213 130214      0      0      0      0     84     20 
    0    286     46     44     74     31      0      0      0      0   3201   1980      0      0 130213 130214      0      0      0      0    109      7 
    0    342     47     44     80     29      0      0      0      0   3201   1980      0      0 130213 130214      0      0      0      0    131     21 
    0    281     46     44     72     30      0      0      0      0   3201   1980      0      0 130213 130214      0      0      0      0    130     21 
    0    317     45     43     59     25      0      0      0      0   3201   1980      0      0 130213 130214      0      0      0      0    114     23 
    0    250     43     42      0      0      0      0      0      0   3201   1980      0      0 130213 130214      0      0      0      0      0      0 
    0    220     46     43     73     31      0      0      0      0   3201   1980      0      0 130213 130214      0      0      0      0    113     26 
    0    316     47     44     61     26      0      0      0      0   3201   1980      0      0 130213 130214      0      0      0      0    130     22 
    0    226     43     41      0      0      0      0      0      0   3201   1980      0      0 130213 130214      0      0      0      0      0      1 
    0    229     46     43     75     29      0      0      0      0   3201   1980      0      0 130213 130214      0      0      0      0    124     21 
    0    238     46     43     51     21      0      0      0      0   3201   1980      0      0 130213 130214      0      0      0      0      0      1 
    0    234     43     41      0      0      0      0      0      0   3201   1980      0      0 130213 130214      0      0      0      0      0      0 
    0    247     44     43     47     20      0      0      0      0   3201   1980      0      0 130213 130214      0      0      0      0      0      1 
    0    215     46     43     72     30      0      0      0      0   3201   1980      0      0 130213 130214      0      0      0      0    132     22 
    0    279     43     41      6      2      0      0      0      0   3201   1980      0      0 130213 130214      0      0      0      0     38     22 
    0    290     44     44     32     13      0      0      0      0   3201   1980      0      0 130213 130214      0      0      0      0      0      0 
    0    280     46     44     72     31      0      0      0      0   3201   1980      0      0 130213 130214      0      0      0      0    129     23 
    0    152     43     40      0      0      0      0      0      0   3201   1980      0      0 130213 130214      0      0      0      0      0      0 
    0    275     46     43     71     30      0      0      0      0   3201   1980      0      0 130213 130214      0      0      0      0    130     22 
    0    303     44     42      0      0      0      0      0      0   3201   1980      0      0 130213 130214      0      0      0      0     88     24 
    0    336     48     44     73     30      0      0      0      0   3201   1980      0      0 130213 130214      0      0      0      0    115     23 
    0    320     46     44     66     28      0      0      0      0   3201   1980      0      0 130213 130214      0      0      0      0    114     23 
    0    292     46     43     14      6      0      0      0      0   3201   1980      0      0 130213 130214      0      0      0      0    130     22 
    0    282     46     44     71     30      0      0      0      0   3201   1980      0      0 130213 130214      0      0      0      0      0      0 
    0    177     45     43     70     30      0      0      0      0   3201   1980      0      0 130213 130214      0      0      0      0    131     22 
    0    252     43     41      0      0      0      0      0      0   3201   1980      0      0 130213 130214      0      0      0      0      0      0 
    0    233     44     43     71     30      0      0      0      0   3201   1980      0      0 130213 130214      0      0      0      0      0      1 
    0    259     46     43     72     31      0      0      0      0   3201   1980      0      0 130213 130214      0      0      0      0    113     24 
    0    159     43     40      0      0      0      0      0      0   3201   1980      0      0 130213 130214      0      0      0      0    118     25 
    0    256     45     43     71     30      0      0      0      0   3201   1980      0      0 130213 130214      0      0      0      0      0      0 
    0    135     42     40      0      0      0      0      0      0   3201   1980      0      0 130213 130214      0      0      0      0      0      0 
    0    133     42     39      0      0      0      0      0      0   3201   1980      0      0 130213 130214      0      0      0      0      0      0 
    0    151     44     41     19      7      0      0      0      0   3201   1980      0      0 130213 130214      0      0      0      0    134     22 
    0    228     42     40      0      0      0      0      0      0   3201   1980      0      0 130213 130214      0      0      0      0    123     20 
# gpu    pwr  gtemp  mtemp     sm    mem    enc    dec    jpg    ofa   mclk   pclk  pviol  tviol     fb   bar1   ccpm  sbecc  dbecc    pci  rxpci  txpci 
# Idx      W      C      C      %      %      %      %      %      %    MHz    MHz      %   bool     MB     MB     MB   errs   errs   errs   MB/s   MB/s 
    0    293     44     43     73     32      0      0      0      0   3201   1980      0      0 130213 130214      0      0      0      0      0      0 
    0    190     43     41     71     30      0      0      0      0   3201   1980      0      0 130213 130214      0      0      0      0      0      0 
    0    259     50     43     72     31      0      0      0      0   3201   1980      0      0 130213 130214      0      0      0      0    135     21 
    0    300     47     43     76     29      0      0      0      0   3201   1980      0      0 130213 130214      0      0      0      0    136     22 
    0    242     43     42     25     10      0      0      0      0   3201   1980      0      0 130213 130214      0      0      0      0      0      0 
    0    210     44     43     68     28      0      0      0      0   3201   1980      0      0 130213 130214      0      0      0      0      0      0 
    0    133     42     39      0      0      0      0      0      0   3201   1980      0      0 130213 130214      0      0      0      0      0      0 
    0    202     42     40      0      0      0      0      0      0   3201   1980      0      0 130213 130214      0      0      0      0      0      0 
    0    288     44     42     71     30      0      0      0      0   3201   1980      0      0 130213 130214      0      0      0      0    120     22 
    0    333     46     43     70     31      0      0      0      0   3201   1980      0      0 130213 130214      0      0      0      0    110     23 
    0    333     46     44     72     31      0      0      0      0   3201   1980      0      0 130213 130214      0      0      0      0    125      8 
    0    152     42     40      0      0      0      0      0      0   3201   1980      0      0 130213 130214      0      0      0      0    111     24 
    0    294     46     43     73     31      0      0      0      0   3201   1980      0      0 130213 130214      0      0      0      0    109     23 
    0    324     46     44     78     31      0      0      0      0   3201   1980      0      0 130213 130214      0      0      0      0      0      0 
    0    134     42     40      0      0      0      0      0      0   3201   1980      0      0 130213 130214      0      0      0      0    105     24 
    0    312     46     43     75     29      0      0      0      0   3201   1980      0      0 130213 130214      0      0      0      0    121     21 
    0    244     45     43      0      0      0      0      0      0   3201   1980      0      0 130213 130214      0      0      0      0    125     24 
    0    338     46     44     73     31      0      0      0      0   3201   1980      0      0 130213 130214      0      0      0      0      0      0 
    0    149     45     40      0      0      0      0      0      0   3201   1980      0      0 130213 130214      0      0      0      0    130     22 
    0    323     46     43     74     31      0      0      0      0   3201   1980      0      0 130213 130214      0      0      0      0    121     23 
    0    342     46     44     67     28      0      0      0      0   3201   1980      0      0 130213 130214      0      0      0      0    124     24 
    0    177     43     40      0      0      0      0      0      0   3201   1980      0      0 130213 130214      0      0      0      0      0      0 
