# gpu    pwr  gtemp  mtemp     sm    mem    enc    dec    jpg    ofa   mclk   pclk  pviol  tviol     fb   bar1   ccpm  sbecc  dbecc    pci  rxpci  txpci 
# Idx      W      C      C      %      %      %      %      %      %    MHz    MHz      %   bool     MB     MB     MB   errs   errs   errs   MB/s   MB/s 
    0    141     39     36      9      3      0      0      0      0   3201   1980      0      0 130211 130212      0      0      0      0      0      1 
    0    131     37     35      0      0      0      0      0      0   3201   1980      0      0 130211 130212      0      0      0      0      0      0 
    0    130     37     35      0      0      0      0      0      0   3201   1980      0      0 130211 130212      0      0      0      0      0      0 
    0    130     37     34      0      0      0      0      0      0   3201   1980      0      0 130211 130212      0      0      0      0      0      0 
    0    130     37     34      0      0      0      0      0      0   3201   1980      0      0 130211 130212      0      0      0      0      0      0 
    0    130     37     34      0      0      0      0      0      0   3201   1980      0      0 130211 130212      0      0      0      0      0      0 
    0    130     37     34      0      0      0      0      0      0   3201   1980      0      0 130211 130212      0      0      0      0      0      0 
    0    130     37     34      0      0      0      0      0      0   3201   1980      0      0 130211 130212      0      0      0      0      0      0 
    0    130     37     34      0      0      0      0      0      0   3201   1980      0      0 130211 130212      0      0      0      0      0      0 
    0    130     37     34      0      0      0      0      0      0   3201   1980      0      0 130211 130212      0      0      0      0      0      0 
    0    130     37     34      0      0      0      0      0      0   3201   1980      0      0 130211 130212      0      0      0      0      0      0 
    0    130     37     34      0      0      0      0      0      0   3201   1980      0      0 130211 130212      0      0      0      0      0      0 
    0    130     37     34      0      0      0      0      0      0   3201   1980      0      0 130211 130212      0      0      0      0      0      0 
    0    207     38     38     53     22      0      0      0      0   3201   1980      0      0 130213 130214      0      0      0      0    113     21 
    0    236     40     37      0      0      0      0      0      0   3201   1980      0      0 130213 130214      0      0      0      0    130     21 
    0    280     41     38     71     30      0      0      0      0   3201   1980      0      0 130213 130214      0      0      0      0    110     23 
    0    158     38     35      0      0      0      0      0      0   3201   1980      0      0 130213 130214      0      0      0      0     89     23 
    0    181     37     35      0      0      0      0      0      0   3201   1980      0      0 130213 130214      0      0      0      0      0      0 
    0    203     40     37     53     21      0      0      0      0   3201   1980      0      0 130213 130214      0      0      0      0    110     23 
    0    218     38     37     63     27      0      0      0      0   3201   1980      0      0 130213 130214      0      0      0      0    127     23 
    0    212     38     35      0      0      0      0      0      0   3201   1980      0      0 130213 130214      0      0      0      0      0      0 
    0    207     41     39     69     31      0      0      0      0   3201   1980      0      0 130213 130214      0      0      0      0    117     21 
    0    192     38     36     51     22      0      0      0      0   3201   1980      0      0 130213 130214      0      0      0      0      0      0 
    0    207     38     36      0      0      0      0      0      0   3201   1980      0      0 130213 130214      0      0      0      0      0      0 
    0    178     37     35      0      0      0      0      0      0   3201   1980      0      0 130213 130214      0      0      0      0      0      0 
    0    130     37     34      0      0      0      0      0      0   3201   1980      0      0 130213 130214      0      0      0      0      0      0 
    0    191     39     37      0      0      0      0      0      0   3201   1980      0      0 130213 130214      0      0      0      0     88     22 
    0    221     38     35      0      0      0      0      0      0   3201   1980      0      0 130213 130214      0      0      0      0    127     25 
    0    285     39     38     48     20      0      0      0      0   3201   1980      0      0 130213 130214      0      0      0      0      0      0 
    0    132     37     35      0      0      0      0      0      0   3201   1980      0      0 130213 130214      0      0      0      0    110     23 
    0    286     41     39     72     31      0      0      0      0   3201   1980      0      0 130213 130214      0      0      0      0      0      0 
    0    223     41     39     51     20      0      0      0      0   3201   1980      0      0 130213 130214      0      0      0      0      0      0 
    0    259     39     40     35     15      0      0      0      0   3201   1980      0      0 130213 130214      0      0      0      0      0      0 
    0    222     38     37      0      0      0      0      0      0   3201   1980      0      0 130213 130214      0      0      0      0      0      0 
    0    143     39     36      0      0      0      0      0      0   3201   1980      0      0 130213 130214      0      0      0      0    120     21 
    0    306     41     40     73     29      0      0      0      0   3201   1980      0      0 130213 130214      0      0      0      0    123     25 
    0    248     40     40     70     30      0      0      0      0   3201   1980      0      0 130213 130214      0      0      0      0      0      0 
    0    240     41     39     70     29      0      0      0      0   3201   1980      0      0 130213 130214      0      0      0      0    109     25 
    0    283     41     40     70     30      0      0      0      0   3201   1980      0      0 130213 130214      0      0      0      0    107     24 
    0    164     38     36      0      0      0      0      0      0   3201   1980      0      0 130213 130214      0      0      0      0      0      1 
    0    130     37     35      0      0      0      0      0      0   3201   1980      0      0 130213 130214      0      0      0      0      1      0 
    0    267     40     37     45     18      0      0      0      0   3201   1980      0      0 130213 130214      0      0      0      0    124     23 
    0    280     39     37     34     15      0      0      0      0   3201   1980      0      0 130213 130214      0      0      0      0      0      0 
    0    259     39     37      9      3      0      0      0      0   3201   1980      0      0 130213 130214      0      0      0      0      0      1 
# gpu    pwr  gtemp  mtemp     sm    mem    enc    dec    jpg    ofa   mclk   pclk  pviol  tviol     fb   bar1   ccpm  sbecc  dbecc    pci  rxpci  txpci 
# Idx      W      C      C      %      %      %      %      %      %    MHz    MHz      %   bool     MB     MB     MB   errs   errs   errs   MB/s   MB/s 
    0    195     38     36      0      0      0      0      0      0   3201   1980      0      0 130213 130214      0      0      0      0      0      0 
    0    192     38     36      0      0      0      0      0      0   3201   1980      0      0 130213 130214      0      0      0      0      0      1 
    0    131     37     35      0      0      0      0      0      0   3201   1980      0      0 130213 130214      0      0      0      0      0      0 
    0    225     38     36      0      0      0      0      0      0   3201   1980      0      0 130213 130214      0      0      0      0      0      0 
    0    130     37     34      0      0      0      0      0      0   3201   1980      0      0 130213 130214      0      0      0      0      0      0 
    0    223     39     38     62     26      0      0      0      0   3201   1980      0      0 130213 130214      0      0      0      0      0      0 
    0    254     41     39     72     29      0      0      0      0   3201   1980      0      0 130213 130214      0      0      0      0    124     24 
    0    262     40     38      0      0      0      0      0      0   3201   1980      0      0 130213 130214      0      0      0      0    108     25 
    0    297     41     38     14      5      0      0      0      0   3201   1980      0      0 130213 130214      0      0      0      0    120     25 
    0    231     38     36      0      0      0      0      0      0   3201   1980      0      0 130213 130214      0      0      0      0      0      0 
    0    205     41     39     70     29      0      0      0      0   3201   1980      0      0 130213 130214      0      0      0      0      0      0 
    0    206     40     36      0      0      0      0      0      0   3201   1980      0      0 130213 130214      0      0      0      0    110     23 
    0    275     40     39     71     30      0      0      0      0   3201   1980      0      0 130213 130214      0      0      0      0      0      0 
    0    199     38     37      0      0      0      0      0      0   3201   1980      0      0 130213 130214      0      0      0      0    118     21 
    0    279     41     37     49     19      0      0      0      0   3201   1980      0      0 130213 130214      0      0      0      0    110      7 
    0    141     38     35      0      0      0      0      0      0   3201   1980      0      0 130213 130214      0      0      0      0      0      0 
    0    215     39     39     72     31      0      0      0      0   3201   1980      0      0 130213 130214      0      0      0      0    110     23 
    0    310     42     40     71     29      0      0      0      0   3201   1980      0      0 130213 130214      0      0      0      0    112     23 
    0    194     38     36      0      0      0      0      0      0   3201   1980      0      0 130213 130214      0      0      0      0      0      0 
    0    231     41     39     70     29      0      0      0      0   3201   1980      0      0 130213 130214      0      0      0      0      0      0 
    0    194     40     39     71     30      0      0      0      0   3201   1980      0      0 130213 130214      0      0      0      0    114     25 
    0    238     38     36      0      0      0      0      0      0   3201   1980      0      0 130213 130214      0      0      0      0      0      0 
    0    226     38     36      0      0      0      0      0      0   3201   1980      0      0 130213 130214      0      0      0      0      0      0 
    0    219     40     39     23     10      0      0      0      0   3201   1980      0      0 130213 130214      0      0      0      0    126     21 
    0    177     39     35      0      0      0      0      0      0   3201   1980      0      0 130213 130214      0      0      0      0    130     22 
    0    200     38     36      0      0      0      0      0      0   3201   1980      0      0 130213 130214      0      0      0      0      0      0 
    0    221     38     36      0      0      0      0      0      0   3201   1980      0      0 130213 130214      0      0      0      0      7      0 
    0    145     39     35      0      0      0      0      0      0   3201   1980      0      0 130213 130214      0      0      0      0    119     21 
    0    258     41     39     72     29      0      0      0      0   3201   1980      0      0 130213 130214      0      0      0      0      1      0 
    0    249     40     37     66     27      0      0      0      0   3201   1980      0      0 130213 130214      0      0      0      0    123     24 
    0    315     41     39     70     28      0      0      0      0   3201   1980      0      0 130213 130214      0      0      0      0    134     23 
    0    251     40     39      8      2      0      0      0      0   3201   1980      0      0 130213 130214      0      0      0      0    119     21 
    0    260     41     38     28     10      0      0      0      0   3201   1980      0      0 130213 130214      0      0      0      0    114     26 
    0    289     41     40     71     31      0      0      0      0   3201   1980      0      0 130213 130214      0      0      0      0      0      0 
    0    194     41     39     66     26      0      0      0      0   3201   1980      0      0 130213 130214      0      0      0      0    110     26 
    0    194     38     36      0      0      0      0      0      0   3201   1980      0      0 130213 130214      0      0      0      0      0      0 
    0    177     38     35      0      0      0      0      0      0   3201   1980      0      0 130213 130214      0      0      0      0    124     22 
    0    236     39     39     60     25      0      0      0      0   3201   1980      0      0 130213 130214      0      0      0      0      0      0 
    0    149     39     35     21      8      0      0      0      0   3201   1980      0      0 130213 130214      0      0      0      0    130     23 
    0    189     38     35      0      0      0      0      0      0   3201   1980      0      0 130213 130214      0      0      0      0      0      0 
    0    130     37     35      0      0      0      0      0      0   3201   1980      0      0 130213 130214      0      0      0      0      0      1 
    0    130     37     34      0      0      0      0      0      0   3201   1980      0      0 130213 130214      0      0      0      0      0      0 
    0    171     40     37     72     29      0      0      0      0   3201   1980      0      0 130213 130214      0      0      0      0     98      1 
    0    171     40     37     33     13      0      0      0      0   3201   1980      0      0 130213 130214      0      0      0      0    125     21 
# gpu    pwr  gtemp  mtemp     sm    mem    enc    dec    jpg    ofa   mclk   pclk  pviol  tviol     fb   bar1   ccpm  sbecc  dbecc    pci  rxpci  txpci 
# Idx      W      C      C      %      %      %      %      %      %    MHz    MHz      %   bool     MB     MB     MB   errs   errs   errs   MB/s   MB/s 
    0    235     38     35      0      0      0      0      0      0   3201   1980      0      0 130213 130214      0      0      0      0      0      1 
    0    206     38     35      0      0      0      0      0      0   3201   1980      0      0 130213 130214      0      0      0      0      0      0 
    0    255     41     38     71     28      0      0      0      0   3201   1980      0      0 130213 130214      0      0      0      0    110     24 
    0    257     39     39     71     30      0      0      0      0   3201   1980      0      0 130213 130214      0      0      0      0      0      0 
    0    174     38     35      0      0      0      0      0      0   3201   1980      0      0 130213 130214      0      0      0      0      0      0 
    0    173     37     35      0      0      0      0      0      0   3201   1980      0      0 130213 130214      0      0      0      0      0      0 
    0    130     37     34      0      0      0      0      0      0   3201   1980      0      0 130213 130214      0      0      0      0      0      0 
    0    170     37     34      0      0      0      0      0      0   3201   1980      0      0 130213 130214      0      0      0      0    116     22 
    0    261     40     35      0      0      0      0      0      0   3201   1980      0      0 130213 130214      0      0      0      0     90     21 
    0    305     40     39     73     31      0      0      0      0   3201   1980      0      0 130213 130214      0      0      0      0      0      0 
    0    237     38     38      0      0      0      0      0      0   3201   1980      0      0 130213 130214      0      0      0      0      0      0 
    0    148     39     35     25      9      0      0      0      0   3201   1980      0      0 130213 130214      0      0      0      0    131     18 
    0    236     39     38     71     30      0      0      0      0   3201   1980      0      0 130213 130214      0      0      0      0    113     25 
    0    286     39     37     71     30      0      0      0      0   3201   1980      0      0 130213 130214      0      0      0      0      0      0 
    0    153     39     36     41     16      0      0      0      0   3201   1980      0      0 130213 130214      0      0      0      0    112     25 
    0    244     40     39     71     30      0      0      0      0   3201   1980      0      0 130213 130214      0      0      0      0    110      5 
    0    221     42     38     50     20      0      0      0      0   3201   1980      0      0 130213 130214      0      0      0      0    127     21 
    0    258     38     36      0      0      0      0      0      0   3201   1980      0      0 130213 130214      0      0      0      0      0      0 
    0    164     40     38     71     30      0      0      0      0   3201   1980      0      0 130213 130214      0      0      0      0     85      0 
    0    219     40     37     71     29      0      0      0      0   3201   1980      0      0 130213 130214      0      0      0      0    125     19 
    0    305     39     39     71     30      0      0      0      0   3201   1980      0      0 130213 130214      0      0      0      0      0      0 
