# gpu    pwr  gtemp  mtemp     sm    mem    enc    dec    jpg    ofa   mclk   pclk  pviol  tviol     fb   bar1   ccpm  sbecc  dbecc    pci  rxpci  txpci 
# Idx      W      C      C      %      %      %      %      %      %    MHz    MHz      %   bool     MB     MB     MB   errs   errs   errs   MB/s   MB/s 
    0    138     39     36      4      2      0      0      0      0   3201   1980      0      0 130211 130212      0      0      0      0      0      1 
    0    130     37     34      0      0      0      0      0      0   3201   1980      0      0 130211 130212      0      0      0      0      0      0 
    0    130     37     34      0      0      0      0      0      0   3201   1980      0      0 130211 130212      0      0      0      0      0      0 
    0    130     37     34      0      0      0      0      0      0   3201   1980      0      0 130211 130212      0      0      0      0      1      0 
    0    130     37     33      0      0      0      0      0      0   3201   1980      0      0 130211 130212      0      0      0      0      0      0 
    0    130     37     34      0      0      0      0      0      0   3201   1980      0      0 130211 130212      0      0      0      0      0      0 
    0    130     37     33      0      0      0      0      0      0   3201   1980      0      0 130211 130212      0      0      0      0      0      0 
    0    130     37     33      0      0      0      0      0      0   3201   1980      0      0 130211 130212      0      0      0      0      0      0 
    0    130     37     33      0      0      0      0      0      0   3201   1980      0      0 130211 130212      0      0      0      0      0      0 
    0    130     37     33      0      0      0      0      0      0   3201   1980      0      0 130211 130212      0      0      0      0      0      0 
    0    130     36     33      0      0      0      0      0      0   3201   1980      0      0 130211 130212      0      0      0      0      0      0 
    0    130     36     33      0      0      0      0      0      0   3201   1980      0      0 130211 130212      0      0      0      0      0      0 
    0    130     36     33      0      0      0      0      0      0   3201   1980      0      0 130211 130212      0      0      0      0      4      0 
    0    322     43     38     65     25      0      0      0      0   3201   1980      0      0 130213 130214      0      0      0      0    123     24 
    0    353     43     39     71     28      0      0      0      0   3201   1980     31      0 130213 130214      0      0      0      0    144     23 
    0    390     44     40     70     29      0      0      0      0   3201   1980      0      0 130213 130214      0      0      0      0    150     22 
    0    435     47     41     80     28      0      0      0      0   3201   1980      0      0 130215 130216      0      0      0      0    133     26 
    0    391     48     41     80     30      0      0      0      0   3201   1980      0      0 130215 130216      0      0      0      0     49     12 
    0    430     44     42     71     31      0      0      0      0   3201   1980      0      0 130215 130216      0      0      0      0    136     21 
    0    376     44     42     70     31      0      0      0      0   3201   1980      0      0 130215 130216      0      0      0      0    110     24 
    0    395     46     42     72     27      0      0      0      0   3201   1980      0      0 130215 130216      0      0      0      0    132     26 
    0    364     44     42     71     29      0      0      0      0   3201   1980      0      0 130215 130216      0      0      0      0    116     25 
    0    359     46     42     71     27      0      0      0      0   3201   1980      0      0 130215 130216      0      0      0      0    116     18 
    0    396     46     43     85     34      0      0      0      0   3201   1980      0      0 130215 130216      0      0      0      0    128     25 
    0    403     47     43     77     26      0      0      0      0   3201   1980      0      0 130215 130216      0      0      0      0    141     23 
