# gpu    pwr  gtemp  mtemp     sm    mem    enc    dec    jpg    ofa   mclk   pclk  pviol  tviol     fb   bar1   ccpm  sbecc  dbecc    pci  rxpci  txpci 
# Idx      W      C      C      %      %      %      %      %      %    MHz    MHz      %   bool     MB     MB     MB   errs   errs   errs   MB/s   MB/s 
    0    143     42     38      7      2      0      0      0      0   3201   1980      0      0 130211 130212      0      0      0      0      0      0 
    0    137     41     38      0      0      0      0      0      0   3201   1980      0      0 130211 130212      0      0      0      0      0      0 
    0    132     41     38      0      0      0      0      0      0   3201   1980      0      0 130211 130212      0      0      0      0      0      0 
    0    132     41     38      0      0      0      0      0      0   3201   1980      0      0 130211 130212      0      0      0      0      0      0 
    0    132     41     37      0      0      0      0      0      0   3201   1980      0      0 130211 130212      0      0      0      0      0      0 
    0    132     41     37      0      0      0      0      0      0   3201   1980      0      0 130211 130212      0      0      0      0      0      0 
    0    132     41     37      0      0      0      0      0      0   3201   1980      0      0 130211 130212      0      0      0      0      0      0 
    0    132     41     37      0      0      0      0      0      0   3201   1980      0      0 130211 130212      0      0      0      0      0      0 
    0    132     41     37      0      0      0      0      0      0   3201   1980      0      0 130211 130212      0      0      0      0      0      0 
    0    132     41     37      0      0      0      0      0      0   3201   1980      0      0 130211 130212      0      0      0      0      1      1 
    0    132     40     37      0      0      0      0      0      0   3201   1980      0      0 130211 130212      0      0      0      0      0      0 
    0    132     40     37      0      0      0      0      0      0   3201   1980      0      0 130211 130212      0      0      0      0      0      1 
    0    132     40     37      0      0      0      0      0      0   3201   1980      0      0 130211 130212      0      0      0      0      0      0 
    0    258     44     41     57     24      0      0      0      0   3201   1980      0      0 130215 130216      0      0      0      0    127     23 
    0    313     45     43     71     30      0      0      0      0   3201   1980      0      0 130215 130216      0      0      0      0    128     25 
    0    315     45     43     72     30      0      0      0      0   3201   1980      0      0 130215 130216      0      0      0      0    121     26 
    0    284     45     43     70     30      0      0      0      0   3201   1980      0      0 130215 130216      0      0      0      0    128     21 
    0    213     42     40      0      0      0      0      0      0   3201   1980      0      0 130215 130216      0      0      0      0      0      1 
    0    260     45     43     68     29      0      0      0      0   3201   1980      0      0 130215 130216      0      0      0      0    111     24 
    0    308     46     43     71     30      0      0      0      0   3201   1980      0      0 130215 130216      0      0      0      0    134     24 
    0    282     43     42     25     10      0      0      0      0   3201   1980      0      0 130215 130216      0      0      0      0      0      0 
    0    259     46     43     68     30      0      0      0      0   3201   1980      0      0 130215 130216      0      0      0      0    122     23 
    0    305     46     43     70     30      0      0      0      0   3201   1980      0      0 130215 130216      0      0      0      0    106     24 
    0    287     44     43     71     30      0      0      0      0   3201   1980      0      0 130215 130216      0      0      0      0    117     25 
    0    263     43     42      0      0      0      0      0      0   3201   1980      0      0 130215 130216      0      0      0      0      0      0 
    0    153     44     40     22      9      0      0      0      0   3201   1980      0      0 130215 130216      0      0      0      0    122     25 
    0    305     46     43     72     30      0      0      0      0   3201   1980      0      0 130215 130216      0      0      0      0    133     22 
    0    308     46     43     71     30      0      0      0      0   3201   1980      0      0 130215 130216      0      0      0      0    133     23 
    0    320     46     44     67     29      0      0      0      0   3201   1980      0      0 130215 130216      0      0      0      0    115     22 
    0    288     46     43     71     29      0      0      0      0   3201   1980      0      0 130215 130216      0      0      0      0    113     22 
    0    315     47     43     70     30      0      0      0      0   3201   1980      0      0 130215 130216      0      0      0      0    130     21 
    0    314     47     44     71     30      0      0      0      0   3201   1980      0      0 130215 130216      0      0      0      0    121     24 
    0    314     47     44     73     31      0      0      0      0   3201   1980      0      0 130215 130216      0      0      0      0    128     22 
    0    310     46     44     72     31      0      0      0      0   3201   1980      0      0 130215 130216      0      0      0      0      0      0 
    0    198     46     43     70     30      0      0      0      0   3201   1980      0      0 130215 130216      0      0      0      0    117     21 
    0    312     47     44     66     28      0      0      0      0   3201   1980      0      0 130215 130216      0      0      0      0    134     21 
    0    318     47     44     72     30      0      0      0      0   3201   1980      0      0 130215 130216      0      0      0      0    120     25 
    0    318     47     44     71     31      0      0      0      0   3201   1980      0      0 130215 130216      0      0      0      0    139     22 
    0    319     47     45     72     30      0      0      0      0   3201   1980      0      0 130215 130216      0      0      0      0    112     25 
    0    259     44     42      8      3      0      0      0      0   3201   1980      0      0 130215 130216      0      0      0      0      0      0 
    0    154     45     40      0      0      0      0      0      0   3201   1980      0      0 130215 130216      0      0      0      0    136     20 
    0    319     47     44     72     30      0      0      0      0   3201   1980      0      0 130215 130216      0      0      0      0    117     23 
    0    323     47     44     70     30      0      0      0      0   3201   1980      0      0 130215 130216      0      0      0      0    128     23 
    0    318     47     44     66     28      0      0      0      0   3201   1980      0      0 130215 130216      0      0      0      0     48     21 
# gpu    pwr  gtemp  mtemp     sm    mem    enc    dec    jpg    ofa   mclk   pclk  pviol  tviol     fb   bar1   ccpm  sbecc  dbecc    pci  rxpci  txpci 
# Idx      W      C      C      %      %      %      %      %      %    MHz    MHz      %   bool     MB     MB     MB   errs   errs   errs   MB/s   MB/s 
    0    298     47     45     73     31      0      0      0      0   3201   1980      0      0 130215 130216      0      0      0      0    118     22 
    0    284     45     43      0      0      0      0      0      0   3201   1980      0      0 130215 130216      0      0      0      0      0      0 
    0    149     44     42     70     29      0      0      0      0   3201   1980      0      0 130215 130216      0      0      0      0    129     22 
    0    289     45     44     46     20      0      0      0      0   3201   1980      0      0 130215 130216      0      0      0      0      0      0 
    0    134     43     40      0      0      0      0      0      0   3201   1980      0      0 130215 130216      0      0      0      0    115     22 
    0    304     46     44     70     29      0      0      0      0   3201   1980      0      0 130215 130216      0      0      0      0    129     19 
    0    335     48     44     69     31      0      0      0      0   3201   1980      0      0 130215 130216      0      0      0      0    119     74 
    0    321     47     44     73     30      0      0      0      0   3201   1980      0      0 130215 130216      0      0      0      0    128     20 
    0    325     47     44     66     29      0      0      0      0   3201   1980      0      0 130215 130216      0      0      0      0    116     23 
    0    262     44     42      0      0      0      0      0      0   3201   1980      0      0 130215 130216      0      0      0      0      0      0 
    0    259     47     44     72     31      0      0      0      0   3201   1980      0      0 130215 130216      0      0      0      0    121     21 
    0    319     47     44     71     29      0      0      0      0   3201   1980      0      0 130215 130216      0      0      0      0    123     22 
    0    323     47     44     70     30      0      0      0      0   3201   1980      0      0 130215 130216      0      0      0      0    114     23 
    0    321     48     45     68     30      0      0      0      0   3201   1980      0      0 130215 130216      0      0      0      0    137     21 
    0    315     47     44     72     30      0      0      0      0   3201   1980      0      0 130215 130216      0      0      0      0    131     22 
    0    311     47     45     70     30      0      0      0      0   3201   1980      0      0 130215 130216      0      0      0      0    111     24 
    0    313     47     45     71     31      0      0      0      0   3201   1980      0      0 130215 130216      0      0      0      0    130     22 
    0    315     47     45     68     29      0      0      0      0   3201   1980      0      0 130215 130216      0      0      0      0    117     23 
    0    210     44     41      0      0      0      0      0      0   3201   1980      0      0 130215 130216      0      0      0      0      0      0 
    0    295     47     44     70     29      0      0      0      0   3201   1980      0      0 130215 130216      0      0      0      0    109     24 
    0    281     47     45     70     29      0      0      0      0   3201   1980      0      0 130215 130216      0      0      0      0    130     20 
    0    310     47     45     72     31      0      0      0      0   3201   1980      0      0 130215 130216      0      0      0      0    116     23 
    0    304     47     45     40     17      0      0      0      0   3201   1980      0      0 130215 130216      0      0      0      0      0      0 
    0    290     47     45     71     30      0      0      0      0   3201   1980      0      0 130215 130216      0      0      0      0    106     24 
    0    251     46     44     72     30      0      0      0      0   3201   1980      0      0 130215 130216      0      0      0      0    131     22 
    0    307     47     45     70     30      0      0      0      0   3201   1980      0      0 130215 130216      0      0      0      0    130     21 
    0    307     47     45     72     30      0      0      0      0   3201   1980      0      0 130215 130216      0      0      0      0    127     21 
    0    308     47     45     72     30      0      0      0      0   3201   1980      0      0 130215 130216      0      0      0      0    125     54 
    0    316     48     45     73     31      0      0      0      0   3201   1980      0      0 130215 130216      0      0      0      0    137     21 
    0    316     48     45     70     30      0      0      0      0   3201   1980      0      0 130215 130216      0      0      0      0    116     25 
    0    323     48     45     69     30      0      0      0      0   3201   1980      0      0 130215 130216      0      0      0      0    134     21 
    0    317     47     45     71     30      0      0      0      0   3201   1980      0      0 130215 130216      0      0      0      0    134     23 
    0    314     47     45     71     30      0      0      0      0   3201   1980      0      0 130215 130216      0      0      0      0    114     23 
    0    321     47     45     72     31      0      0      0      0   3201   1980      0      0 130215 130216      0      0      0      0    128     23 
    0    316     48     45     72     30      0      0      0      0   3201   1980      0      0 130215 130216      0      0      0      0    114     23 
    0    249     45     42      0      0      0      0      0      0   3201   1980      0      0 130215 130216      0      0      0      0    128     21 
    0    292     47     45     70     29      0      0      0      0   3201   1980      0      0 130215 130216      0      0      0      0    123     21 
    0    316     47     45     68     29      0      0      0      0   3201   1980      0      0 130215 130216      0      0      0      0    127     21 
    0    229     46     44     71     30      0      0      0      0   3201   1980      0      0 130215 130216      0      0      0      0    131     22 
    0    285     46     45     67     28      0      0      0      0   3201   1980      0      0 130215 130216      0      0      0      0      0      0 
    0    134     43     41      0      0      0      0      0      0   3201   1980      0      0 130215 130216      0      0      0      0      0      0 
    0    134     43     40      0      0      0      0      0      0   3201   1980      0      0 130215 130216      0      0      0      0      0      0 
    0    226     46     43     72     30      0      0      0      0   3201   1980      0      0 130215 130216      0      0      0      0     89     24 
    0    274     46     44     71     30      0      0      0      0   3201   1980      0      0 130215 130216      0      0      0      0    117     28 
# gpu    pwr  gtemp  mtemp     sm    mem    enc    dec    jpg    ofa   mclk   pclk  pviol  tviol     fb   bar1   ccpm  sbecc  dbecc    pci  rxpci  txpci 
# Idx      W      C      C      %      %      %      %      %      %    MHz    MHz      %   bool     MB     MB     MB   errs   errs   errs   MB/s   MB/s 
    0    318     46     44     73     31      0      0      0      0   3201   1980      0      0 130215 130216      0      0      0      0    132     22 
    0    298     46     43     69     29      0      0      0      0   3201   1980      0      0 130215 130216      0      0      0      0    131     22 
    0    314     47     44     70     30      0      0      0      0   3201   1980      0      0 130215 130216      0      0      0      0    116     25 
    0    313     47     45     72     30      0      0      0      0   3201   1980      0      0 130215 130216      0      0      0      0    137     21 
    0    281     45     44     37     16      0      0      0      0   3201   1980      0      0 130215 130216      0      0      0      0    114     22 
    0    262     44     43      0      0      0      0      0      0   3201   1980      0      0 130215 130216      0      0      0      0      0      0 
    0    167     45     42     71     30      0      0      0      0   3201   1980      0      0 130215 130216      0      0      0      0     81     21 
    0    270     46     44     72     31      0      0      0      0   3201   1980      0      0 130215 130216      0      0      0      0    131     22 
    0    318     46     45     71     30      0      0      0      0   3201   1980      0      0 130215 130216      0      0      0      0    117     21 
    0    327     48     45     71     29      0      0      0      0   3201   1980      0      0 130215 130216      0      0      0      0    116     24 
    0    312     47     45     72     30      0      0      0      0   3201   1980      0      0 130215 130216      0      0      0      0      0      0 
    0    219     46     44     72     30      0      0      0      0   3201   1980      0      0 130215 130216      0      0      0      0    106     23 
    0    319     47     44     70     31      0      0      0      0   3201   1980      0      0 130215 130216      0      0      0      0    134     25 
    0    310     47     45     59     25      0      0      0      0   3201   1980      0      0 130215 130216      0      0      0      0      0      0 
    0    210     46     44     72     30      0      0      0      0   3201   1980      0      0 130215 130216      0      0      0      0    128     26 
    0    316     47     44     71     29      0      0      0      0   3201   1980      0      0 130215 130216      0      0      0      0    111     24 
    0    316     47     45     73     31      0      0      0      0   3201   1980      0      0 130215 130216      0      0      0      0    125     25 
    0    282     45     43      0      0      0      0      0      0   3201   1980      0      0 130215 130216      0      0      0      0      1      0 
    0    219     46     44     70     29      0      0      0      0   3201   1980      0      0 130215 130216      0      0      0      0    124     22 
    0    316     47     45     69     30      0      0      0      0   3201   1980      0      0 130215 130216      0      0      0      0    140     22 
    0    284     45     45     23     10      0      0      0      0   3201   1980      0      0 130215 130216      0      0      0      0      0      1 
