# gpu    pwr  gtemp  mtemp     sm    mem    enc    dec    jpg    ofa   mclk   pclk  pviol  tviol     fb   bar1   ccpm  sbecc  dbecc    pci  rxpci  txpci 
# Idx      W      C      C      %      %      %      %      %      %    MHz    MHz      %   bool     MB     MB     MB   errs   errs   errs   MB/s   MB/s 
    0    144     41     38      0      0      0      0      0      0   3201   1980      0      0 130211 130212      0      0      0      0      0      0 
    0    136     41     38      0      0      0      0      0      0   3201   1980      0      0 130211 130212      0      0      0      0      0      0 
    0    132     41     37      0      0      0      0      0      0   3201   1980      0      0 130211 130212      0      0      0      0      0      0 
    0    132     41     37      0      0      0      0      0      0   3201   1980      0      0 130211 130212      0      0      0      0      0      0 
    0    132     41     37      0      0      0      0      0      0   3201   1980      0      0 130211 130212      0      0      0      0      0      0 
    0    132     41     37      0      0      0      0      0      0   3201   1980      0      0 130211 130212      0      0      0      0      0      0 
    0    132     40     37      0      0      0      0      0      0   3201   1980      0      0 130211 130212      0      0      0      0      0      0 
    0    132     40     37      0      0      0      0      0      0   3201   1980      0      0 130211 130212      0      0      0      0      0      0 
    0    132     40     37      0      0      0      0      0      0   3201   1980      0      0 130211 130212      0      0      0      0      0      0 
    0    132     40     37      0      0      0      0      0      0   3201   1980      0      0 130211 130212      0      0      0      0      0      0 
    0    132     40     37      0      0      0      0      0      0   3201   1980      0      0 130211 130212      0      0      0      0      0      0 
    0    132     40     37      0      0      0      0      0      0   3201   1980      0      0 130211 130212      0      0      0      0      0      0 
    0    132     40     37      0      0      0      0      0      0   3201   1980      0      0 130211 130212      0      0      0      0      0      0 
    0    156     42     39      0      0      0      0      0      0   3201   1980      0      0 130213 130214      0      0      0      0    105     25 
    0    170     41     38      0      0      0      0      0      0   3201   1980      0      0 130213 130214      0      0      0      0    104     24 
    0    181     41     38      0      0      0      0      0      0   3201   1980      0      0 130213 130214      0      0      0      0    114     23 
    0    195     42     41     70     29      0      0      0      0   3201   1980      0      0 130213 130214      0      0      0      0      0      0 
    0    209     41     39      0      0      0      0      0      0   3201   1980      0      0 130213 130214      0      0      0      0      0      1 
    0    218     44     41     71     29      0      0      0      0   3201   1980      0      0 130213 130214      0      0      0      0      0      0 
    0    136     41     38      0      0      0      0      0      0   3201   1980      0      0 130213 130214      0      0      0      0      0      1 
    0    147     43     37      0      0      0      0      0      0   3201   1980      0      0 130213 130214      0      0      0      0    114     24 
    0    173     41     38      0      0      0      0      0      0   3201   1980      0      0 130213 130214      0      0      0      0      0      1 
    0    132     41     37      0      0      0      0      0      0   3201   1980      0      0 130213 130214      0      0      0      0      0      0 
    0    132     40     37      0      0      0      0      0      0   3201   1980      0      0 130213 130214      0      0      0      0      0      1 
    0    279     44     42     71     30      0      0      0      0   3201   1980      0      0 130213 130214      0      0      0      0    112     24 
    0    149     41     38      0      0      0      0      0      0   3201   1980      0      0 130213 130214      0      0      0      0      0      1 
    0    210     43     41     62     25      0      0      0      0   3201   1980      0      0 130213 130214      0      0      0      0    117     24 
    0    189     42     41     63     27      0      0      0      0   3201   1980      0      0 130213 130214      0      0      0      0      0      0 
    0    133     41     38      0      0      0      0      0      0   3201   1980      0      0 130213 130214      0      0      0      0      0      0 
    0    132     41     37      0      0      0      0      0      0   3201   1980      0      0 130213 130214      0      0      0      0      0      0 
    0    282     43     42     59     25      0      0      0      0   3201   1980      0      0 130213 130214      0      0      0      0      0      0 
    0    133     41     38      0      0      0      0      0      0   3201   1980      0      0 130213 130214      0      0      0      0      0      0 
    0    177     41     38      0      0      0      0      0      0   3201   1980      0      0 130213 130214      0      0      0      0      0      0 
    0    180     42     40     70     30      0      0      0      0   3201   1980      0      0 130213 130214      0      0      0      0      0      0 
    0    133     41     38      0      0      0      0      0      0   3201   1980      0      0 130213 130214      0      0      0      0      0      0 
    0    182     42     41      0      0      0      0      0      0   3201   1980      0      0 130213 130214      0      0      0      0      0      0 
    0    133     41     37      0      0      0      0      0      0   3201   1980      0      0 130213 130214      0      0      0      0      0      0 
    0    132     41     37      0      0      0      0      0      0   3201   1980      0      0 130213 130214      0      0      0      0      0      0 
    0    132     40     37      0      0      0      0      0      0   3201   1980      0      0 130213 130214      0      0      0      0      0      0 
    0    267     44     42     70     30      0      0      0      0   3201   1980      0      0 130213 130214      0      0      0      0      1      0 
    0    168     43     40     39     15      0      0      0      0   3201   1980      0      0 130213 130214      0      0      0      0     45      0 
    0    194     41     39      0      0      0      0      0      0   3201   1980      0      0 130213 130214      0      0      0      0     15      0 
    0    147     43     38      0      0      0      0      0      0   3201   1980      0      0 130213 130214      0      0      0      0    132     22 
    0    200     41     38      0      0      0      0      0      0   3201   1980      0      0 130213 130214      0      0      0      0    130     22 
# gpu    pwr  gtemp  mtemp     sm    mem    enc    dec    jpg    ofa   mclk   pclk  pviol  tviol     fb   bar1   ccpm  sbecc  dbecc    pci  rxpci  txpci 
# Idx      W      C      C      %      %      %      %      %      %    MHz    MHz      %   bool     MB     MB     MB   errs   errs   errs   MB/s   MB/s 
    0    206     41     38      0      0      0      0      0      0   3201   1980      0      0 130213 130214      0      0      0      0      0      0 
    0    133     41     38      0      0      0      0      0      0   3201   1980      0      0 130213 130214      0      0      0      0      0      0 
    0    136     41     38      0      0      0      0      0      0   3201   1980      0      0 130213 130214      0      0      0      0    127     21 
    0    208     42     41     69     29      0      0      0      0   3201   1980      0      0 130213 130214      0      0      0      0      0      0 
    0    231     42     39      0      0      0      0      0      0   3201   1980      0      0 130213 130214      0      0      0      0      0      1 
    0    152     43     38      0      0      0      0      0      0   3201   1980      0      0 130213 130214      0      0      0      0    126     21 
    0    223     42     39     42     18      0      0      0      0   3201   1980      0      0 130213 130214      0      0      0      0      0      1 
    0    191     41     39      0      0      0      0      0      0   3201   1980      0      0 130213 130214      0      0      0      0      0      0 
    0    186     41     39      0      0      0      0      0      0   3201   1980      0      0 130213 130214      0      0      0      0      0      1 
    0    187     41     38      0      0      0      0      0      0   3201   1980      0      0 130213 130214      0      0      0      0      0      0 
    0    210     41     39      0      0      0      0      0      0   3201   1980      0      0 130213 130214      0      0      0      0      0      1 
    0    133     41     38      0      0      0      0      0      0   3201   1980      0      0 130213 130214      0      0      0      0      0      0 
    0    148     43     38     66     27      0      0      0      0   3201   1980      0      0 130213 130214      0      0      0      0    109     25 
    0    249     42     39      0      0      0      0      0      0   3201   1980      0      0 130213 130214      0      0      0      0    112     24 
    0    222     42     39      0      0      0      0      0      0   3201   1980      0      0 130213 130214      0      0      0      0    128     26 
    0    162     41     39      0      0      0      0      0      0   3201   1980      0      0 130213 130214      0      0      0      0      1      0 
    0    198     41     39      0      0      0      0      0      0   3201   1980      0      0 130213 130214      0      0      0      0      0      0 
    0    186     41     39      0      0      0      0      0      0   3201   1980      0      0 130213 130214      0      0      0      0      0      0 
    0    253     45     42     74     31      0      0      0      0   3201   1980      0      0 130213 130214      0      0      0      0    109     21 
    0    241     42     41      0      0      0      0      0      0   3201   1980      0      0 130213 130214      0      0      0      0      0      0 
    0    197     44     40     71     30      0      0      0      0   3201   1980      0      0 130213 130214      0      0      0      0    128     21 
    0    189     42     39      0      0      0      0      0      0   3201   1980      0      0 130213 130214      0      0      0      0      0      0 
    0    133     41     38      0      0      0      0      0      0   3201   1980      0      0 130213 130214      0      0      0      0      0      0 
    0    133     41     38      0      0      0      0      0      0   3201   1980      0      0 130213 130214      0      0      0      0      0      0 
    0    132     41     38      0      0      0      0      0      0   3201   1980      0      0 130213 130214      0      0      0      0      0      0 
    0    278     45     42     70     30      0      0      0      0   3201   1980      0      0 130213 130214      0      0      0      0    120     22 
    0    192     44     41     69     29      0      0      0      0   3201   1980      0      0 130213 130214      0      0      0      0    111     24 
    0    242     44     42     66     28      0      0      0      0   3201   1980      0      0 130213 130214      0      0      0      0    117     21 
    0    244     42     40      0      0      0      0      0      0   3201   1980      0      0 130213 130214      0      0      0      0      0      0 
    0    248     43     43      0      0      0      0      0      0   3201   1980      0      0 130213 130214      0      0      0      0    111     24 
    0    169     42     39      0      0      0      0      0      0   3201   1980      0      0 130213 130214      0      0      0      0      0      0 
    0    190     44     42     71     28      0      0      0      0   3201   1980      0      0 130213 130214      0      0      0      0      0      0 
    0    133     41     38      0      0      0      0      0      0   3201   1980      0      0 130213 130214      0      0      0      0      0      0 
    0    218     44     42     70     29      0      0      0      0   3201   1980      0      0 130213 130214      0      0      0      0      0      0 
    0    133     41     38      0      0      0      0      0      0   3201   1980      0      0 130213 130214      0      0      0      0      0      0 
    0    133     41     38      0      0      0      0      0      0   3201   1980      0      0 130213 130214      0      0      0      0      1      1 
    0    132     41     38      0      0      0      0      0      0   3201   1980      0      0 130213 130214      0      0      0      0      0      0 
    0    196     43     38     71     29      0      0      0      0   3201   1980      0      0 130213 130214      0      0      0      0    109     24 
    0    153     41     38      0      0      0      0      0      0   3201   1980      0      0 130213 130214      0      0      0      0      0      0 
    0    133     41     38      0      0      0      0      0      0   3201   1980      0      0 130213 130214      0      0      0      0      0      1 
    0    132     41     38      0      0      0      0      0      0   3201   1980      0      0 130213 130214      0      0      0      0      0      0 
    0    186     42     40      0      0      0      0      0      0   3201   1980      0      0 130213 130214      0      0      0      0      0      6 
    0    190     41     39      0      0      0      0      0      0   3201   1980      0      0 130213 130214      0      0      0      0      0      0 
    0    186     44     41     73     31      0      0      0      0   3201   1980      0      0 130213 130214      0      0      0      0    124     23 
# gpu    pwr  gtemp  mtemp     sm    mem    enc    dec    jpg    ofa   mclk   pclk  pviol  tviol     fb   bar1   ccpm  sbecc  dbecc    pci  rxpci  txpci 
# Idx      W      C      C      %      %      %      %      %      %    MHz    MHz      %   bool     MB     MB     MB   errs   errs   errs   MB/s   MB/s 
    0    296     45     43     25     10      0      0      0      0   3201   1980      0      0 130213 130214      0      0      0      0    114     22 
    0    247     43     43      0      0      0      0      0      0   3201   1980      0      0 130213 130214      0      0      0      0      0      1 
    0    179     44     42     70     30      0      0      0      0   3201   1980      0      0 130213 130214      0      0      0      0      0      0 
    0    205     44     41     31     12      0      0      0      0   3201   1980      0      0 130213 130214      0      0      0      0    110      4 
    0    216     45     43     49     20      0      0      0      0   3201   1980      0      0 130213 130214      0      0      0      0      0      0 
    0    201     43     42      0      0      0      0      0      0   3201   1980      0      0 130213 130214      0      0      0      0      0      0 
    0    133     41     38      0      0      0      0      0      0   3201   1980      0      0 130213 130214      0      0      0      0      0      0 
    0    133     41     38      0      0      0      0      0      0   3201   1980      0      0 130213 130214      0      0      0      0      0     13 
    0    255     43     43     71     30      0      0      0      0   3201   1980      0      0 130213 130214      0      0      0      0      0      0 
    0    205     43     42      0      0      0      0      0      0   3201   1980      0      0 130213 130214      0      0      0      0      0      0 
    0    149     44     38     56     22      0      0      0      0   3201   1980      0      0 130213 130214      0      0      0      0    128     21 
    0    244     42     39      0      0      0      0      0      0   3201   1980      0      0 130213 130214      0      0      0      0      0      0 
    0    194     42     39      0      0      0      0      0      0   3201   1980      0      0 130213 130214      0      0      0      0      0      0 
    0    144     41     38     13      4      0      0      0      0   3201   1980      0      0 130213 130214      0      0      0      0    114     24 
    0    209     41     39      0      0      0      0      0      0   3201   1980      0      0 130213 130214      0      0      0      0      0      8 
    0    243     42     39      0      0      0      0      0      0   3201   1980      0      0 130213 130214      0      0      0      0      0      0 
    0    174     44     42     71     30      0      0      0      0   3201   1980      0      0 130213 130214      0      0      0      0      0      0 
    0    133     41     38      0      0      0      0      0      0   3201   1980      0      0 130213 130214      0      0      0      0      0      0 
    0    133     41     38      0      0      0      0      0      0   3201   1980      0      0 130213 130214      0      0      0      0      0      0 
    0    164     43     41     50     20      0      0      0      0   3201   1980      0      0 130213 130214      0      0      0      0    115     22 
    0    300     44     43     72     31      0      0      0      0   3201   1980      0      0 130213 130214      0      0      0      0    127     25 
    0    189     44     41     70     29      0      0      0      0   3201   1980      0      0 130213 130214      0      0      0      0      0      0 
    0    204     46     42     72     29      0      0      0      0   3201   1980      0      0 130213 130214      0      0      0      0    130     23 
    0    167     41     39      0      0      0      0      0      0   3201   1980      0      0 130213 130214      0      0      0      0      0      0 
    0    133     41     38      0      0      0      0      0      0   3201   1980      0      0 130213 130214      0      0      0      0      0      1 
    0    167     43     39     71     30      0      0      0      0   3201   1980      0      0 130213 130214      0      0      0      0    115     22 
    0    222     42     39      0      0      0      0      0      0   3201   1980      0      0 130213 130214      0      0      0      0      0      1 
    0    133     41     38      0      0      0      0      0      0   3201   1980      0      0 130213 130214      0      0      0      0      0      0 
    0    178     41     39      0      0      0      0      0      0   3201   1980      0      0 130213 130214      0      0      0      0      0      1 
    0    231     44     42     43     18      0      0      0      0   3201   1980      0      0 130213 130214      0      0      0      0      0      0 
    0    133     41     38      0      0      0      0      0      0   3201   1980      0      0 130213 130214      0      0      0      0      0      1 
    0    220     44     41     58     24      0      0      0      0   3201   1980      0      0 130213 130214      0      0      0      0     96     21 
    0    146     41     38      0      0      0      0      0      0   3201   1980      0      0 130213 130214      0      0      0      0      0      1 
    0    158     43     38     70     29      0      0      0      0   3201   1980      0      0 130213 130214      0      0      0      0    128     23 
    0    209     44     41     68     29      0      0      0      0   3201   1980      0      0 130213 130214      0      0      0      0      0      0 
    0    133     41     38      0      0      0      0      0      0   3201   1980      0      0 130213 130214      0      0      0      0      0      0 
    0    165     43     39     46     18      0      0      0      0   3201   1980      0      0 130213 130214      0      0      0      0     57      0 
    0    148     41     38      0      0      0      0      0      0   3201   1980      0      0 130213 130214      0      0      0      0    109     24 
    0    160     41     38      0      0      0      0      0      0   3201   1980      0      0 130213 130214      0      0      0      0      0      0 
    0    189     41     39     39     15      0      0      0      0   3201   1980      0      0 130213 130214      0      0      0      0    114     25 
    0    164     41     38      0      0      0      0      0      0   3201   1980      0      0 130213 130214      0      0      0      0      0      0 
    0    133     41     38      0      0      0      0      0      0   3201   1980      0      0 130213 130214      0      0      0      0      0      0 
    0    149     43     38     55     22      0      0      0      0   3201   1980      0      0 130213 130214      0      0      0      0    113     24 
    0    168     41     38     23      8      0      0      0      0   3201   1980      0      0 130213 130214      0      0      0      0    121     21 
# gpu    pwr  gtemp  mtemp     sm    mem    enc    dec    jpg    ofa   mclk   pclk  pviol  tviol     fb   bar1   ccpm  sbecc  dbecc    pci  rxpci  txpci 
# Idx      W      C      C      %      %      %      %      %      %    MHz    MHz      %   bool     MB     MB     MB   errs   errs   errs   MB/s   MB/s 
    0    204     42     39      0      0      0      0      0      0   3201   1980      0      0 130213 130214      0      0      0      0      0      0 
    0    258     45     42     73     31      0      0      0      0   3201   1980      0      0 130213 130214      0      0      0      0    109     22 
    0    220     44     42     72     30      0      0      0      0   3201   1980      0      0 130213 130214      0      0      0      0      0      0 
    0    188     41     39      0      0      0      0      0      0   3201   1980      0      0 130213 130214      0      0      0      0    131     22 
    0    295     45     43     71     30      0      0      0      0   3201   1980      0      0 130213 130214      0      0      0      0    117     22 
    0    219     44     40      0      0      0      0      0      0   3201   1980      0      0 130213 130214      0      0      0      0    128     19 
    0    185     44     42     36     15      0      0      0      0   3201   1980      0      0 130213 130214      0      0      0      0      0      0 
    0    172     42     40      0      0      0      0      0      0   3201   1980      0      0 130213 130214      0      0      0      0      0      0 
    0    211     44     42     71     30      0      0      0      0   3201   1980      0      0 130213 130214      0      0      0      0    127     10 
    0    193     43     42     46     19      0      0      0      0   3201   1980      0      0 130213 130214      0      0      0      0      0      1 
    0    181     42     39      0      0      0      0      0      0   3201   1980      0      0 130213 130214      0      0      0      0      0      0 
    0    133     41     38      0      0      0      0      0      0   3201   1980      0      0 130213 130214      0      0      0      0      0      1 
    0    229     44     42     71     30      0      0      0      0   3201   1980      0      0 130213 130214      0      0      0      0      0      0 
    0    195     42     39      0      0      0      0      0      0   3201   1980      0      0 130213 130214      0      0      0      0      0      1 
    0    133     41     38      0      0      0      0      0      0   3201   1980      0      0 130213 130214      0      0      0      0      0      0 
    0    191     42     41      0      0      0      0      0      0   3201   1980      0      0 130213 130214      0      0      0      0      0      1 
    0    133     41     38      0      0      0      0      0      0   3201   1980      0      0 130213 130214      0      0      0      0      0      5 
    0    224     42     39      0      0      0      0      0      0   3201   1980      0      0 130213 130214      0      0      0      0      0      1 
    0    278     45     43     72     30      0      0      0      0   3201   1980      0      0 130213 130214      0      0      0      0      0      0 
    0    139     41     39      0      0      0      0      0      0   3201   1980      0      0 130213 130214      0      0      0      0      0      1 
    0    174     44     42     70     29      0      0      0      0   3201   1980      0      0 130213 130214      0      0      0      0    108      6 
    0    147     41     38      0      0      0      0      0      0   3201   1980      0      0 130213 130214      0      0      0      0    129     23 
    0    182     41     38      0      0      0      0      0      0   3201   1980      0      0 130213 130214      0      0      0      0      0      0 
    0    133     41     38      0      0      0      0      0      0   3201   1980      0      0 130213 130214      0      0      0      0      0      0 
    0    132     41     38      0      0      0      0      0      0   3201   1980      0      0 130213 130214      0      0      0      0      0      0 
    0    132     41     38      0      0      0      0      0      0   3201   1980      0      0 130213 130214      0      0      0      0      0      0 
    0    132     41     38      0      0      0      0      0      0   3201   1980      0      0 130213 130214      0      0      0      0      0      0 
    0    132     41     38      0      0      0      0      0      0   3201   1980      0      0 130213 130214      0      0      0      0      0      0 
    0    206     44     41     71     30      0      0      0      0   3201   1980      0      0 130213 130214      0      0      0      0      0      0 
    0    137     41     38      0      0      0      0      0      0   3201   1980      0      0 130213 130214      0      0      0      0      0      0 
    0    206     44     41     73     31      0      0      0      0   3201   1980      0      0 130213 130214      0      0      0      0    116     22 
    0    275     46     42     72     29      0      0      0      0   3201   1980      0      0 130213 130214      0      0      0      0    111     24 
    0    202     42     39      0      0      0      0      0      0   3201   1980      0      0 130213 130214      0      0      0      0      0      0 
    0    183     44     41     71     30      0      0      0      0   3201   1980      0      0 130213 130214      0      0      0      0      0      0 
    0    133     41     38      0      0      0      0      0      0   3201   1980      0      0 130213 130214      0      0      0      0      0      0 
    0    221     42     41      0      0      0      0      0      0   3201   1980      0      0 130213 130214      0      0      0      0      0      0 
    0    306     45     43     73     31      0      0      0      0   3201   1980      0      0 130213 130214      0      0      0      0    125     21 
    0    184     43     41     11      3      0      0      0      0   3201   1980      0      0 130213 130214      0      0      0      0    127     22 
    0    204     42     40      0      0      0      0      0      0   3201   1980      0      0 130213 130214      0      0      0      0      0      0 
    0    180     44     42     36     15      0      0      0      0   3201   1980      0      0 130213 130214      0      0      0      0      0      0 
    0    133     41     38      0      0      0      0      0      0   3201   1980      0      0 130213 130214      0      0      0      0      0      0 
    0    184     43     42     71     30      0      0      0      0   3201   1980      0      0 130213 130214      0      0      0      0      0      1 
    0    133     41     38      0      0      0      0      0      0   3201   1980      0      0 130213 130214      0      0      0      0      1      0 
    0    132     41     38      0      0      0      0      0      0   3201   1980      0      0 130213 130214      0      0      0      0      0      1 
# gpu    pwr  gtemp  mtemp     sm    mem    enc    dec    jpg    ofa   mclk   pclk  pviol  tviol     fb   bar1   ccpm  sbecc  dbecc    pci  rxpci  txpci 
# Idx      W      C      C      %      %      %      %      %      %    MHz    MHz      %   bool     MB     MB     MB   errs   errs   errs   MB/s   MB/s 
    0    132     41     38      0      0      0      0      0      0   3201   1980      0      0 130213 130214      0      0      0      0      0      0 
    0    182     41     38      0      0      0      0      0      0   3201   1980      0      0 130213 130214      0      0      0      0      0      1 
    0    132     41     38      0      0      0      0      0      0   3201   1980      0      0 130213 130214      0      0      0      0      4     18 
    0    272     42     40      0      0      0      0      0      0   3201   1980      0      0 130213 130214      0      0      0      0      0      1 
    0    183     44     40     70     29      0      0      0      0   3201   1980      0      0 130213 130214      0      0      0      0    117     21 
    0    244     44     42     74     31      0      0      0      0   3201   1980      0      0 130213 130214      0      0      0      0    113     25 
    0    184     41     39      0      0      0      0      0      0   3201   1980      0      0 130213 130214      0      0      0      0      0      0 
    0    221     44     42     72     30      0      0      0      0   3201   1980      0      0 130213 130214      0      0      0      0      0      1 
    0    180     41     39      0      0      0      0      0      0   3201   1980      0      0 130213 130214      0      0      0      0     15      0 
    0    133     41     38      0      0      0      0      0      0   3201   1980      0      0 130213 130214      0      0      0      0      0      1 
    0    182     42     40     38     16      0      0      0      0   3201   1980      0      0 130213 130214      0      0      0      0      0      0 
    0    158     44     40     69     26      0      0      0      0   3201   1980      0      0 130213 130214      0      0      0      0    128     20 
    0    223     44     39      0      0      0      0      0      0   3201   1980      0      0 130213 130214      0      0      0      0    125     21 
    0    202     44     42     15      5      0      0      0      0   3201   1980      0      0 130213 130214      0      0      0      0    113     22 
    0    215     41     39      0      0      0      0      0      0   3201   1980      0      0 130213 130214      0      0      0      0      0      0 
    0    133     41     38      0      0      0      0      0      0   3201   1980      0      0 130213 130214      0      0      0      0      0      0 
    0    172     44     41     67     28      0      0      0      0   3201   1980      0      0 130213 130214      0      0      0      0      0      0 
    0    188     43     42     71     30      0      0      0      0   3201   1980      0      0 130213 130214      0      0      0      0      0      0 
    0    179     41     39      0      0      0      0      0      0   3201   1980      0      0 130213 130214      0      0      0      0      0      0 
    0    172     41     38      0      0      0      0      0      0   3201   1980      0      0 130213 130214      0      0      0      0      0      0 
    0    190     44     39     16      6      0      0      0      0   3201   1980      0      0 130213 130214      0      0      0      0    114     25 
    0    290     45     43     71     28      0      0      0      0   3201   1980      0      0 130213 130214      0      0      0      0    111      7 
    0    150     41     39      0      0      0      0      0      0   3201   1980      0      0 130213 130214      0      0      0      0      0      0 
    0    133     41     38      0      0      0      0      0      0   3201   1980      0      0 130213 130214      0      0      0      0      0      0 
    0    176     42     40      6      2      0      0      0      0   3201   1980      0      0 130213 130214      0      0      0      0      0      0 
    0    151     43     39      0      0      0      0      0      0   3201   1980      0      0 130213 130214      0      0      0      0    113     22 
    0    253     45     42     71     29      0      0      0      0   3201   1980      0      0 130213 130214      0      0      0      0    133      0 
    0    277     45     43     72     31      0      0      0      0   3201   1980      0      0 130213 130214      0      0      0      0      0      0 
