# gpu    pwr  gtemp  mtemp     sm    mem    enc    dec    jpg    ofa   mclk   pclk  pviol  tviol     fb   bar1   ccpm  sbecc  dbecc    pci  rxpci  txpci 
# Idx      W      C      C      %      %      %      %      %      %    MHz    MHz      %   bool     MB     MB     MB   errs   errs   errs   MB/s   MB/s 
    0    133     36     33      9      3      0      0      0      0   3201   1980      0      0 130211 130212      0      0      0      0      0      0 
    0    130     36     33      0      0      0      0      0      0   3201   1980      0      0 130211 130212      0      0      0      0      0      0 
    0    129     36     33      0      0      0      0      0      0   3201   1980      0      0 130211 130212      0      0      0      0      0      0 
    0    130     36     33      0      0      0      0      0      0   3201   1980      0      0 130211 130212      0      0      0      0      0      0 
    0    133     36     33      0      0      0      0      0      0   3201   1980      0      0 130211 130212      0      0      0      0      0      0 
    0    133     36     33      0      0      0      0      0      0   3201   1980      0      0 130211 130212      0      0      0      0      0      0 
    0    133     36     33      0      0      0      0      0      0   3201   1980      0      0 130211 130212      0      0      0      0      0      0 
    0    133     36     33      0      0      0      0      0      0   3201   1980      0      0 130211 130212      0      0      0      0      0      0 
    0    133     36     33      0      0      0      0      0      0   3201   1980      0      0 130211 130212      0      0      0      0      0      1 
    0    133     36     33      0      0      0      0      0      0   3201   1980      0      0 130211 130212      0      0      0      0      0      0 
    0    133     36     33      0      0      0      0      0      0   3201   1980      0      0 130211 130212      0      0      0      0      0      1 
    0    133     36     33      0      0      0      0      0      0   3201   1980      0      0 130211 130212      0      0      0      0      0      0 
    0    133     36     33      0      0      0      0      0      0   3201   1980      0      0 130211 130212      0      0      0      0      0      1 
    0    289     40     37     71     29      0      0      0      0   3201   1980      0      0 130213 130214      0      0      0      0      0      0 
    0    297     41     38     66     26      0      0      0      0   3201   1980      0      0 130213 130214      0      0      0      0    125     25 
    0    318     42     39     73     29      0      0      0      0   3201   1980      0      0 130213 130214      0      0      0      0    130     22 
    0    294     42     39     71     31      0      0      0      0   3201   1980      0      0 130213 130214      0      0      0      0    143     22 
    0    341     43     39     77     30      0      0      0      0   3201   1980      0      0 130213 130214      0      0      0      0    117     23 
    0    324     42     39     71     27      0      0      0      0   3201   1980      0      0 130213 130214      0      0      0      0    123     24 
    0    327     40     38      0      0      0      0      0      0   3201   1980      0      0 130213 130214      0      0      0      0      0      0 
    0    334     43     37     69     28      0      0      0      0   3201   1980      0      0 130213 130214      0      0      0      0    132     21 
    0    309     42     40     72     31      0      0      0      0   3201   1980      0      0 130213 130214      0      0      0      0    125     21 
    0    358     43     41     70     29      0      0      0      0   3201   1980      0      0 130213 130214      0      0      0      0    118     25 
    0    351     44     40     71     29      0      0      0      0   3201   1980      0      0 130213 130214      0      0      0      0    149     23 
    0    337     42     41     47     18      0      0      0      0   3201   1980      0      0 130213 130214      0      0      0      0    119     22 
    0    323     42     41     74     31      0      0      0      0   3201   1980      0      0 130213 130214      0      0      0      0    117     24 
    0    331     43     41     72     28      0      0      0      0   3201   1980      0      0 130213 130214      0      0      0      0    102     24 
    0    333     43     41     72     29      0      0      0      0   3201   1980      0      0 130213 130214      0      0      0      0    112     24 
    0    360     44     41     69     29      0      0      0      0   3201   1980      0      0 130213 130214      0      0      0      0    136     22 
    0    333     43     41     67     27      0      0      0      0   3201   1980      0      0 130213 130214      0      0      0      0    107     22 
    0    314     43     41     72     30      0      0      0      0   3201   1980      0      0 130213 130214      0      0      0      0      0      1 
    0    241     45     40     70     27      0      0      0      0   3201   1980      0      0 130213 130214      0      0      0      0    120     24 
    0    345     43     41     70     29      0      0      0      0   3201   1980      0      0 130213 130214      0      0      0      0    107     25 
    0    289     43     40     72     26      0      0      0      0   3201   1980      0      0 130213 130214      0      0      0      0    122     19 
    0    369     43     41     70     28      0      0      0      0   3201   1980      0      0 130213 130214      0      0      0      0    115     22 
    0    336     43     42     68     29      0      0      0      0   3201   1980      0      0 130213 130214      0      0      0      0    122     23 
    0    339     45     42     72     28      0      0      0      0   3201   1980      0      0 130213 130214      0      0      0      0    138     23 
    0    211     39     37      0      0      0      0      0      0   3201   1980      0      0 130213 130214      0      0      0      0      0      0 
