# gpu    pwr  gtemp  mtemp     sm    mem    enc    dec    jpg    ofa   mclk   pclk  pviol  tviol     fb   bar1   ccpm  sbecc  dbecc    pci  rxpci  txpci 
# Idx      W      C      C      %      %      %      %      %      %    MHz    MHz      %   bool     MB     MB     MB   errs   errs   errs   MB/s   MB/s 
    0    133     36     33      5      2      0      0      0      0   3201   1980      0      0 130211 130212      0      0      0      0      0      0 
    0    130     36     33      0      0      0      0      0      0   3201   1980      0      0 130211 130212      0      0      0      0      0      0 
    0    130     36     33      0      0      0      0      0      0   3201   1980      0      0 130211 130212      0      0      0      0      1      0 
    0    130     36     33      0      0      0      0      0      0   3201   1980      0      0 130211 130212      0      0      0      0      0      0 
    0    130     36     33      0      0      0      0      0      0   3201   1980      0      0 130211 130212      0      0      0      0      0      0 
    0    129     36     33      0      0      0      0      0      0   3201   1980      0      0 130211 130212      0      0      0      0      0      0 
    0    129     36     33      0      0      0      0      0      0   3201   1980      0      0 130211 130212      0      0      0      0      0      0 
    0    129     36     33      0      0      0      0      0      0   3201   1980      0      0 130211 130212      0      0      0      0      0      0 
    0    129     36     33      0      0      0      0      0      0   3201   1980      0      0 130211 130212      0      0      0      0      0      0 
    0    129     36     33      0      0      0      0      0      0   3201   1980      0      0 130211 130212      0      0      0      0      0      0 
    0    129     36     33      0      0      0      0      0      0   3201   1980      0      0 130211 130212      0      0      0      0      0      0 
    0    129     36     33      0      0      0      0      0      0   3201   1980      0      0 130211 130212      0      0      0      0      0      0 
    0    129     35     33      0      0      0      0      0      0   3201   1980      0      0 130211 130212      0      0      0      0      0      0 
    0    249     39     37     71     30      0      0      0      0   3201   1980      0      0 130213 130214      0      0      0      0    134     22 
    0    316     40     38     72     30      0      0      0      0   3201   1980      0      0 130213 130214      0      0      0      0    110     25 
    0    204     39     35     33     13      0      0      0      0   3201   1980      0      0 130213 130214      0      0      0      0    134     24 
    0    310     40     38     71     30      0      0      0      0   3201   1980      0      0 130213 130214      0      0      0      0      0      1 
    0    261     40     38     69     29      0      0      0      0   3201   1980      0      0 130213 130214      0      0      0      0    113     25 
    0    278     40     38     41     16      0      0      0      0   3201   1980      0      0 130213 130214      0      0      0      0      0      1 
    0    188     39     38     71     30      0      0      0      0   3201   1980      0      0 130213 130214      0      0      0      0     90     22 
    0    298     41     39     70     27      0      0      0      0   3201   1980      0      0 130213 130214      0      0      0      0    110     25 
    0    232     41     38     71     28      0      0      0      0   3201   1980      0      0 130213 130214      0      0      0      0    121     24 
    0    306     43     39     70     29      0      0      0      0   3201   1980      0      0 130213 130214      0      0      0      0    128     22 
    0    254     38     36      0      0      0      0      0      0   3201   1980      0      0 130213 130214      0      0      0      0      0     14 
    0    315     44     39     65     27      0      0      0      0   3201   1980      0      0 130213 130214      0      0      0      0    114     26 
    0    328     42     40     70     31      0      0      0      0   3201   1980      0      0 130213 130214      0      0      0      0    110     20 
    0    192     38     35      0      0      0      0      0      0   3201   1980      0      0 130213 130214      0      0      0      0      0      1 
    0    336     42     39     70     27      0      0      0      0   3201   1980      0      0 130213 130214      0      0      0      0    119     24 
    0    301     41     39     72     30      0      0      0      0   3201   1980      0      0 130213 130214      0      0      0      0    107     25 
    0    191     38     36      0      0      0      0      0      0   3201   1980      0      0 130213 130214      0      0      0      0      0      0 
    0    214     38     35      0      0      0      0      0      0   3201   1980      0      0 130213 130214      0      0      0      0      0      0 
    0    298     43     38     68     29      0      0      0      0   3201   1980      0      0 130213 130214      0      0      0      0    122     23 
    0    327     41     39     66     26      0      0      0      0   3201   1980      0      0 130213 130214      0      0      0      0    126     22 
    0    278     42     38      0      0      0      0      0      0   3201   1980      0      0 130213 130214      0      0      0      0    113     25 
    0    325     45     40     71     31      0      0      0      0   3201   1980      0      0 130213 130214      0      0      0      0    136     23 
    0    302     42     40     70     28      0      0      0      0   3201   1980      0      0 130213 130214      0      0      0      0    106     24 
    0    256     41     38     73     31      0      0      0      0   3201   1980      0      0 130213 130214      0      0      0      0    125     22 
    0    283     39     37      0      0      0      0      0      0   3201   1980      0      0 130213 130214      0      0      0      0      0      0 
    0    230     40     39      8      2      0      0      0      0   3201   1980      0      0 130213 130214      0      0      0      0    113     22 
    0    269     41     40     68     29      0      0      0      0   3201   1980      0      0 130213 130214      0      0      0      0      0      0 
    0    226     39     37      0      0      0      0      0      0   3201   1980      0      0 130213 130214      0      0      0      0    125     23 
    0    283     41     39     70     30      0      0      0      0   3201   1980      0      0 130213 130214      0      0      0      0     88      0 
    0    220     41     39     70     29      0      0      0      0   3201   1980      0      0 130213 130214      0      0      0      0    128     22 
    0    338     44     40     70     27      0      0      0      0   3201   1980      0      0 130213 130214      0      0      0      0    137     40 
# gpu    pwr  gtemp  mtemp     sm    mem    enc    dec    jpg    ofa   mclk   pclk  pviol  tviol     fb   bar1   ccpm  sbecc  dbecc    pci  rxpci  txpci 
# Idx      W      C      C      %      %      %      %      %      %    MHz    MHz      %   bool     MB     MB     MB   errs   errs   errs   MB/s   MB/s 
    0    326     42     41     67     27      0      0      0      0   3201   1980      0      0 130213 130214      0      0      0      0    107     24 
    0    254     41     39     27     10      0      0      0      0   3201   1980      0      0 130213 130214      0      0      0      0    131     22 
    0    253     41     39     70     30      0      0      0      0   3201   1980      0      0 130213 130214      0      0      0      0      0      0 
    0    251     38     37     15      5      0      0      0      0   3201   1980      0      0 130213 130214      0      0      0      0    123     23 
    0    237     38     36      0      0      0      0      0      0   3201   1980      0      0 130213 130214      0      0      0      0      0      0 
    0    131     37     35      0      0      0      0      0      0   3201   1980      0      0 130213 130214      0      0      0      0    117     23 
    0    290     41     39     73     29      0      0      0      0   3201   1980      0      0 130213 130214      0      0      0      0    131      0 
    0    255     42     40     71     30      0      0      0      0   3201   1980      0      0 130213 130214      0      0      0      0    113     21 
    0    302     41     40     64     27      0      0      0      0   3201   1980      0      0 130213 130214      0      0      0      0      0      0 
    0    205     38     36      0      0      0      0      0      0   3201   1980      0      0 130213 130214      0      0      0      0      0      0 
    0    296     41     39     71     30      0      0      0      0   3201   1980      0      0 130213 130214      0      0      0      0    128     17 
    0    337     44     40     70     29      0      0      0      0   3201   1980      0      0 130213 130214      0      0      0      0    123     25 
    0    251     42     39     72     31      0      0      0      0   3201   1980      0      0 130213 130214      0      0      0      0    133     22 
    0    274     39     37      0      0      0      0      0      0   3201   1980      0      0 130213 130214      0      0      0      0    126     23 
    0    316     42     41     71     30      0      0      0      0   3201   1980      0      0 130213 130214      0      0      0      0    123     21 
    0    294     39     39      8      3      0      0      0      0   3201   1980      0      0 130213 130214      0      0      0      0    107     24 
    0    303     42     41     71     30      0      0      0      0   3201   1980      0      0 130213 130214      0      0      0      0    121     24 
