# gpu    pwr  gtemp  mtemp     sm    mem    enc    dec    jpg    ofa   mclk   pclk  pviol  tviol     fb   bar1   ccpm  sbecc  dbecc    pci  rxpci  txpci 
# Idx      W      C      C      %      %      %      %      %      %    MHz    MHz      %   bool     MB     MB     MB   errs   errs   errs   MB/s   MB/s 
    0    130     33     32      0      0      0      0      0      0   3201   1980      0      0 130135 130136      0      0      0      0      0      0 
    0    130     33     32      0      0      0      0      0      0   3201   1980      0      0 130135 130136      0      0      0      0      0      0 
    0    130     33     32      0      0      0      0      0      0   3201   1980      0      0 130135 130136      0      0      0      0      0      0 
    0    130     33     32      0      0      0      0      0      0   3201   1980      0      0 130135 130136      0      0      0      0      0      0 
    0    130     33     32      0      0      0      0      0      0   3201   1980      0      0 130135 130136      0      0      0      0      0      0 
    0    130     33     32      0      0      0      0      0      0   3201   1980      0      0 130135 130136      0      0      0      0      0      0 
    0    130     33     32      0      0      0      0      0      0   3201   1980      0      0 130135 130136      0      0      0      0      0      0 
    0    130     33     32      0      0      0      0      0      0   3201   1980      0      0 130135 130136      0      0      0      0      0      0 
    0    130     33     32      0      0      0      0      0      0   3201   1980      0      0 130135 130136      0      0      0      0      0      1 
    0    130     33     32      0      0      0      0      0      0   3201   1980      0      0 130135 130136      0      0      0      0      0      0 
    0    130     33     32      0      0      0      0      0      0   3201   1980      0      0 130135 130136      0      0      0      0      0      1 
    0    129     33     32      0      0      0      0      0      0   3201   1980      0      0 130135 130136      0      0      0      0      0      0 
    0    129     33     32      0      0      0      0      0      0   3201   1980      0      0 130135 130136      0      0      0      0      0      1 
    0    130     33     32      9      4      0      0      0      0   3201   1980      0      0 130137 130138      0      0      0      0      0      9 
    0    231     37     34     79     41      0      0      0      0   3201   1980      0      0 130139 130140      0      0      0      0      0      1 
    0    211     33     33      0      0      0      0      0      0   3201   1980      0      0 130139 130140      0      0      0      0     68     17 
    0    211     33     33      0      0      0      0      0      0   3201   1980      0      0 130139 130140      0      0      0      0      0      1 
    0    166     33     33      0      0      0      0      0      0   3201   1980      0      0 130139 130140      0      0      0      0      0      0 
    0    130     33     32      0      0      0      0      0      0   3201   1980      0      0 130139 130140      0      0      0      0     60     19 
    0    201     33     33      0      0      0      0      0      0   3201   1980      0      0 130139 130140      0      0      0      0     66     17 
    0    248     35     35     89     48      0      0      0      0   3201   1980      0      0 130139 130140      0      0      0      0      0      0 
    0    130     33     32      3      1      0      0      0      0   3201   1980      0      0 130139 130140      0      0      0      0     64     16 
    0    214     33     33      2      1      0      0      0      0   3201   1980      0      0 130141 130142      0      0      0      0     66     17 
    0    180     34     33      0      0      0      0      0      0   3201   1980      0      0 130141 130142      0      0      0      0      0      0 
    0    169     34     33     11      6      0      0      0      0   3201   1980      0      0 130141 130142      0      0      0      0      0      0 
    0    130     33     32      0      0      0      0      0      0   3201   1980      0      0 130141 130142      0      0      0      0      0      0 
    0    170     34     33      0      0      0      0      0      0   3201   1980      0      0 130141 130142      0      0      0      0      0      0 
    0    206     34     33      0      0      0      0      0      0   3201   1980      0      0 130141 130142      0      0      0      0      0      0 
    0    220     34     33      0      0      0      0      0      0   3201   1980      0      0 130141 130142      0      0      0      0     65     16 
    0    180     34     33      0      0      0      0      0      0   3201   1980      0      0 130141 130142      0      0      0      0      0      0 
    0    211     35     34      0      0      0      0      0      0   3201   1980      0      0 130141 130142      0      0      0      0     66     17 
    0    228     34     33     62     32      0      0      0      0   3201   1980      0      0 130141 130142      0      0      0      0      0      0 
    0    215     34     33      0      0      0      0      0      0   3201   1980      0      0 130141 130142      0      0      0      0      6     19 
    0    209     34     33      0      0      0      0      0      0   3201   1980      0      0 130141 130142      0      0      0      0     61     17 
    0    152     34     33      0      0      0      0      0      0   3201   1980      0      0 130141 130142      0      0      0      0      0      0 
    0    181     34     33     19      9      0      0      0      0   3201   1980      0      0 130141 130142      0      0      0      0      0      0 
    0    210     34     33      0      0      0      0      0      0   3201   1980      0      0 130141 130142      0      0      0      0     76     17 
    0    220     34     33      0      0      0      0      0      0   3201   1980      0      0 130141 130142      0      0      0      0      0      0 
    0    320     35     34      0      0      0      0      0      0   3201   1980      0      0 130141 130142      0      0      0      0      0      0 
    0    210     34     33      0      0      0      0      0      0   3201   1980      0      0 130141 130142      0      0      0      0      0      0 
    0    130     34     33      0      0      0      0      0      0   3201   1980      0      0 130141 130142      0      0      0      0      0      0 
    0    265     39     41    100     50      0      0      0      0   3201   1980      0      0 130141 130142      0      0      0      0      0      0 
    0    303     39     39     99     50      0      0      0      0   3201   1980      0      0 130141 130142      0      0      0      0     72     17 
    0    299     36     35     28     13      0      0      0      0   3201   1980      0      0 130141 130142      0      0      0      0      0      0 
# gpu    pwr  gtemp  mtemp     sm    mem    enc    dec    jpg    ofa   mclk   pclk  pviol  tviol     fb   bar1   ccpm  sbecc  dbecc    pci  rxpci  txpci 
# Idx      W      C      C      %      %      %      %      %      %    MHz    MHz      %   bool     MB     MB     MB   errs   errs   errs   MB/s   MB/s 
    0    190     37     37    100     49      0      0      0      0   3201   1980      0      0 130141 130142      0      0      0      0      0      0 
    0    190     36     36     87     45      0      0      0      0   3201   1980      0      0 130141 130142      0      0      0      0      0      0 
    0    131     34     33      0      0      0      0      0      0   3201   1980      0      0 130141 130142      0      0      0      0      0      0 
    0    210     37     36     99     52      0      0      0      0   3201   1980      0      0 130141 130142      0      0      0      0      0      1 
    0    131     34     33      0      0      0      0      0      0   3201   1980      0      0 130141 130142      0      0      0      0      0      0 
    0    167     35     33     18      9      0      0      0      0   3201   1980      0      0 130141 130142      0      0      0      0      0      1 
    0    241     36     35     53     26      0      0      0      0   3201   1980      0      0 130141 130142      0      0      0      0     72     18 
    0    339     36     36      0      0      0      0      0      0   3201   1980      0      0 130141 130142      0      0      0      0      0      1 
    0    253     39     40     64     33      0      0      0      0   3201   1980      0      0 130141 130142      0      0      0      0      0      0 
    0    226     35     34     12      7      0      0      0      0   3201   1980      0      0 130141 130142      0      0      0      0      0      1 
    0    154     34     33     58     29      0      0      0      0   3201   1980      0      0 130141 130142      0      0      0      0     61      4 
    0    256     36     36      0      0      0      0      0      0   3201   1980      0      0 130141 130142      0      0      0      0      0      1 
    0    247     35     34      0      0      0      0      0      0   3201   1980      0      0 130141 130142      0      0      0      0     85     18 
    0    202     34     33      0      0      0      0      0      0   3201   1980      0      0 130141 130142      0      0      0      0      0      1 
    0    209     35     34      0      0      0      0      0      0   3201   1980      0      0 130141 130142      0      0      0      0      0      0 
    0    170     34     33      0      0      0      0      0      0   3201   1980      0      0 130141 130142      0      0      0      0      0      0 
    0    189     37     38     87     45      0      0      0      0   3201   1980      0      0 130141 130142      0      0      0      0     62     17 
    0    230     38     38     54     27      0      0      0      0   3201   1980      0      0 130141 130142      0      0      0      0      0      0 
    0    208     34     33      0      0      0      0      0      0   3201   1980      0      0 130141 130142      0      0      0      0      0      0 
    0    172     37     36     66     35      0      0      0      0   3201   1980      0      0 130141 130142      0      0      0      0      0      0 
    0    173     34     33      0      0      0      0      0      0   3201   1980      0      0 130141 130142      0      0      0      0     73     17 
    0    253     36     36     99     52      0      0      0      0   3201   1980      0      0 130141 130142      0      0      0      0      0      0 
    0    203     37     35      0      0      0      0      0      0   3201   1980      0      0 130141 130142      0      0      0      0      0     16 
    0    168     37     34     99     53      0      0      0      0   3201   1980      0      0 130141 130142      0      0      0      0      0      0 
    0    171     34     33      0      0      0      0      0      0   3201   1980      0      0 130141 130142      0      0      0      0      0      0 
    0    203     37     34      0      0      0      0      0      0   3201   1980      0      0 130141 130142      0      0      0      0      0      0 
    0    212     37     34      0      0      0      0      0      0   3201   1980      0      0 130141 130142      0      0      0      0      0      0 
    0    131     34     33      0      0      0      0      0      0   3201   1980      0      0 130141 130142      0      0      0      0      0      0 
    0    194     36     33     71     36      0      0      0      0   3201   1980      0      0 130141 130142      0      0      0      0      4      0 
    0    257     36     35     85     45      0      0      0      0   3201   1980      0      0 130141 130142      0      0      0      0      0      0 
    0    219     34     33      0      0      0      0      0      0   3201   1980      0      0 130141 130142      0      0      0      0      0      0 
    0    280     38     37     62     33      0      0      0      0   3201   1980      0      0 130141 130142      0      0      0      0      0      0 
    0    211     35     34      0      0      0      0      0      0   3201   1980      0      0 130141 130142      0      0      0      0      0      0 
    0    217     35     34     25     13      0      0      0      0   3201   1980      0      0 130141 130142      0      0      0      0     60     17 
    0    170     34     33      0      0      0      0      0      0   3201   1980      0      0 130141 130142      0      0      0      0      0      0 
    0    247     35     33      0      0      0      0      0      0   3201   1980      0      0 130141 130142      0      0      0      0      0      0 
    0    168     35     33      0      0      0      0      0      0   3201   1980      0      0 130141 130142      0      0      0      0      0      1 
    0    172     34     33      0      0      0      0      0      0   3201   1980      0      0 130141 130142      0      0      0      0     54     16 
    0    190     34     33      0      0      0      0      0      0   3201   1980      0      0 130141 130142      0      0      0      0      0      0 
    0    196     38     33     77     40      0      0      0      0   3201   1980      0      0 130141 130142      0      0      0      0      0      0 
    0    148     34     33      0      0      0      0      0      0   3201   1980      0      0 130141 130142      0      0      0      0      0      6 
    0    130     34     32      0      0      0      0      0      0   3201   1980      0      0 130141 130142      0      0      0      0      0      0 
    0    130     33     32      0      0      0      0      0      0   3201   1980      0      0 130141 130142      0      0      0      0      1      0 
    0    202     34     33      0      0      0      0      0      0   3201   1980      0      0 130141 130142      0      0      0      0      0      0 
# gpu    pwr  gtemp  mtemp     sm    mem    enc    dec    jpg    ofa   mclk   pclk  pviol  tviol     fb   bar1   ccpm  sbecc  dbecc    pci  rxpci  txpci 
# Idx      W      C      C      %      %      %      %      %      %    MHz    MHz      %   bool     MB     MB     MB   errs   errs   errs   MB/s   MB/s 
    0    260     39     37    100     49      0      0      0      0   3201   1980      0      0 130141 130142      0      0      0      0      0      1 
    0    167     35     34     75     40      0      0      0      0   3201   1980      0      0 130141 130142      0      0      0      0      0      0 
    0    170     34     33      0      0      0      0      0      0   3201   1980      0      0 130141 130142      0      0      0      0     61     15 
    0    240     37     37     48     26      0      0      0      0   3201   1980      0      0 130141 130142      0      0      0      0      0      0 
    0    209     36     36      5      3      0      0      0      0   3201   1980      0      0 130141 130142      0      0      0      0      0      0 
    0    173     35     33     27     14      0      0      0      0   3201   1980      0      0 130141 130142      0      0      0      0      0      0 
    0    130     34     33      0      0      0      0      0      0   3201   1980      0      0 130141 130142      0      0      0      0      0      1 
    0    169     34     33      0      0      0      0      0      0   3201   1980      0      0 130141 130142      0      0      0      0      0      0 
    0    216     35     33      0      0      0      0      0      0   3201   1980      0      0 130141 130142      0      0      0      0      0      1 
    0    293     40     36    100     49      0      0      0      0   3201   1980      0      0 130141 130142      0      0      0      0      0      0 
    0    221     38     40     83     43      0      0      0      0   3201   1980      0      0 130141 130142      0      0      0      0     63     18 
    0    147     34     33      0      0      0      0      0      0   3201   1980      0      0 130141 130142      0      0      0      0      0      0 
    0    208     40     35     99     47      0      0      0      0   3201   1980      0      0 130141 130142      0      0      0      0     60     13 
    0    234     38     39     63     32      0      0      0      0   3201   1980      0      0 130141 130142      0      0      0      0     61     17 
    0    164     34     33      0      0      0      0      0      0   3201   1980      0      0 130141 130142      0      0      0      0      0      1 
    0    211     35     34      0      0      0      0      0      0   3201   1980      0      0 130141 130142      0      0      0      0      0      0 
    0    209     34     33      0      0      0      0      0      0   3201   1980      0      0 130141 130142      0      0      0      0      0      1 
    0    322     39     41     99     50      0      0      0      0   3201   1980      0      0 130141 130142      0      0      0      0      0      0 
    0    131     34     33      0      0      0      0      0      0   3201   1980      0      0 130141 130142      0      0      0      0      0      1 
    0    209     37     38     78     42      0      0      0      0   3201   1980      0      0 130141 130142      0      0      0      0      0      0 
    0    294     37     39     20     10      0      0      0      0   3201   1980      0      0 130141 130142      0      0      0      0      0      0 
