# gpu    pwr  gtemp  mtemp     sm    mem    enc    dec    jpg    ofa   mclk   pclk  pviol  tviol     fb   bar1   ccpm  sbecc  dbecc    pci  rxpci  txpci 
# Idx      W      C      C      %      %      %      %      %      %    MHz    MHz      %   bool     MB     MB     MB   errs   errs   errs   MB/s   MB/s 
    0    134     35     33      0      0      0      0      0      0   3201   1980      0      0 130135 130136      0      0      0      0      1      0 
    0    131     35     33      0      0      0      0      0      0   3201   1980      0      0 130135 130136      0      0      0      0      0      0 
    0    131     35     33      0      0      0      0      0      0   3201   1980      0      0 130135 130136      0      0      0      0      0      1 
    0    131     35     33      0      0      0      0      0      0   3201   1980      0      0 130135 130136      0      0      0      0      0      0 
    0    131     35     33      0      0      0      0      0      0   3201   1980      0      0 130135 130136      0      0      0      0      0      1 
    0    131     35     33      0      0      0      0      0      0   3201   1980      0      0 130135 130136      0      0      0      0      0      0 
    0    131     35     33      0      0      0      0      0      0   3201   1980      0      0 130135 130136      0      0      0      0      0      1 
    0    131     35     33      0      0      0      0      0      0   3201   1980      0      0 130135 130136      0      0      0      0      0      0 
    0    131     35     33      0      0      0      0      0      0   3201   1980      0      0 130135 130136      0      0      0      0      0      1 
    0    131     35     33      0      0      0      0      0      0   3201   1980      0      0 130135 130136      0      0      0      0      0      0 
    0    131     35     33      0      0      0      0      0      0   3201   1980      0      0 130135 130136      0      0      0      0      0      1 
    0    131     35     33      0      0      0      0      0      0   3201   1980      0      0 130135 130136      0      0      0      0      0      0 
    0    131     35     33      0      0      0      0      0      0   3201   1980      0      0 130135 130136      0      0      0      0      0      1 
    0    347     40     40    100     50      0      0      0      0   3201   1980      0      0 130141 130142      0      0      0      0     74     17 
    0    438     40     41     99     53      0      0      0      0   3201   1980      0      0 130141 130142      0      0      0      0      0      4 
    0    324     41     42     22     10      0      0      0      0   3201   1980      0      0 130141 130142      0      0      0      0     72     17 
    0    447     42     43     99     48      0      0      0      0   3201   1980      0      0 130141 130142      0      0      0      0     60     18 
    0    390     42     42     99     53      0      0      0      0   3201   1980      0      0 130141 130142      0      0      0      0     65     17 
    0    437     43     43     99     53      0      0      0      0   3201   1980      0      0 130141 130142      0      0      0      0     66     18 
    0    287     42     42     99     53      0      0      0      0   3201   1980      0      0 130141 130142      0      0      0      0     92     17 
    0    461     43     44    100     49      0      0      0      0   3201   1980      0      0 130141 130142      0      0      0      0     72     18 
    0    369     43     43    100     48      0      0      0      0   3201   1980      0      0 130141 130142      0      0      0      0     84     18 
    0    457     44     45    100     48      0      0      0      0   3201   1980      0      0 130141 130142      0      0      0      0     77     19 
    0    374     39     38      0      0      0      0      0      0   3201   1980      0      0 130141 130142      0      0      0      0     60     17 
    0    447     44     45    100     50      0      0      0      0   3201   1980      0      0 130141 130142      0      0      0      0     72     18 
    0    468     45     45    100     48      0      0      0      0   3201   1980      0      0 130141 130142      0      0      0      0     75     19 
    0    290     39     38      0      0      0      0      0      0   3201   1980      0      0 130141 130142      0      0      0      0      0      0 
    0    448     44     43    100     45      0      0      0      0   3201   1980      0      0 130141 130142      0      0      0      0     92     18 
    0    464     44     44    100     49      0      0      0      0   3201   1980      0      0 130141 130142      0      0      0      0     72     17 
    0    331     39     39      0      0      0      0      0      0   3201   1980      0      0 130141 130142      0      0      0      0      0      0 
    0    330     40     39      0      0      0      0      0      0   3201   1980      0      0 130141 130142      0      0      0      0      0      0 
    0    418     45     46     99     46      0      0      0      0   3201   1980      0      0 130141 130142      0      0      0      0    114     24 
    0    463     46     43    100     48      0      0      0      0   3201   1980      0      0 130141 130142      0      0      0      0     91     20 
    0    388     44     43     99     50      0      0      0      0   3201   1980      0      0 130141 130142      0      0      0      0     69     17 
    0    457     45     44     97     45      0      0      0      0   3201   1980      0      0 130141 130142      0      0      0      0     93     20 
    0    453     45     46    100     50      0      0      0      0   3201   1980      0      0 130141 130142      0      0      0      0     72     17 
    0    341     44     45     81     40      0      0      0      0   3201   1980      0      0 130141 130142      0      0      0      0    100     20 
    0    439     42     42     69     37      0      0      0      0   3201   1980      0      0 130141 130142      0      0      0      0      0      0 
    0    368     45     45     84     43      0      0      0      0   3201   1980      0      0 130141 130142      0      0      0      0     60     18 
    0    462     45     45    100     50      0      0      0      0   3201   1980      0      0 130141 130142      0      0      0      0     72     17 
    0    414     42     42    100     53      0      0      0      0   3201   1980      0      0 130141 130142      0      0      0      0     60     18 
    0    467     45     47    100     50      0      0      0      0   3201   1980      0      0 130141 130142      0      0      0      0     61     17 
    0    351     45     43    100     49      0      0      0      0   3201   1980      0      0 130141 130142      0      0      0      0     66     19 
    0    467     46     47    100     48      0      0      0      0   3201   1980      0      0 130141 130142      0      0      0      0     97     21 
# gpu    pwr  gtemp  mtemp     sm    mem    enc    dec    jpg    ofa   mclk   pclk  pviol  tviol     fb   bar1   ccpm  sbecc  dbecc    pci  rxpci  txpci 
# Idx      W      C      C      %      %      %      %      %      %    MHz    MHz      %   bool     MB     MB     MB   errs   errs   errs   MB/s   MB/s 
    0    461     46     45    100     50      0      0      0      0   3201   1980      0      0 130141 130142      0      0      0      0     70     18 
    0    419     46     44    100     53      0      0      0      0   3201   1980      0      0 130141 130142      0      0      0      0     71     17 
    0    423     46     46     99     53      0      0      0      0   3201   1980      0      0 130141 130142      0      0      0      0     60     19 
    0    400     44     42     21     11      0      0      0      0   3201   1980      0      0 130141 130142      0      0      0      0     60     17 
    0    376     41     40      0      0      0      0      0      0   3201   1980      0      0 130141 130142      0      0      0      0      0      1 
    0    167     43     42     57     27      0      0      0      0   3201   1980      0      0 130141 130142      0      0      0      0     71     17 
    0    429     45     46    100     49      0      0      0      0   3201   1980      0      0 130141 130142      0      0      0      0     72     18 
    0    467     46     45     99     49      0      0      0      0   3201   1980      0      0 130141 130142      0      0      0      0     91     19 
    0    453     46     46     99     51      0      0      0      0   3201   1980      0      0 130141 130142      0      0      0      0     66     17 
    0    297     40     39      0      0      0      0      0      0   3201   1980      0      0 130141 130142      0      0      0      0      0      0 
    0    421     45     44    100     49      0      0      0      0   3201   1980      0      0 130141 130142      0      0      0      0    116     19 
    0    464     46     45    100     48      0      0      0      0   3201   1980      0      0 130141 130142      0      0      0      0     77     19 
    0    396     46     46     96     44      0      0      0      0   3201   1980      0      0 130141 130142      0      0      0      0    104     20 
    0    398     41     41     53     28      0      0      0      0   3201   1980      0      0 130141 130142      0      0      0      0     66     17 
    0    457     46     45     99     51      0      0      0      0   3201   1980      0      0 130141 130142      0      0      0      0     70     17 
    0    375     44     44      0      0      0      0      0      0   3201   1980      0      0 130141 130142      0      0      0      0     66     17 
    0    469     46     45    100     49      0      0      0      0   3201   1980      0      0 130141 130142      0      0      0      0     62     17 
    0    171     40     38      0      0      0      0      0      0   3201   1980      0      0 130141 130142      0      0      0      0      0      0 
