# gpu    pwr  gtemp  mtemp     sm    mem    enc    dec    jpg    ofa   mclk   pclk  pviol  tviol     fb   bar1   ccpm  sbecc  dbecc    pci  rxpci  txpci 
# Idx      W      C      C      %      %      %      %      %      %    MHz    MHz      %   bool     MB     MB     MB   errs   errs   errs   MB/s   MB/s 
    0    131     35     33      0      0      0      0      0      0   3201   1980      0      0 130135 130136      0      0      0      0      0      1 
    0    131     35     33      0      0      0      0      0      0   3201   1980      0      0 130135 130136      0      0      0      0      0      0 
    0    131     35     33      0      0      0      0      0      0   3201   1980      0      0 130135 130136      0      0      0      0      0      1 
    0    131     35     33      0      0      0      0      0      0   3201   1980      0      0 130135 130136      0      0      0      0      0      0 
    0    131     35     33      0      0      0      0      0      0   3201   1980      0      0 130135 130136      0      0      0      0      0      1 
    0    131     35     33      0      0      0      0      0      0   3201   1980      0      0 130135 130136      0      0      0      0      0      0 
    0    131     35     33      0      0      0      0      0      0   3201   1980      0      0 130135 130136      0      0      0      0      0      0 
    0    131     35     33      0      0      0      0      0      0   3201   1980      0      0 130135 130136      0      0      0      0      0      0 
    0    131     35     33      0      0      0      0      0      0   3201   1980      0      0 130135 130136      0      0      0      0      0      0 
    0    131     35     33      0      0      0      0      0      0   3201   1980      0      0 130135 130136      0      0      0      0      0      0 
    0    131     35     33      0      0      0      0      0      0   3201   1980      0      0 130135 130136      0      0      0      0      0      0 
    0    131     35     33      0      0      0      0      0      0   3201   1980      0      0 130135 130136      0      0      0      0      0      0 
    0    131     35     33      0      0      0      0      0      0   3201   1980      0      0 130135 130136      0      0      0      0      0      0 
    0    391     41     40    100     48      0      0      0      0   3201   1980      0      0 130141 130142      0      0      0      0     77     18 
    0    461     42     42    100     48      0      0      0      0   3201   1980      0      0 130141 130142      0      0      0      0     84     18 
    0    457     42     43    100     49      0      0      0      0   3201   1980      0      0 130141 130142      0      0      0      0     66     17 
    0    458     44     43    100     47      0      0      0      0   3201   1980      0      0 130141 130142      0      0      0      0     92     18 
    0    464     44     44    100     48      0      0      0      0   3201   1980      0      0 130141 130142      0      0      0      0    142     20 
    0    466     44     43     97     45      0      0      0      0   3201   1980      0      0 130141 130142      0      0      0      0    115     21 
    0    476     44     43     99     50      0      0      0      0   3201   1980      0      0 130141 130142      0      0      0      0     67     22 
    0    495     45     44    100     51      0      0      0      0   3201   1980      0      0 130141 130142      0      0      0      0     78     26 
    0    454     44     46    100     50      0      0      0      0   3201   1980      0      0 130141 130142      0      0      0      0     18     17 
    0    491     48     45    100     49      0      0      0      0   3201   1980      0      0 130141 130142      0      0      0      0    133     21 
    0    470     45     46     99     47      0      0      0      0   3201   1980      0      0 130141 130142      0      0      0      0    100     19 
    0    472     45     43     99     53      0      0      0      0   3201   1980      0      0 130141 130142      0      0      0      0     84     18 
    0    459     47     47    100     50      0      0      0      0   3201   1980      0      0 130141 130142      0      0      0      0    101     18 
    0    460     45     45    100     50      0      0      0      0   3201   1980      0      0 130141 130142      0      0      0      0     76     17 
    0    465     45     45     99     51      0      0      0      0   3201   1980      0      0 130141 130142      0      0      0      0    122     20 
    0    487     47     44    100     47      0      0      0      0   3201   1980      0      0 130141 130142      0      0      0      0     82     23 
    0    459     46     46    100     49      0      0      0      0   3201   1980      0      0 130141 130142      0      0      0      0     68     17 
    0    454     45     44    100     51      0      0      0      0   3201   1980      0      0 130141 130142      0      0      0      0      0      0 
    0    338     46     44    100     46      0      0      0      0   3201   1980      0      0 130141 130142      0      0      0      0     91     19 
    0    470     46     45    100     48      0      0      0      0   3201   1980      0      0 130141 130142      0      0      0      0     82     22 
    0    461     46     46    100     49      0      0      0      0   3201   1980      0      0 130141 130142      0      0      0      0    105     20 
    0    483     46     47     97     44      0      0      0      0   3201   1980      0      0 130141 130142      0      0      0      0    105     19 
    0    468     46     47    100     49      0      0      0      0   3201   1980      0      0 130141 130142      0      0      0      0    122     25 
    0    474     46     47     97     44      0      0      0      0   3201   1980      0      0 130141 130142      0      0      0      0    100     20 
    0    230     40     39      0      0      0      0      0      0   3201   1980      0      0 130141 130142      0      0      0      0      0      0 
