# gpu    pwr  gtemp  mtemp     sm    mem    enc    dec    jpg    ofa   mclk   pclk  pviol  tviol     fb   bar1   ccpm  sbecc  dbecc    pci  rxpci  txpci 
# Idx      W      C      C      %      %      %      %      %      %    MHz    MHz      %   bool     MB     MB     MB   errs   errs   errs   MB/s   MB/s 
    0    141     35     33     10      6      0      0      0      0   3201   1980      0      0 130135 130136      0      0      0      0      0      0 
    0    141     33     32      0      0      0      0      0      0   3201   1980      0      0 130135 130136      0      0      0      0      0      0 
    0    130     33     32      0      0      0      0      0      0   3201   1980      0      0 130135 130136      0      0      0      0      0      0 
    0    130     33     32      0      0      0      0      0      0   3201   1980      0      0 130135 130136      0      0      0      0      0      0 
    0    129     33     32      0      0      0      0      0      0   3201   1980      0      0 130135 130136      0      0      0      0      0      0 
    0    129     33     32      0      0      0      0      0      0   3201   1980      0      0 130135 130136      0      0      0      0      0      0 
    0    130     33     31      0      0      0      0      0      0   3201   1980      0      0 130135 130136      0      0      0      0      0      0 
    0    129     33     32      0      0      0      0      0      0   3201   1980      0      0 130135 130136      0      0      0      0      0      1 
    0    129     33     32      0      0      0      0      0      0   3201   1980      0      0 130135 130136      0      0      0      0      0      0 
    0    129     33     32      0      0      0      0      0      0   3201   1980      0      0 130135 130136      0      0      0      0      0      1 
    0    129     33     31      0      0      0      0      0      0   3201   1980      0      0 130135 130136      0      0      0      0      0      0 
    0    129     32     32      0      0      0      0      0      0   3201   1980      0      0 130135 130136      0      0      0      0      0      1 
    0    129     32     31      0      0      0      0      0      0   3201   1980      0      0 130135 130136      0      0      0      0      0      0 
    0    355     38     38     93     47      0      0      0      0   3201   1980      0      0 130141 130142      0      0      0      0     71     18 
    0    435     39     39    100     49      0      0      0      0   3201   1980      0      0 130141 130142      0      0      0      0     82     19 
    0    439     40     39    100     48      0      0      0      0   3201   1980      0      0 130141 130142      0      0      0      0    105     21 
    0    437     40     42    100     49      0      0      0      0   3201   1980      0      0 130141 130142      0      0      0      0     84     18 
    0    446     41     43     99     53      0      0      0      0   3201   1980      0      0 130141 130142      0      0      0      0     60     18 
    0    452     41     41     99     50      0      0      0      0   3201   1980      0      0 130141 130142      0      0      0      0     71     17 
    0    435     41     43     99     48      0      0      0      0   3201   1980      0      0 130141 130142      0      0      0      0     82     20 
    0    436     41     44    100     49      0      0      0      0   3201   1980      0      0 130141 130142      0      0      0      0     75     18 
    0    442     42     42    100     48      0      0      0      0   3201   1980      0      0 130141 130142      0      0      0      0     92     19 
    0    443     42     43    100     49      0      0      0      0   3201   1980      0      0 130141 130142      0      0      0      0    104     19 
    0    437     42     43    100     50      0      0      0      0   3201   1980      0      0 130141 130142      0      0      0      0     71     19 
    0    438     42     42     99     53      0      0      0      0   3201   1980      0      0 130141 130142      0      0      0      0     60     17 
    0    384     39     39      0      0      0      0      0      0   3201   1980      0      0 130141 130142      0      0      0      0     60     19 
    0    464     42     44     99     50      0      0      0      0   3201   1980      0      0 130141 130142      0      0      0      0     91     19 
    0    439     42     44    100     48      0      0      0      0   3201   1980      0      0 130141 130142      0      0      0      0     92     21 
    0    443     43     44    100     49      0      0      0      0   3201   1980      0      0 130141 130142      0      0      0      0     93     19 
    0    440     43     44     99     49      0      0      0      0   3201   1980      0      0 130141 130142      0      0      0      0     75     19 
    0    439     43     43    100     49      0      0      0      0   3201   1980      0      0 130141 130142      0      0      0      0     91     19 
    0    448     43     44    100     49      0      0      0      0   3201   1980      0      0 130141 130142      0      0      0      0    114     20 
    0    445     43     44    100     48      0      0      0      0   3201   1980      0      0 130141 130142      0      0      0      0    114     20 
    0    443     43     44     99     49      0      0      0      0   3201   1980      0      0 130141 130142      0      0      0      0     75     19 
    0    439     43     43    100     50      0      0      0      0   3201   1980      0      0 130141 130142      0      0      0      0     71     24 
    0    442     43     43    100     48      0      0      0      0   3201   1980      0      0 130141 130142      0      0      0      0     92     18 
    0    446     43     43    100     48      0      0      0      0   3201   1980      0      0 130141 130142      0      0      0      0    115     20 
    0    447     44     45    100     48      0      0      0      0   3201   1980      0      0 130141 130142      0      0      0      0    109     22 
    0    143     37     36      0      0      0      0      0      0   3201   1980      0      0 130141 130142      0      0      0      0      0      0 
    0    132     37     35      0      0      0      0      0      0   3201   1980      0      0 130141 130142      0      0      0      0      0      0 
    0    306     42     43    100     51      0      0      0      0   3201   1980      0      0 130141 130142      0      0      0      0    143     21 
    0    465     43     44    100     51      0      0      0      0   3201   1980      0      0 130141 130142      0      0      0      0    115     22 
    0    467     44     43    100     50      0      0      0      0   3201   1980      0      0 130141 130142      0      0      0      0    120     21 
    0    464     43     43     99     51      0      0      0      0   3201   1980      0      0 130141 130142      0      0      0      0    117     20 
# gpu    pwr  gtemp  mtemp     sm    mem    enc    dec    jpg    ofa   mclk   pclk  pviol  tviol     fb   bar1   ccpm  sbecc  dbecc    pci  rxpci  txpci 
# Idx      W      C      C      %      %      %      %      %      %    MHz    MHz      %   bool     MB     MB     MB   errs   errs   errs   MB/s   MB/s 
    0    447     43     43    100     49      0      0      0      0   3201   1980      0      0 130141 130142      0      0      0      0     82     19 
    0    441     43     46    100     49      0      0      0      0   3201   1980      0      0 130141 130142      0      0      0      0     71     17 
    0    412     40     40     56     30      0      0      0      0   3201   1980      0      0 130141 130142      0      0      0      0     66     17 
    0    449     43     43     99     50      0      0      0      0   3201   1980      0      0 130141 130142      0      0      0      0     70     17 
    0    437     42     43    100     53      0      0      0      0   3201   1980      0      0 130141 130142      0      0      0      0      0     16 
    0    439     43     43     99     50      0      0      0      0   3201   1980      0      0 130141 130142      0      0      0      0     70     17 
    0    452     44     43    100     49      0      0      0      0   3201   1980      0      0 130141 130142      0      0      0      0    121     20 
    0    470     44     46    100     50      0      0      0      0   3201   1980      0      0 130141 130142      0      0      0      0    122     21 
    0    456     44     44    100     49      0      0      0      0   3201   1980      0      0 130141 130142      0      0      0      0    106     21 
    0    444     44     44    100     49      0      0      0      0   3201   1980      0      0 130141 130142      0      0      0      0     86     19 
    0    440     43     43    100     49      0      0      0      0   3201   1980      0      0 130141 130142      0      0      0      0     81     18 
    0    445     44     44    100     48      0      0      0      0   3201   1980      0      0 130141 130142      0      0      0      0    109     22 
    0    451     44     45    100     49      0      0      0      0   3201   1980      0      0 130141 130142      0      0      0      0    105     19 
    0    446     44     45    100     48      0      0      0      0   3201   1980      0      0 130141 130142      0      0      0      0    102     21 
    0    446     44     46    100     49      0      0      0      0   3201   1980      0      0 130141 130142      0      0      0      0     92     20 
    0    447     44     46     99     53      0      0      0      0   3201   1980      0      0 130141 130142      0      0      0      0     60     17 
    0    444     44     44     99     49      0      0      0      0   3201   1980      0      0 130141 130142      0      0      0      0     84     18 
    0    446     44     45    100     49      0      0      0      0   3201   1980      0      0 130141 130142      0      0      0      0    102     20 
    0    438     44     43    100     49      0      0      0      0   3201   1980      0      0 130141 130142      0      0      0      0     71     17 
    0    437     43     43     99     50      0      0      0      0   3201   1980      0      0 130141 130142      0      0      0      0     66     17 
    0    438     44     45    100     49      0      0      0      0   3201   1980      0      0 130141 130142      0      0      0      0     77     18 
    0    441     44     43    100     49      0      0      0      0   3201   1980      0      0 130141 130142      0      0      0      0     92     19 
    0    442     44     42    100     49      0      0      0      0   3201   1980      0      0 130141 130142      0      0      0      0     72     17 
    0    441     44     43    100     49      0      0      0      0   3201   1980      0      0 130141 130142      0      0      0      0     71     17 
    0    436     44     43    100     49      0      0      0      0   3201   1980      0      0 130141 130142      0      0      0      0     72     17 
    0    435     44     45    100     49      0      0      0      0   3201   1980      0      0 130141 130142      0      0      0      0     84     19 
    0    439     44     45    100     49      0      0      0      0   3201   1980      0      0 130141 130142      0      0      0      0     72     17 
    0    441     44     46    100     50      0      0      0      0   3201   1980      0      0 130141 130142      0      0      0      0     64     17 
    0    446     44     44     99     48      0      0      0      0   3201   1980      0      0 130141 130142      0      0      0      0     92     20 
    0    450     44     43    100     49      0      0      0      0   3201   1980      0      0 130141 130142      0      0      0      0    115     20 
    0    456     44     43    100     49      0      0      0      0   3201   1980      0      0 130141 130142      0      0      0      0    100     21 
    0    450     44     44    100     49      0      0      0      0   3201   1980      0      0 130141 130142      0      0      0      0    128     21 
    0    448     44     43    100     49      0      0      0      0   3201   1980      0      0 130141 130142      0      0      0      0     83     19 
    0    440     44     44     99     49      0      0      0      0   3201   1980      0      0 130141 130142      0      0      0      0     84     18 
    0    442     44     43    100     49      0      0      0      0   3201   1980      0      0 130141 130142      0      0      0      0     84     19 
    0    439     44     43    100     49      0      0      0      0   3201   1980      0      0 130141 130142      0      0      0      0     93     18 
    0    443     44     45    100     53      0      0      0      0   3201   1980      0      0 130141 130142      0      0      0      0     72     17 
    0    439     44     43    100     49      0      0      0      0   3201   1980      0      0 130141 130142      0      0      0      0     84     19 
    0    440     44     45    100     49      0      0      0      0   3201   1980      0      0 130141 130142      0      0      0      0     77     18 
    0    439     44     45    100     50      0      0      0      0   3201   1980      0      0 130141 130142      0      0      0      0     72     18 
    0    445     43     45    100     53      0      0      0      0   3201   1980      0      0 130141 130142      0      0      0      0      0      0 
    0    134     38     37      0      0      0      0      0      0   3201   1980      0      0 130141 130142      0      0      0      0      0      0 
    0    262     42     42    100     50      0      0      0      0   3201   1980      0      0 130141 130142      0      0      0      0     72     17 
    0    437     43     43    100     49      0      0      0      0   3201   1980      0      0 130141 130142      0      0      0      0     85     19 
# gpu    pwr  gtemp  mtemp     sm    mem    enc    dec    jpg    ofa   mclk   pclk  pviol  tviol     fb   bar1   ccpm  sbecc  dbecc    pci  rxpci  txpci 
# Idx      W      C      C      %      %      %      %      %      %    MHz    MHz      %   bool     MB     MB     MB   errs   errs   errs   MB/s   MB/s 
    0    442     44     43    100     49      0      0      0      0   3201   1980      0      0 130141 130142      0      0      0      0     84     18 
    0    444     44     43    100     48      0      0      0      0   3201   1980      0      0 130141 130142      0      0      0      0     71     17 
    0    440     44     45    100     48      0      0      0      0   3201   1980      0      0 130141 130142      0      0      0      0     93     18 
    0    445     44     45    100     49      0      0      0      0   3201   1980      0      0 130141 130142      0      0      0      0     92     21 
    0    445     44     46    100     49      0      0      0      0   3201   1980      0      0 130141 130142      0      0      0      0     72     19 
    0    442     44     44     99     53      0      0      0      0   3201   1980      0      0 130141 130142      0      0      0      0     64     17 
    0    411     43     41     34     18      0      0      0      0   3201   1980      0      0 130141 130142      0      0      0      0     64     17 
    0    448     44     46    100     50      0      0      0      0   3201   1980      0      0 130141 130142      0      0      0      0     93     19 
    0    445     44     45    100     48      0      0      0      0   3201   1980      0      0 130141 130142      0      0      0      0     92     20 
    0    458     44     44    100     49      0      0      0      0   3201   1980      0      0 130141 130142      0      0      0      0    109     22 
    0    457     44     45    100     48      0      0      0      0   3201   1980      0      0 130141 130142      0      0      0      0     90     19 
    0    442     44     45    100     49      0      0      0      0   3201   1980      0      0 130141 130142      0      0      0      0     71     17 
    0    441     44     43    100     48      0      0      0      0   3201   1980      0      0 130141 130142      0      0      0      0     92     20 
    0    449     44     43    100     49      0      0      0      0   3201   1980      0      0 130141 130142      0      0      0      0     91     19 
    0    440     44     46    100     49      0      0      0      0   3201   1980      0      0 130141 130142      0      0      0      0     72     18 
    0    438     44     45    100     49      0      0      0      0   3201   1980      0      0 130141 130142      0      0      0      0     92     19 
    0    443     44     43    100     48      0      0      0      0   3201   1980      0      0 130141 130142      0      0      0      0     91     22 
    0    448     44     44    100     49      0      0      0      0   3201   1980      0      0 130141 130142      0      0      0      0     92     21 
    0    444     44     47    100     49      0      0      0      0   3201   1980      0      0 130141 130142      0      0      0      0     65     17 
    0    445     44     46    100     48      0      0      0      0   3201   1980      0      0 130141 130142      0      0      0      0    101     21 
    0    448     44     44    100     49      0      0      0      0   3201   1980      0      0 130141 130142      0      0      0      0    104     20 
    0    413     41     41     38     20      0      0      0      0   3201   1980      0      0 130141 130142      0      0      0      0      0      0 
