# gpu    pwr  gtemp  mtemp     sm    mem    enc    dec    jpg    ofa   mclk   pclk  pviol  tviol     fb   bar1   ccpm  sbecc  dbecc    pci  rxpci  txpci 
# Idx      W      C      C      %      %      %      %      %      %    MHz    MHz      %   bool     MB     MB     MB   errs   errs   errs   MB/s   MB/s 
    0    131     35     33      0      0      0      0      0      0   3201   1980      0      0 130135 130136      0      0      0      0      0      0 
    0    135     35     33      0      0      0      0      0      0   3201   1980      0      0 130135 130136      0      0      0      0      0      1 
    0    131     35     33      0      0      0      0      0      0   3201   1980      0      0 130135 130136      0      0      0      0      0      0 
    0    131     35     33      0      0      0      0      0      0   3201   1980      0      0 130135 130136      0      0      0      0      0      0 
    0    131     35     33      0      0      0      0      0      0   3201   1980      0      0 130135 130136      0      0      0      0      0      0 
    0    131     35     33      0      0      0      0      0      0   3201   1980      0      0 130135 130136      0      0      0      0      0      0 
    0    131     35     33      0      0      0      0      0      0   3201   1980      0      0 130135 130136      0      0      0      0      0      0 
    0    131     35     33      0      0      0      0      0      0   3201   1980      0      0 130135 130136      0      0      0      0      0      0 
    0    131     35     33      0      0      0      0      0      0   3201   1980      0      0 130135 130136      0      0      0      0      0      0 
    0    131     35     33      0      0      0      0      0      0   3201   1980      0      0 130135 130136      0      0      0      0      0      0 
    0    131     35     33      0      0      0      0      0      0   3201   1980      0      0 130135 130136      0      0      0      0      0      0 
    0    131     35     33      0      0      0      0      0      0   3201   1980      0      0 130135 130136      0      0      0      0      0      0 
    0    131     35     33      0      0      0      0      0      0   3201   1980      0      0 130135 130136      0      0      0      0      0      0 
    0    407     42     40    100     46      0      0      0      0   3201   1980      0      0 130141 130142      0      0      0      0    101     20 
    0    479     43     43    100     47      0      0      0      0   3201   1980     28      0 130141 130142      0      0      0      0    131     21 
    0    498     46     44    100     49      0      0      0      0   3201   1980      0      0 130141 130142      0      0      0      0    137     21 
    0    521     46     43     90     40      0      0      0      0   3201   1980      0      0 130141 130142      0      0      0      0      0      0 
    0    135     37     35      0      0      0      0      0      0   3201   1980      0      0 130141 130142      0      0      0      0      0      0 
    0    132     37     35      0      0      0      0      0      0   3201   1980      0      0 130141 130142      0      0      0      0      0      0 
    0    531     46     41    100     58      0      0      0      0   3201   1980     57      0 130141 130142      0      0      0      0    109     22 
    0    505     45     43     97     43      0      0      0      0   3201   1980      0      0 130141 130142      0      0      0      0    154     29 
    0    487     45     43     97     46      0      0      0      0   3201   1980      0      0 130141 130142      0      0      0      0    104     19 
    0    477     45     45    100     47      0      0      0      0   3201   1980      0      0 130141 130142      0      0      0      0    106     22 
    0    494     46     47    100     52      0      0      0      0   3201   1980      0      0 130141 130142      0      0      0      0    162     26 
    0    512     46     46    100     49      0      0      0      0   3201   1980      0      0 130141 130142      0      0      0      0    141     24 
