# gpu    pwr  gtemp  mtemp     sm    mem    enc    dec    jpg    ofa   mclk   pclk  pviol  tviol     fb   bar1   ccpm  sbecc  dbecc    pci  rxpci  txpci 
# Idx      W      C      C      %      %      %      %      %      %    MHz    MHz      %   bool     MB     MB     MB   errs   errs   errs   MB/s   MB/s 
    0    137     33     33      0      0      0      0      0      0   3201   1980      0      0 130135 130136      0      0      0      0      0      0 
    0    145     33     33      0      0      0      0      0      0   3201   1980      0      0 130135 130136      0      0      0      0      0      0 
    0    130     33     32      0      0      0      0      0      0   3201   1980      0      0 130135 130136      0      0      0      0      0      0 
    0    130     33     32      0      0      0      0      0      0   3201   1980      0      0 130135 130136      0      0      0      0      0      0 
    0    130     33     32      0      0      0      0      0      0   3201   1980      0      0 130135 130136      0      0      0      0      0      0 
    0    130     33     32      0      0      0      0      0      0   3201   1980      0      0 130135 130136      0      0      0      0      0      0 
    0    130     33     32      0      0      0      0      0      0   3201   1980      0      0 130135 130136      0      0      0      0      0      0 
    0    130     33     32      0      0      0      0      0      0   3201   1980      0      0 130135 130136      0      0      0      0      0      0 
    0    130     33     32      0      0      0      0      0      0   3201   1980      0      0 130135 130136      0      0      0      0      0      0 
    0    130     33     32      0      0      0      0      0      0   3201   1980      0      0 130135 130136      0      0      0      0      0      1 
    0    130     33     32      0      0      0      0      0      0   3201   1980      0      0 130135 130136      0      0      0      0      0      0 
    0    130     33     32      0      0      0      0      0      0   3201   1980      0      0 130135 130136      0      0      0      0      0      1 
    0    130     33     32      0      0      0      0      0      0   3201   1980      0      0 130135 130136      0      0      0      0      0      0 
    0    134     36     32      0      0      0      0      0      0   3201   1980      0      0 130139 130140      0      0      0      0     63     18 
    0    461     39     42     99     53      0      0      0      0   3201   1980      0      0 130141 130142      0      0      0      0     72     18 
    0    450     40     39    100     51      0      0      0      0   3201   1980      0      0 130141 130142      0      0      0      0     61     18 
    0    457     41     42    100     53      0      0      0      0   3201   1980      0      0 130141 130142      0      0      0      0      0      0 
    0    314     40     40     99     53      0      0      0      0   3201   1980      0      0 130141 130142      0      0      0      0     61     15 
    0    141     35     34      0      0      0      0      0      0   3201   1980      0      0 130141 130142      0      0      0      0      0      3 
    0    420     41     43     99     53      0      0      0      0   3201   1980      0      0 130141 130142      0      0      0      0      0     12 
    0    456     41     42     99     50      0      0      0      0   3201   1980      0      0 130141 130142      0      0      0      0     72     18 
    0    286     36     35      0      0      0      0      0      0   3201   1980      0      0 130141 130142      0      0      0      0      0      1 
    0    390     38     37    100     50      0      0      0      0   3201   1980      0      0 130141 130142      0      0      0      0     65     17 
    0    421     41     42     26     12      0      0      0      0   3201   1980      0      0 130141 130142      0      0      0      0     61     18 
    0    332     41     41     99     53      0      0      0      0   3201   1980      0      0 130141 130142      0      0      0      0     65     17 
    0    257     36     35      0      0      0      0      0      0   3201   1980      0      0 130141 130142      0      0      0      0      0      1 
    0    273     40     42     99     53      0      0      0      0   3201   1980      0      0 130141 130142      0      0      0      0     63     17 
    0    406     41     43    100     49      0      0      0      0   3201   1980      0      0 130141 130142      0      0      0      0     63     17 
    0    428     41     43     99     51      0      0      0      0   3201   1980      0      0 130141 130142      0      0      0      0     82     21 
    0    356     38     37      0      0      0      0      0      0   3201   1980      0      0 130141 130142      0      0      0      0      0      0 
    0    329     41     43    100     50      0      0      0      0   3201   1980      0      0 130141 130142      0      0      0      0     67     18 
    0    435     39     40     99     52      0      0      0      0   3201   1980      0      0 130141 130142      0      0      0      0     61     17 
    0    460     42     44    100     50      0      0      0      0   3201   1980     28      0 130141 130142      0      0      0      0     72     18 
    0    459     43     43     99     53      0      0      0      0   3201   1980      0      0 130141 130142      0      0      0      0     93     17 
    0    333     38     37      0      0      0      0      0      0   3201   1980      0      0 130141 130142      0      0      0      0      0      0 
    0    324     42     44    100     53      0      0      0      0   3201   1980      0      0 130141 130142      0      0      0      0     68     17 
    0    460     43     43     99     53      0      0      0      0   3201   1980      0      0 130141 130142      0      0      0      0     75     18 
    0    459     43     43    100     53      0      0      0      0   3201   1980      0      0 130141 130142      0      0      0      0     61     17 
    0    468     43     42    100     50      0      0      0      0   3201   1980      0      0 130141 130142      0      0      0      0     67     17 
    0    455     43     44    100     51      0      0      0      0   3201   1980      0      0 130141 130142      0      0      0      0     34      0 
    0    135     37     36      0      0      0      0      0      0   3201   1980      0      0 130141 130142      0      0      0      0      0      0 
    0    274     42     43    100     47      0      0      0      0   3201   1980      0      0 130141 130142      0      0      0      0     90     20 
    0    462     43     43    100     47      0      0      0      0   3201   1980      0      0 130141 130142      0      0      0      0     82     21 
    0    464     43     43    100     47      0      0      0      0   3201   1980      0      0 130141 130142      0      0      0      0     90     19 
# gpu    pwr  gtemp  mtemp     sm    mem    enc    dec    jpg    ofa   mclk   pclk  pviol  tviol     fb   bar1   ccpm  sbecc  dbecc    pci  rxpci  txpci 
# Idx      W      C      C      %      %      %      %      %      %    MHz    MHz      %   bool     MB     MB     MB   errs   errs   errs   MB/s   MB/s 
    0    405     43     41      0      0      0      0      0      0   3201   1980      0      0 130141 130142      0      0      0      0     72     18 
    0    376     42     43    100     51      0      0      0      0   3201   1980      0      0 130141 130142      0      0      0      0     72     18 
    0    252     37     36      0      0      0      0      0      0   3201   1980      0      0 130141 130142      0      0      0      0      0      0 
    0    265     43     43     99     53      0      0      0      0   3201   1980      0      0 130141 130142      0      0      0      0     72     18 
    0    319     38     37      0      0      0      0      0      0   3201   1980      0      0 130141 130142      0      0      0      0      0      0 
    0    225     41     40     99     53      0      0      0      0   3201   1980      0      0 130141 130142      0      0      0      0     61     18 
    0    458     43     42     67     32      0      0      0      0   3201   1980      0      0 130141 130142      0      0      0      0     84     20 
    0    475     43     43    100     45      0      0      0      0   3201   1980      0      0 130141 130142      0      0      0      0     75     19 
    0    462     43     44    100     51      0      0      0      0   3201   1980      0      0 130141 130142      0      0      0      0     67     18 
    0    454     43     44    100     51      0      0      0      0   3201   1980      0      0 130141 130142      0      0      0      0     60     17 
    0    267     38     37      0      0      0      0      0      0   3201   1980      0      0 130141 130142      0      0      0      0     61     17 
    0    456     43     43    100     50      0      0      0      0   3201   1980      0      0 130141 130142      0      0      0      0     72     18 
    0    460     43     45    100     49      0      0      0      0   3201   1980      0      0 130141 130142      0      0      0      0     72     19 
    0    394     39     39     53     23      0      0      0      0   3201   1980      0      0 130141 130142      0      0      0      0     72     18 
    0    450     43     45    100     51      0      0      0      0   3201   1980      0      0 130141 130142      0      0      0      0     72     18 
    0    437     41     42     90     48      0      0      0      0   3201   1980      0      0 130141 130142      0      0      0      0      0      0 
    0    155     41     36      0      0      0      0      0      0   3201   1980      0      0 130141 130142      0      0      0      0     72     18 
    0    452     43     43     99     51      0      0      0      0   3201   1980      0      0 130141 130142      0      0      0      0     72     17 
    0    458     43     45    100     51      0      0      0      0   3201   1980      0      0 130141 130142      0      0      0      0      0      0 
    0    182     41     40     33     16      0      0      0      0   3201   1980      0      0 130141 130142      0      0      0      0     61     18 
    0    411     40     39     25     13      0      0      0      0   3201   1980      0      0 130141 130142      0      0      0      0     26     18 
    0    450     43     43    100     51      0      0      0      0   3201   1980      0      0 130141 130142      0      0      0      0     72     18 
    0    400     45     43     99     48      0      0      0      0   3201   1980      0      0 130141 130142      0      0      0      0     73     18 
    0    322     41     40      3      1      0      0      0      0   3201   1980      0      0 130141 130142      0      0      0      0     66     17 
    0    461     44     44    100     53      0      0      0      0   3201   1980      0      0 130141 130142      0      0      0      0      0      0 
    0    355     47     45    100     49      0      0      0      0   3201   1980      0      0 130141 130142      0      0      0      0     60     17 
    0    464     44     45    100     49      0      0      0      0   3201   1980      0      0 130141 130142      0      0      0      0     73     18 
    0    299     39     38      0      0      0      0      0      0   3201   1980      0      0 130141 130142      0      0      0      0      0      0 
    0    328     43     44     99     53      0      0      0      0   3201   1980      0      0 130141 130142      0      0      0      0     61     17 
    0    463     44     44    100     49      0      0      0      0   3201   1980      0      0 130141 130142      0      0      0      0     76     18 
    0    452     44     43    100     50      0      0      0      0   3201   1980      0      0 130141 130142      0      0      0      0     72     18 
    0    463     45     44    100     47      0      0      0      0   3201   1980      0      0 130141 130142      0      0      0      0     67     17 
    0    460     45     44     99     51      0      0      0      0   3201   1980      0      0 130141 130142      0      0      0      0     61     17 
    0    471     45     46    100     53      0      0      0      0   3201   1980      0      0 130141 130142      0      0      0      0     70     17 
    0    355     40     40      0      0      0      0      0      0   3201   1980      0      0 130141 130142      0      0      0      0      0      0 
    0    441     44     44    100     51      0      0      0      0   3201   1980      0      0 130141 130142      0      0      0      0     66     17 
    0    321     44     44     99     53      0      0      0      0   3201   1980      0      0 130141 130142      0      0      0      0     62     17 
    0    405     44     44    100     53      0      0      0      0   3201   1980      0      0 130141 130142      0      0      0      0     68     19 
    0    392     41     41      0      0      0      0      0      0   3201   1980      0      0 130141 130142      0      0      0      0      0      0 
    0    371     45     45     99     53      0      0      0      0   3201   1980      0      0 130141 130142      0      0      0      0     61     17 
    0    328     40     39      0      0      0      0      0      0   3201   1980      0      0 130141 130142      0      0      0      0      0      0 
    0    134     38     37      0      0      0      0      0      0   3201   1980      0      0 130141 130142      0      0      0      0      0      0 
    0    134     38     36      0      0      0      0      0      0   3201   1980      0      0 130141 130142      0      0      0      0      0      0 
    0    373     42     43     99     52      0      0      0      0   3201   1980      0      0 130141 130142      0      0      0      0      0      0 
# gpu    pwr  gtemp  mtemp     sm    mem    enc    dec    jpg    ofa   mclk   pclk  pviol  tviol     fb   bar1   ccpm  sbecc  dbecc    pci  rxpci  txpci 
# Idx      W      C      C      %      %      %      %      %      %    MHz    MHz      %   bool     MB     MB     MB   errs   errs   errs   MB/s   MB/s 
    0    372     48     43    100     48      0      0      0      0   3201   1980      0      0 130141 130142      0      0      0      0     73     18 
    0    371     43     44    100     53      0      0      0      0   3201   1980      0      0 130141 130142      0      0      0      0     61     17 
    0    405     44     45    100     53      0      0      0      0   3201   1980      0      0 130141 130142      0      0      0      0     72     18 
    0    458     45     45    100     47      0      0      0      0   3201   1980      0      0 130141 130142      0      0      0      0     60     17 
    0    466     45     46     97     49      0      0      0      0   3201   1980      0      0 130141 130142      0      0      0      0     61     17 
    0    347     44     45    100     53      0      0      0      0   3201   1980      0      0 130141 130142      0      0      0      0     60     69 
    0    255     39     37      0      0      0      0      0      0   3201   1980      0      0 130141 130142      0      0      0      0      0      0 
    0    301     44     45    100     53      0      0      0      0   3201   1980      0      0 130141 130142      0      0      0      0     66     17 
    0    351     44     45    100     49      0      0      0      0   3201   1980      0      0 130141 130142      0      0      0      0     75     19 
    0    472     48     43    100     44      0      0      0      0   3201   1980      0      0 130141 130142      0      0      0      0     92     21 
    0    436     45     45    100     51      0      0      0      0   3201   1980      0      0 130141 130142      0      0      0      0     84     18 
    0    339     40     39      0      0      0      0      0      0   3201   1980      0      0 130141 130142      0      0      0      0      0      0 
    0    381     47     44    100     53      0      0      0      0   3201   1980      0      0 130141 130142      0      0      0      0     82     19 
    0    461     45     43    100     48      0      0      0      0   3201   1980      0      0 130141 130142      0      0      0      0     81     19 
    0    344     40     39      0      0      0      0      0      0   3201   1980      0      0 130141 130142      0      0      0      0      0      0 
    0    381     45     44    100     51      0      0      0      0   3201   1980      0      0 130141 130142      0      0      0      0     66     17 
    0    464     45     45    100     53      0      0      0      0   3201   1980      0      0 130141 130142      0      0      0      0     61     18 
    0    470     46     47    100     50      0      0      0      0   3201   1980      0      0 130141 130142      0      0      0      0     83     19 
    0    305     40     39      0      0      0      0      0      0   3201   1980      0      0 130141 130142      0      0      0      0      0      1 
    0    392     45     45     50     25      0      0      0      0   3201   1980      0      0 130141 130142      0      0      0      0     60     17 
    0    476     46     46    100     47      0      0      0      0   3201   1980      0      0 130141 130142      0      0      0      0     84     19 
    0    270     40     39      0      0      0      0      0      0   3201   1980      0      0 130141 130142      0      0      0      0      0      0 
