# gpu    pwr  gtemp  mtemp     sm    mem    enc    dec    jpg    ofa   mclk   pclk  pviol  tviol     fb   bar1   ccpm  sbecc  dbecc    pci  rxpci  txpci 
# Idx      W      C      C      %      %      %      %      %      %    MHz    MHz      %   bool     MB     MB     MB   errs   errs   errs   MB/s   MB/s 
    0    136     35     33      0      0      0      0      0      0   3201   1980      0      0 130135 130136      0      0      0      0      0      1 
    0    131     35     33      0      0      0      0      0      0   3201   1980      0      0 130135 130136      0      0      0      0      0      0 
    0    131     35     33      0      0      0      0      0      0   3201   1980      0      0 130135 130136      0      0      0      0      0      1 
    0    131     35     33      0      0      0      0      0      0   3201   1980      0      0 130135 130136      0      0      0      0      0      0 
    0    131     35     33      0      0      0      0      0      0   3201   1980      0      0 130135 130136      0      0      0      0      0      0 
    0    131     35     33      0      0      0      0      0      0   3201   1980      0      0 130135 130136      0      0      0      0      0      0 
    0    131     35     33      0      0      0      0      0      0   3201   1980      0      0 130135 130136      0      0      0      0      0      0 
    0    131     35     33      0      0      0      0      0      0   3201   1980      0      0 130135 130136      0      0      0      0      0      0 
    0    131     35     33      0      0      0      0      0      0   3201   1980      0      0 130135 130136      0      0      0      0      0      0 
    0    131     35     33      0      0      0      0      0      0   3201   1980      0      0 130135 130136      0      0      0      0      0      0 
    0    131     35     33      0      0      0      0      0      0   3201   1980      0      0 130135 130136      0      0      0      0      0      0 
    0    131     35     33      0      0      0      0      0      0   3201   1980      0      0 130135 130136      0      0      0      0      0      0 
    0    131     35     33      0      0      0      0      0      0   3201   1980      0      0 130135 130136      0      0      0      0      0      0 
    0    162     35     33     58     30      0      0      0      0   3201   1980      0      0 130139 130140      0      0      0      0     60     17 
    0    214     35     33      0      0      0      0      0      0   3201   1980      0      0 130139 130140      0      0      0      0     60     16 
    0    280     36     34      0      0      0      0      0      0   3201   1980      0      0 130139 130140      0      0      0      0     60     17 
    0    337     40     42     99     53      0      0      0      0   3201   1980      0      0 130139 130140      0      0      0      0     61     17 
    0    306     37     36      0      0      0      0      0      0   3201   1980      0      0 130139 130140      0      0      0      0      0      0 
    0    352     41     40    100     53      0      0      0      0   3201   1980      0      0 130139 130140      0      0      0      0     60     17 
    0    192     36     35      0      0      0      0      0      0   3201   1980      0      0 130139 130140      0      0      0      0      0      0 
    0    157     36     34     54     28      0      0      0      0   3201   1980      0      0 130139 130140      0      0      0      0     64     17 
    0    246     36     35      0      0      0      0      0      0   3201   1980      0      0 130139 130140      0      0      0      0      0      1 
    0    132     36     34      0      0      0      0      0      0   3201   1980      0      0 130139 130140      0      0      0      0      0      0 
    0    132     36     34      0      0      0      0      0      0   3201   1980      0      0 130139 130140      0      0      0      0      0      1 
    0    406     41     43    100     53      0      0      0      0   3201   1980      0      0 130139 130140      0      0      0      0      0      0 
    0    134     36     34      0      0      0      0      0      0   3201   1980      0      0 130139 130140      0      0      0      0      0      1 
    0    325     41     41     42     21      0      0      0      0   3201   1980      0      0 130139 130140      0      0      0      0     65     17 
    0    320     41     43     99     53      0      0      0      0   3201   1980      0      0 130139 130140      0      0      0      0     63      6 
    0    135     36     35      0      0      0      0      0      0   3201   1980      0      0 130139 130140      0      0      0      0      0      0 
    0    132     36     34      0      0      0      0      0      0   3201   1980      0      0 130139 130140      0      0      0      0      0      1 
    0    344     37     36      3      2      0      0      0      0   3201   1980      0      0 130141 130142      0      0      0      0      0      0 
    0    132     36     34      0      0      0      0      0      0   3201   1980      0      0 130141 130142      0      0      0      0      0      1 
    0    270     36     35      0      0      0      0      0      0   3201   1980      0      0 130141 130142      0      0      0      0      0      0 
    0    271     39     40    100     53      0      0      0      0   3201   1980      0      0 130141 130142      0      0      0      0      0      1 
    0    132     36     35      0      0      0      0      0      0   3201   1980      0      0 130141 130142      0      0      0      0      0      0 
    0    271     38     38     99     53      0      0      0      0   3201   1980      0      0 130141 130142      0      0      0      0      0      1 
    0    132     36     34      0      0      0      0      0      0   3201   1980      0      0 130141 130142      0      0      0      0      0      0 
    0    132     36     34      0      0      0      0      0      0   3201   1980      0      0 130141 130142      0      0      0      0      0      1 
    0    132     36     34      0      0      0      0      0      0   3201   1980      0      0 130141 130142      0      0      0      0      0      0 
    0    270     36     35      0      0      0      0      0      0   3201   1980      0      0 130141 130142      0      0      0      0      0      1 
    0    210     40     42     99     53      0      0      0      0   3201   1980      0      0 130141 130142      0      0      0      0     60     17 
    0    335     37     36      0      0      0      0      0      0   3201   1980      0      0 130141 130142      0      0      0      0      0      1 
    0    190     40     41     48     24      0      0      0      0   3201   1980      0      0 130141 130142      0      0      0      0     72     17 
    0    263     38     37      0      0      0      0      0      0   3201   1980      0      0 130141 130142      0      0      0      0     65     18 
# gpu    pwr  gtemp  mtemp     sm    mem    enc    dec    jpg    ofa   mclk   pclk  pviol  tviol     fb   bar1   ccpm  sbecc  dbecc    pci  rxpci  txpci 
# Idx      W      C      C      %      %      %      %      %      %    MHz    MHz      %   bool     MB     MB     MB   errs   errs   errs   MB/s   MB/s 
    0    290     36     35      0      0      0      0      0      0   3201   1980      0      0 130141 130142      0      0      0      0      0      0 
    0    132     36     34      0      0      0      0      0      0   3201   1980      0      0 130141 130142      0      0      0      0      0      1 
    0    168     39     38      0      0      0      0      0      0   3201   1980      0      0 130141 130142      0      0      0      0     65     16 
    0    354     41     42     99     53      0      0      0      0   3201   1980      0      0 130141 130142      0      0      0      0      0      1 
    0    376     38     37      0      0      0      0      0      0   3201   1980      0      0 130141 130142      0      0      0      0      0      0 
    0    164     40     40     72     37      0      0      0      0   3201   1980      0      0 130141 130142      0      0      0      0     60     18 
    0    347     38     37     66     35      0      0      0      0   3201   1980      0      0 130141 130142      0      0      0      0      0      0 
    0    279     37     36      0      0      0      0      0      0   3201   1980      0      0 130141 130142      0      0      0      0      0      1 
    0    272     37     36      0      0      0      0      0      0   3201   1980      0      0 130141 130142      0      0      0      0      0      0 
    0    271     37     35      0      0      0      0      0      0   3201   1980      0      0 130141 130142      0      0      0      0      0     10 
    0    270     37     35      0      0      0      0      0      0   3201   1980      0      0 130141 130142      0      0      0      0      0      0 
    0    132     36     34      0      0      0      0      0      0   3201   1980      0      0 130141 130142      0      0      0      0      0      1 
    0    188     40     41    100     53      0      0      0      0   3201   1980      0      0 130141 130142      0      0      0      0     60     23 
    0    220     39     36      0      0      0      0      0      0   3201   1980      0      0 130141 130142      0      0      0      0     60     17 
    0    399     41     41      0      0      0      0      0      0   3201   1980      0      0 130141 130142      0      0      0      0     60     16 
    0    249     37     35      0      0      0      0      0      0   3201   1980      0      0 130141 130142      0      0      0      0      0      0 
    0    290     37     36      0      0      0      0      0      0   3201   1980      0      0 130141 130142      0      0      0      0      0      0 
    0    276     37     36      0      0      0      0      0      0   3201   1980      0      0 130141 130142      0      0      0      0      0      0 
    0    370     42     43     99     50      0      0      0      0   3201   1980      0      0 130141 130142      0      0      0      0     72     23 
    0    423     39     39     99     53      0      0      0      0   3201   1980      0      0 130141 130142      0      0      0      0      0      0 
    0    335     42     43    100     53      0      0      0      0   3201   1980      0      0 130141 130142      0      0      0      0     60     17 
    0    209     37     36      0      0      0      0      0      0   3201   1980      0      0 130141 130142      0      0      0      0      0      1 
    0    133     37     35      0      0      0      0      0      0   3201   1980      0      0 130141 130142      0      0      0      0      0      0 
    0    132     37     35      0      0      0      0      0      0   3201   1980      0      0 130141 130142      0      0      0      0      0      1 
    0    132     36     34      0      0      0      0      0      0   3201   1980      0      0 130141 130142      0      0      0      0      0      0 
    0    405     42     42    100     51      0      0      0      0   3201   1980      0      0 130141 130142      0      0      0      0     26      1 
    0    259     42     41     99     53      0      0      0      0   3201   1980      0      0 130141 130142      0      0      0      0     71     17 
    0    400     43     43     98     51      0      0      0      0   3201   1980      0      0 130141 130142      0      0      0      0     71     18 
    0    295     38     37      0      0      0      0      0      0   3201   1980      0      0 130141 130142      0      0      0      0      0      0 
    0    418     43     43     73     38      0      0      0      0   3201   1980      0      0 130141 130142      0      0      0      0     60     18 
    0    229     38     36      0      0      0      0      0      0   3201   1980      0      0 130141 130142      0      0      0      0      0      0 
    0    258     42     42    100     50      0      0      0      0   3201   1980      0      0 130141 130142      0      0      0      0     60     18 
    0    155     37     36      0      0      0      0      0      0   3201   1980      0      0 130141 130142      0      0      0      0      0      0 
    0    308     42     42     99     52      0      0      0      0   3201   1980      0      0 130141 130142      0      0      0      0      0      0 
    0    133     37     35      0      0      0      0      0      0   3201   1980      0      0 130141 130142      0      0      0      0      0      0 
    0    132     37     35      0      0      0      0      0      0   3201   1980      0      0 130141 130142      0      0      0      0      0      0 
    0    132     37     34      0      0      0      0      0      0   3201   1980      0      0 130141 130142      0      0      0      0      0      0 
    0    339     41     41     99     53      0      0      0      0   3201   1980      0      0 130141 130142      0      0      0      0     61     17 
    0    209     37     35      0      0      0      0      0      0   3201   1980      0      0 130141 130142      0      0      0      0      0      0 
    0    132     37     35      0      0      0      0      0      0   3201   1980      0      0 130141 130142      0      0      0      0      0      0 
    0    132     36     34      0      0      0      0      0      0   3201   1980      0      0 130141 130142      0      0      0      0      0      0 
    0    270     38     37      0      0      0      0      0      0   3201   1980      0      0 130141 130142      0      0      0      0      0      0 
    0    273     38     37      0      0      0      0      0      0   3201   1980      0      0 130141 130142      0      0      0      0      0      0 
    0    250     41     42    100     50      0      0      0      0   3201   1980      0      0 130141 130142      0      0      0      0     84     18 
# gpu    pwr  gtemp  mtemp     sm    mem    enc    dec    jpg    ofa   mclk   pclk  pviol  tviol     fb   bar1   ccpm  sbecc  dbecc    pci  rxpci  txpci 
# Idx      W      C      C      %      %      %      %      %      %    MHz    MHz      %   bool     MB     MB     MB   errs   errs   errs   MB/s   MB/s 
    0    448     43     43    100     50      0      0      0      0   3201   1980      0      0 130141 130142      0      0      0      0     60     17 
    0    411     41     42    100     52      0      0      0      0   3201   1980      0      0 130141 130142      0      0      0      0      0      0 
    0    228     42     44     99     53      0      0      0      0   3201   1980      0      0 130141 130142      0      0      0      0     61      9 
    0    322     43     43     99     49      0      0      0      0   3201   1980      0      0 130141 130142      0      0      0      0     60     17 
    0    356     43     43     99     50      0      0      0      0   3201   1980      0      0 130141 130142      0      0      0      0      0      0 
    0    270     39     38      0      0      0      0      0      0   3201   1980      0      0 130141 130142      0      0      0      0      0      0 
    0    133     37     36      0      0      0      0      0      0   3201   1980      0      0 130141 130142      0      0      0      0      0      0 
    0    138     37     35      0      0      0      0      0      0   3201   1980      0      0 130141 130142      0      0      0      0     60     17 
    0    397     39     38     50     27      0      0      0      0   3201   1980      0      0 130141 130142      0      0      0      0      0      0 
    0    321     42     44    100     53      0      0      0      0   3201   1980      0      0 130141 130142      0      0      0      0      0      0 
    0    191     41     42     99     53      0      0      0      0   3201   1980      0      0 130141 130142      0      0      0      0     60     17 
    0    368     38     37      0      0      0      0      0      0   3201   1980      0      0 130141 130142      0      0      0      0      0      0 
    0    278     38     37      0      0      0      0      0      0   3201   1980      0      0 130141 130142      0      0      0      0      0      0 
    0    170     40     39     73     34      0      0      0      0   3201   1980      0      0 130141 130142      0      0      0      0     69     17 
    0    239     37     36      0      0      0      0      0      0   3201   1980      0      0 130141 130142      0      0      0      0     60     17 
    0    360     38     37      0      0      0      0      0      0   3201   1980      0      0 130141 130142      0      0      0      0      0      0 
    0    263     42     43     99     53      0      0      0      0   3201   1980      0      0 130141 130142      0      0      0      0      0      0 
    0    133     37     35      0      0      0      0      0      0   3201   1980      0      0 130141 130142      0      0      0      0      0      0 
    0    132     37     35      0      0      0      0      0      0   3201   1980      0      0 130141 130142      0      0      0      0      0      0 
    0    221     41     43     99     53      0      0      0      0   3201   1980      0      0 130141 130142      0      0      0      0     71     18 
    0    320     41     42      0      0      0      0      0      0   3201   1980      0      0 130141 130142      0      0      0      0     61     17 
    0    302     42     42     99     53      0      0      0      0   3201   1980      0      0 130141 130142      0      0      0      0     61     17 
    0    320     42     43    100     51      0      0      0      0   3201   1980      0      0 130141 130142      0      0      0      0     61     17 
    0    190     37     36      0      0      0      0      0      0   3201   1980      0      0 130141 130142      0      0      0      0      0      0 
    0    133     37     35      0      0      0      0      0      0   3201   1980      0      0 130141 130142      0      0      0      0      0      0 
    0    222     41     41    100     53      0      0      0      0   3201   1980      0      0 130141 130142      0      0      0      0     60     16 
    0    326     38     37      0      0      0      0      0      0   3201   1980      0      0 130141 130142      0      0      0      0      0      0 
    0    133     37     35      0      0      0      0      0      0   3201   1980      0      0 130141 130142      0      0      0      0      0      0 
    0    272     37     36      0      0      0      0      0      0   3201   1980      0      0 130141 130142      0      0      0      0      0      0 
    0    375     42     43    100     53      0      0      0      0   3201   1980      0      0 130141 130142      0      0      0      0      0      0 
    0    149     37     35      0      0      0      0      0      0   3201   1980      0      0 130141 130142      0      0      0      0      0      0 
    0    365     42     44     99     53      0      0      0      0   3201   1980      0      0 130141 130142      0      0      0      0     63     17 
    0    186     37     35      0      0      0      0      0      0   3201   1980      0      0 130141 130142      0      0      0      0      0      0 
    0    202     41     43    100     53      0      0      0      0   3201   1980      0      0 130141 130142      0      0      0      0     63     17 
    0    313     42     43     99     53      0      0      0      0   3201   1980      0      0 130141 130142      0      0      0      0      0      0 
    0    140     37     35      0      0      0      0      0      0   3201   1980      0      0 130141 130142      0      0      0      0      0      1 
    0    263     42     43     99     55      0      0      0      0   3201   1980      0      0 130141 130142      0      0      0      0     32      0 
    0    212     41     40    100     55      0      0      0      0   3201   1980      0      0 130141 130142      0      0      0      0     67     18 
    0    180     37     35      0      0      0      0      0      0   3201   1980      0      0 130141 130142      0      0      0      0     15     17 
    0    360     42     43     99     55      0      0      0      0   3201   1980      0      0 130141 130142      0      0      0      0     62     18 
    0    158     37     35      0      0      0      0      0      0   3201   1980      0      0 130141 130142      0      0      0      0      0      0 
    0    132     36     35      0      0      0      0      0      0   3201   1980      0      0 130141 130142      0      0      0      0      0      1 
    0    227     41     42    100     55      0      0      0      0   3201   1980      0      0 130141 130142      0      0      0      0     67     17 
    0    259     41     41     85     46      0      0      0      0   3201   1980      0      0 130141 130142      0      0      0      0     62     19 
# gpu    pwr  gtemp  mtemp     sm    mem    enc    dec    jpg    ofa   mclk   pclk  pviol  tviol     fb   bar1   ccpm  sbecc  dbecc    pci  rxpci  txpci 
# Idx      W      C      C      %      %      %      %      %      %    MHz    MHz      %   bool     MB     MB     MB   errs   errs   errs   MB/s   MB/s 
    0    300     38     36      0      0      0      0      0      0   3201   1980      0      0 130141 130142      0      0      0      0      0      0 
    0    400     42     43     99     55      0      0      0      0   3201   1980      0      0 130141 130142      0      0      0      0      0      0 
    0    287     43     43    100     55      0      0      0      0   3201   1980      0      0 130141 130142      0      0      0      0     67     17 
    0    285     41     42      0      0      0      0      0      0   3201   1980      0      0 130141 130142      0      0      0      0     67     17 
    0    416     44     43     99     52      0      0      0      0   3201   1980      0      0 130141 130142      0      0      0      0     67     18 
    0    332     43     42    100     55      0      0      0      0   3201   1980      0      0 130141 130142      0      0      0      0     63     17 
    0    304     43     45     99     55      0      0      0      0   3201   1980      0      0 130141 130142      0      0      0      0      0      0 
    0    273     39     38     34     19      0      0      0      0   3201   1980      0      0 130141 130142      0      0      0      0      0      0 
    0    269     39     38    100     55      0      0      0      0   3201   1980      0      0 130141 130142      0      0      0      0      0      0 
    0    276     39     38      0      0      0      0      0      0   3201   1980      0      0 130141 130142      0      0      0      0     62     18 
    0    271     38     36      0      0      0      0      0      0   3201   1980      0      0 130141 130142      0      0      0      0      0      0 
    0    133     37     35      0      0      0      0      0      0   3201   1980      0      0 130141 130142      0      0      0      0      0      0 
    0    388     43     42    100     55      0      0      0      0   3201   1980      0      0 130141 130142      0      0      0      0      0      0 
    0    275     38     36      0      0      0      0      0      0   3201   1980      0      0 130141 130142      0      0      0      0      0      0 
    0    133     37     35      0      0      0      0      0      0   3201   1980      0      0 130141 130142      0      0      0      0      0      0 
    0    272     38     37      0      0      0      0      0      0   3201   1980      0      0 130141 130142      0      0      0      0      0      0 
    0    139     40     35      0      0      0      0      0      0   3201   1980      0      0 130141 130142      0      0      0      0     66     17 
    0    236     37     35      0      0      0      0      0      0   3201   1980      0      0 130141 130142      0      0      0      0      0      0 
    0    308     38     36      0      0      0      0      0      0   3201   1980      0      0 130141 130142      0      0      0      0      0      0 
    0    133     37     35      0      0      0      0      0      0   3201   1980      0      0 130141 130142      0      0      0      0      0      0 
    0    246     42     42     99     55      0      0      0      0   3201   1980      0      0 130141 130142      0      0      0      0      0      0 
    0    192     41     42    100     54      0      0      0      0   3201   1980      0      0 130141 130142      0      0      0      0     67     17 
    0    221     37     35      0      0      0      0      0      0   3201   1980      0      0 130141 130142      0      0      0      0      0      0 
    0    132     36     35      0      0      0      0      0      0   3201   1980      0      0 130141 130142      0      0      0      0      0      0 
    0    132     36     34      0      0      0      0      0      0   3201   1980      0      0 130141 130142      0      0      0      0      0      0 
    0    132     36     34      0      0      0      0      0      0   3201   1980      0      0 130141 130142      0      0      0      0      0      0 
    0    132     36     34      0      0      0      0      0      0   3201   1980      0      0 130141 130142      0      0      0      0      0      0 
    0    132     36     34      0      0      0      0      0      0   3201   1980      0      0 130141 130142      0      0      0      0      0      0 
    0    321     41     44    100     52      0      0      0      0   3201   1980      0      0 130141 130142      0      0      0      0      0      0 
    0    132     36     34      0      0      0      0      0      0   3201   1980      0      0 130141 130142      0      0      0      0      0      0 
    0    287     41     42     99     52      0      0      0      0   3201   1980      0      0 130141 130142      0      0      0      0     68     18 
    0    286     41     43     99     52      0      0      0      0   3201   1980      0      0 130141 130142      0      0      0      0     67     17 
    0    184     37     35      0      0      0      0      0      0   3201   1980      0      0 130141 130142      0      0      0      0      0      1 
    0    269     39     39     89     49      0      0      0      0   3201   1980      0      0 130141 130142      0      0      0      0      0      0 
    0    132     36     35      0      0      0      0      0      0   3201   1980      0      0 130141 130142      0      0      0      0      0      1 
    0    290     39     37      0      0      0      0      0      0   3201   1980      0      0 130141 130142      0      0      0      0     67     17 
    0    422     42     44    100     52      0      0      0      0   3201   1980      0      0 130141 130142      0      0      0      0      0      1 
    0    248     42     42    100     55      0      0      0      0   3201   1980      0      0 130141 130142      0      0      0      0     67     10 
    0    301     38     37      0      0      0      0      0      0   3201   1980      0      0 130141 130142      0      0      0      0      0      1 
    0    274     39     38     99     55      0      0      0      0   3201   1980      0      0 130141 130142      0      0      0      0      0      0 
    0    133     37     35      0      0      0      0      0      0   3201   1980      0      0 130141 130142      0      0      0      0      0      1 
    0    272     38     37      0      0      0      0      0      0   3201   1980      0      0 130141 130142      0      0      0      0      0      0 
    0    133     36     35      0      0      0      0      0      0   3201   1980      0      0 130141 130142      0      0      0      0      0      1 
    0    132     36     34      0      0      0      0      0      0   3201   1980      0      0 130141 130142      0      0      0      0      0      0 
# gpu    pwr  gtemp  mtemp     sm    mem    enc    dec    jpg    ofa   mclk   pclk  pviol  tviol     fb   bar1   ccpm  sbecc  dbecc    pci  rxpci  txpci 
# Idx      W      C      C      %      %      %      %      %      %    MHz    MHz      %   bool     MB     MB     MB   errs   errs   errs   MB/s   MB/s 
    0    132     36     34      0      0      0      0      0      0   3201   1980      0      0 130141 130142      0      0      0      0     61     19 
    0    269     36     35      0      0      0      0      0      0   3201   1980      0      0 130141 130142      0      0      0      0      0      0 
    0    152     40     34      0      0      0      0      0      0   3201   1980      0      0 130141 130142      0      0      0      0     73     19 
    0    369     38     37      0      0      0      0      0      0   3201   1980      0      0 130141 130142      0      0      0      0      0      0 
    0    249     41     42    100     55      0      0      0      0   3201   1980      0      0 130141 130142      0      0      0      0     67     19 
    0    358     42     43    100     51      0      0      0      0   3201   1980      0      0 130141 130142      0      0      0      0     77     18 
    0    211     37     35      0      0      0      0      0      0   3201   1980      0      0 130141 130142      0      0      0      0      0      1 
    0    374     42     44     99     55      0      0      0      0   3201   1980      0      0 130141 130142      0      0      0      0     61     18 
    0    270     37     36      0      0      0      0      0      0   3201   1980      0      0 130141 130142      0      0      0      0      0      1 
    0    132     37     35      0      0      0      0      0      0   3201   1980      0      0 130141 130142      0      0      0      0      0      0 
    0    272     40     42    100     55      0      0      0      0   3201   1980      0      0 130141 130142      0      0      0      0      0      1 
    0    237     42     42    100     52      0      0      0      0   3201   1980      0      0 130141 130142      0      0      0      0     84     19 
    0    287     40     41      0      0      0      0      0      0   3201   1980      0      0 130141 130142      0      0      0      0     66     19 
    0    315     42     42     99     55      0      0      0      0   3201   1980      0      0 130141 130142      0      0      0      0     73     18 
    0    253     37     36      0      0      0      0      0      0   3201   1980      0      0 130141 130142      0      0      0      0      0      1 
    0    132     37     35      0      0      0      0      0      0   3201   1980      0      0 130141 130142      0      0      0      0      0      0 
    0    268     42     43     99     55      0      0      0      0   3201   1980      0      0 130141 130142      0      0      0      0      0      1 
    0    269     39     38     35     19      0      0      0      0   3201   1980      0      0 130141 130142      0      0      0      0      0      0 
    0    273     38     36      0      0      0      0      0      0   3201   1980      0      0 130141 130142      0      0      0      0      0      1 
    0    270     37     36      0      0      0      0      0      0   3201   1980      0      0 130141 130142      0      0      0      0      0      0 
    0    342     43     43     99     52      0      0      0      0   3201   1980      0      0 130141 130142      0      0      0      0     64     18 
    0    436     43     43    100     55      0      0      0      0   3201   1980      0      0 130141 130142      0      0      0      0     29      0 
    0    149     37     36      0      0      0      0      0      0   3201   1980      0      0 130141 130142      0      0      0      0      0      1 
    0    133     37     35      0      0      0      0      0      0   3201   1980      0      0 130141 130142      0      0      0      0      0      0 
    0    270     39     38     99     55      0      0      0      0   3201   1980      0      0 130141 130142      0      0      0      0      0      1 
    0    226     41     42     99     55      0      0      0      0   3201   1980      0      0 130141 130142      0      0      0      0     64     17 
    0    382     43     44     99     55      0      0      0      0   3201   1980      0      0 130141 130142      0      0      0      0     84     19 
    0    393     40     41     99     55      0      0      0      0   3201   1980      0      0 130141 130142      0      0      0      0      0      0 
