# gpu    pwr  gtemp  mtemp     sm    mem    enc    dec    jpg    ofa   mclk   pclk  pviol  tviol     fb   bar1   ccpm  sbecc  dbecc    pci  rxpci  txpci 
# Idx      W      C      C      %      %      %      %      %      %    MHz    MHz      %   bool     MB     MB     MB   errs   errs   errs   MB/s   MB/s 
    0    134     33     32      0      0      0      0      0      0   3201   1980      0      0 130135 130136      0      0      0      0      0      0 
    0    130     33     32      0      0      0      0      0      0   3201   1980      0      0 130135 130136      0      0      0      0      0      0 
    0    129     33     32      0      0      0      0      0      0   3201   1980      0      0 130135 130136      0      0      0      0      0      0 
    0    129     33     31      0      0      0      0      0      0   3201   1980      0      0 130135 130136      0      0      0      0      0      0 
    0    129     32     32      0      0      0      0      0      0   3201   1980      0      0 130135 130136      0      0      0      0      0      0 
    0    129     32     31      0      0      0      0      0      0   3201   1980      0      0 130135 130136      0      0      0      0      0      0 
    0    129     32     31      0      0      0      0      0      0   3201   1980      0      0 130135 130136      0      0      0      0      0      0 
    0    129     32     31      0      0      0      0      0      0   3201   1980      0      0 130135 130136      0      0      0      0      0      0 
    0    129     32     31      0      0      0      0      0      0   3201   1980      0      0 130135 130136      0      0      0      0      0      0 
    0    129     32     31      0      0      0      0      0      0   3201   1980      0      0 130135 130136      0      0      0      0      0      0 
    0    129     32     31      0      0      0      0      0      0   3201   1980      0      0 130135 130136      0      0      0      0      0      0 
    0    129     32     32      0      0      0      0      0      0   3201   1980      0      0 130135 130136      0      0      0      0      0      0 
    0    129     32     31      0      0      0      0      0      0   3201   1980      0      0 130135 130136      0      0      0      0      0      0 
    0    132     32     32      0      0      0      0      0      0   3201   1980      0      0 130137 130138      0      0      0      0      0      0 
    0    133     33     32      7      2      0      0      0      0   3201   1980      0      0 130139 130140      0      0      0      0      0      0 
    0    369     38     40    100     50      0      0      0      0   3201   1980      0      0 130141 130142      0      0      0      0     60     17 
    0    240     37     38      6      3      0      0      0      0   3201   1980      0      0 130141 130142      0      0      0      0     61     16 
    0    178     33     33      0      0      0      0      0      0   3201   1980      0      0 130141 130142      0      0      0      0      0      0 
    0    309     38     41     99     52      0      0      0      0   3201   1980      0      0 130141 130142      0      0      0      0     11      0 
    0    369     39     40    100     52      0      0      0      0   3201   1980      0      0 130141 130142      0      0      0      0     60     16 
    0    324     35     34      0      0      0      0      0      0   3201   1980      0      0 130141 130142      0      0      0      0      0      0 
    0    301     37     38    100     49      0      0      0      0   3201   1980      0      0 130141 130142      0      0      0      0      0      0 
    0    249     36     35      0      0      0      0      0      0   3201   1980      0      0 130141 130142      0      0      0      0      0      0 
    0    268     35     33      0      0      0      0      0      0   3201   1980      0      0 130141 130142      0      0      0      0      0      0 
    0    285     35     34      0      0      0      0      0      0   3201   1980      0      0 130141 130142      0      0      0      0      0      0 
    0    148     36     36      1      1      0      0      0      0   3201   1980      0      0 130141 130142      0      0      0      0     65     16 
    0    304     39     40     99     53      0      0      0      0   3201   1980      0      0 130141 130142      0      0      0      0     67     17 
    0    357     39     41     99     51      0      0      0      0   3201   1980      0      0 130141 130142      0      0      0      0     71     17 
    0    378     37     36     97     51      0      0      0      0   3201   1980      0      0 130141 130142      0      0      0      0      0      0 
    0    204     39     40    100     53      0      0      0      0   3201   1980      0      0 130141 130142      0      0      0      0     65     17 
    0    453     40     42     99     53      0      0      0      0   3201   1980      0      0 130141 130142      0      0      0      0      0      0 
    0    393     41     43     99     53      0      0      0      0   3201   1980      0      0 130141 130142      0      0      0      0     71     17 
    0    408     40     39     99     53      0      0      0      0   3201   1980      0      0 130141 130142      0      0      0      0     66     16 
    0    373     37     36      0      0      0      0      0      0   3201   1980      0      0 130141 130142      0      0      0      0      0      0 
    0    206     39     41     99     53      0      0      0      0   3201   1980      0      0 130141 130142      0      0      0      0     61     17 
    0    416     41     43    100     51      0      0      0      0   3201   1980      0      0 130141 130142      0      0      0      0     63     18 
    0    355     40     39     56     30      0      0      0      0   3201   1980      0      0 130141 130142      0      0      0      0     60     17 
    0    403     41     43     99     48      0      0      0      0   3201   1980      0      0 130141 130142      0      0      0      0     75     19 
    0    458     42     43    100     51      0      0      0      0   3201   1980      0      0 130141 130142      0      0      0      0     62     16 
    0    171     36     35      0      0      0      0      0      0   3201   1980      0      0 130141 130142      0      0      0      0      0      1 
    0    182     39     37     96     49      0      0      0      0   3201   1980      0      0 130141 130142      0      0      0      0     75     18 
    0    404     41     41    100     50      0      0      0      0   3201   1980      0      0 130141 130142      0      0      0      0     61     19 
    0    426     41     42     12      6      0      0      0      0   3201   1980      0      0 130141 130142      0      0      0      0     83     17 
    0    354     37     37      0      0      0      0      0      0   3201   1980      0      0 130141 130142      0      0      0      0      0      1 
# gpu    pwr  gtemp  mtemp     sm    mem    enc    dec    jpg    ofa   mclk   pclk  pviol  tviol     fb   bar1   ccpm  sbecc  dbecc    pci  rxpci  txpci 
# Idx      W      C      C      %      %      %      %      %      %    MHz    MHz      %   bool     MB     MB     MB   errs   errs   errs   MB/s   MB/s 
    0    288     36     35      0      0      0      0      0      0   3201   1980      0      0 130141 130142      0      0      0      0     60     16 
    0    282     36     35      0      0      0      0      0      0   3201   1980      0      0 130141 130142      0      0      0      0      0      0 
    0    176     39     40      0      0      0      0      0      0   3201   1980      0      0 130141 130142      0      0      0      0     60     17 
    0    331     36     35      0      0      0      0      0      0   3201   1980      0      0 130141 130142      0      0      0      0      0      0 
    0    134     35     34      0      0      0      0      0      0   3201   1980      0      0 130141 130142      0      0      0      0     65     16 
    0    395     38     37     38     21      0      0      0      0   3201   1980      0      0 130141 130142      0      0      0      0      0      0 
    0    392     41     43    100     48      0      0      0      0   3201   1980      0      0 130141 130142      0      0      0      0     74     19 
    0    409     41     40    100     53      0      0      0      0   3201   1980      0      0 130141 130142      0      0      0      0     56     17 
    0    443     42     42    100     50      0      0      0      0   3201   1980      0      0 130141 130142      0      0      0      0     65     16 
    0    279     37     36      0      0      0      0      0      0   3201   1980      0      0 130141 130142      0      0      0      0      0      0 
    0    330     40     42     99     53      0      0      0      0   3201   1980      0      0 130141 130142      0      0      0      0     61     16 
    0    370     41     43     99     53      0      0      0      0   3201   1980      0      0 130141 130142      0      0      0      0     84     19 
    0    393     39     38    100     50      0      0      0      0   3201   1980      0      0 130141 130142      0      0      0      0      0      0 
    0    333     42     42     99     53      0      0      0      0   3201   1980      0      0 130141 130142      0      0      0      0     71     17 
    0    381     42     43     99     53      0      0      0      0   3201   1980      0      0 130141 130142      0      0      0      0      0      0 
    0    133     36     35      0      0      0      0      0      0   3201   1980      0      0 130141 130142      0      0      0      0      0      0 
    0    382     41     43     99     53      0      0      0      0   3201   1980      0      0 130141 130142      0      0      0      0     60     17 
    0    442     42     43    100     50      0      0      0      0   3201   1980      0      0 130141 130142      0      0      0      0     60     16 
    0    181     36     35      0      0      0      0      0      0   3201   1980      0      0 130141 130142      0      0      0      0      0      0 
    0    362     38     38     99     53      0      0      0      0   3201   1980      0      0 130141 130142      0      0      0      0      0      0 
    0    251     37     37     68     37      0      0      0      0   3201   1980      0      0 130141 130142      0      0      0      0     61     17 
    0    317     39     39      1      1      0      0      0      0   3201   1980      0      0 130141 130142      0      0      0      0     61     16 
    0    336     37     36      0      0      0      0      0      0   3201   1980      0      0 130141 130142      0      0      0      0      0      0 
    0    360     42     43     99     53      0      0      0      0   3201   1980      0      0 130141 130142      0      0      0      0      0      0 
    0    254     41     43     99     53      0      0      0      0   3201   1980      0      0 130141 130142      0      0      0      0     15      0 
    0    327     40     40     84     45      0      0      0      0   3201   1980      0      0 130141 130142      0      0      0      0     60     17 
    0    343     37     36      0      0      0      0      0      0   3201   1980      0      0 130141 130142      0      0      0      0      0      0 
    0    235     40     41     99     53      0      0      0      0   3201   1980      0      0 130141 130142      0      0      0      0     63     17 
    0    415     40     40     99     53      0      0      0      0   3201   1980      0      0 130141 130142      0      0      0      0     71     17 
    0    407     42     42    100     50      0      0      0      0   3201   1980      0      0 130141 130142      0      0      0      0     60     17 
    0    427     42     44     99     48      0      0      0      0   3201   1980      0      0 130141 130142      0      0      0      0     65     16 
    0    436     43     44     99     53      0      0      0      0   3201   1980      0      0 130141 130142      0      0      0      0     65     17 
    0    391     43     44     99     53      0      0      0      0   3201   1980      0      0 130141 130142      0      0      0      0     68     17 
    0    361     38     38      0      0      0      0      0      0   3201   1980      0      0 130141 130142      0      0      0      0      0      0 
    0    307     43     42     99     52      0      0      0      0   3201   1980      0      0 130141 130142      0      0      0      0     67     18 
    0    243     37     36      0      0      0      0      0      0   3201   1980      0      0 130141 130142      0      0      0      0     60     17 
    0    317     41     43     14      7      0      0      0      0   3201   1980      0      0 130141 130142      0      0      0      0     60     18 
    0    341     38     38      0      0      0      0      0      0   3201   1980      0      0 130141 130142      0      0      0      0      0      0 
    0    233     41     41     99     53      0      0      0      0   3201   1980      0      0 130141 130142      0      0      0      0      0      1 
    0    273     37     36      0      0      0      0      0      0   3201   1980      0      0 130141 130142      0      0      0      0      0      0 
    0    132     36     34      0      0      0      0      0      0   3201   1980      0      0 130141 130142      0      0      0      0      0      1 
    0    132     35     33      0      0      0      0      0      0   3201   1980      0      0 130141 130142      0      0      0      0      0      0 
    0    274     40     40    100     50      0      0      0      0   3201   1980      0      0 130141 130142      0      0      0      0      0      1 
    0    265     40     40    100     50      0      0      0      0   3201   1980      0      0 130141 130142      0      0      0      0     60     17 
# gpu    pwr  gtemp  mtemp     sm    mem    enc    dec    jpg    ofa   mclk   pclk  pviol  tviol     fb   bar1   ccpm  sbecc  dbecc    pci  rxpci  txpci 
# Idx      W      C      C      %      %      %      %      %      %    MHz    MHz      %   bool     MB     MB     MB   errs   errs   errs   MB/s   MB/s 
    0    313     36     35      0      0      0      0      0      0   3201   1980      0      0 130141 130142      0      0      0      0      0      1 
    0    287     39     38     48     25      0      0      0      0   3201   1980      0      0 130141 130142      0      0      0      0     63     17 
    0    434     41     43    100     50      0      0      0      0   3201   1980      0      0 130141 130142      0      0      0      0      0      1 
    0    374     38     38    100     53      0      0      0      0   3201   1980      0      0 130141 130142      0      0      0      0      0      0 
    0    261     37     36      0      0      0      0      0      0   3201   1980      0      0 130141 130142      0      0      0      0     23     17 
    0    278     36     35      0      0      0      0      0      0   3201   1980      0      0 130141 130142      0      0      0      0      0      0 
    0    169     39     40     51     27      0      0      0      0   3201   1980      0      0 130141 130142      0      0      0      0     60     17 
    0    263     40     39     68     34      0      0      0      0   3201   1980      0      0 130141 130142      0      0      0      0     84     19 
    0    378     40     43    100     50      0      0      0      0   3201   1980      0      0 130141 130142      0      0      0      0     67     17 
    0    335     37     36      0      0      0      0      0      0   3201   1980      0      0 130141 130142      0      0      0      0     65     16 
    0    356     37     37      0      0      0      0      0      0   3201   1980      0      0 130141 130142      0      0      0      0      0      1 
    0    270     41     43     99     53      0      0      0      0   3201   1980      0      0 130141 130142      0      0      0      0      0      0 
    0    389     41     43     61     32      0      0      0      0   3201   1980      0      0 130141 130142      0      0      0      0     60     17 
    0    332     37     37      0      0      0      0      0      0   3201   1980      0      0 130141 130142      0      0      0      0      0      0 
    0    268     41     42    100     53      0      0      0      0   3201   1980      0      0 130141 130142      0      0      0      0      0      3 
    0    446     42     43     93     50      0      0      0      0   3201   1980      0      0 130141 130142      0      0      0      0     60     17 
    0    370     41     42    100     50      0      0      0      0   3201   1980      0      0 130141 130142      0      0      0      0     84     20 
    0    298     37     36      0      0      0      0      0      0   3201   1980      0      0 130141 130142      0      0      0      0      0      0 
    0    260     41     43     99     53      0      0      0      0   3201   1980      0      0 130141 130142      0      0      0      0      0      0 
    0    413     42     43    100     48      0      0      0      0   3201   1980      0      0 130141 130142      0      0      0      0     74     19 
    0    302     37     36      0      0      0      0      0      0   3201   1980      0      0 130141 130142      0      0      0      0      0      0 
    0    132     36     34      0      0      0      0      0      0   3201   1980      0      0 130141 130142      0      0      0      0      0      0 
    0    132     36     34      0      0      0      0      0      0   3201   1980      0      0 130141 130142      0      0      0      0      0      0 
    0    131     35     33      0      0      0      0      0      0   3201   1980      0      0 130141 130142      0      0      0      0      0      0 
    0    131     35     33      0      0      0      0      0      0   3201   1980      0      0 130141 130142      0      0      0      0      0      0 
    0    131     35     33      0      0      0      0      0      0   3201   1980      0      0 130141 130142      0      0      0      0      0      0 
    0    131     35     33      0      0      0      0      0      0   3201   1980      0      0 130141 130142      0      0      0      0      0      0 
