# gpu    pwr  gtemp  mtemp     sm    mem    enc    dec    jpg    ofa   mclk   pclk  pviol  tviol     fb   bar1   ccpm  sbecc  dbecc    pci  rxpci  txpci 
# Idx      W      C      C      %      %      %      %      %      %    MHz    MHz      %   bool     MB     MB     MB   errs   errs   errs   MB/s   MB/s 
    0    146     35     33      0      0      0      0      0      0   3201   1980      0      0 130135 130136      0      0      0      0      0      0 
    0    140     35     33      0      0      0      0      0      0   3201   1980      0      0 130135 130136      0      0      0      0      0      0 
    0    131     35     33      0      0      0      0      0      0   3201   1980      0      0 130135 130136      0      0      0      0      0      0 
    0    131     35     33      0      0      0      0      0      0   3201   1980      0      0 130135 130136      0      0      0      0      0      1 
    0    131     35     33      0      0      0      0      0      0   3201   1980      0      0 130135 130136      0      0      0      0      0      0 
    0    131     35     33      0      0      0      0      0      0   3201   1980      0      0 130135 130136      0      0      0      0      0      1 
    0    131     35     33      0      0      0      0      0      0   3201   1980      0      0 130135 130136      0      0      0      0      0      0 
    0    131     35     33      0      0      0      0      0      0   3201   1980      0      0 130135 130136      0      0      0      0      0      1 
    0    131     35     33      0      0      0      0      0      0   3201   1980      0      0 130135 130136      0      0      0      0      0      0 
    0    131     35     33      0      0      0      0      0      0   3201   1980      0      0 130135 130136      0      0      0      0      0      1 
    0    131     35     33      0      0      0      0      0      0   3201   1980      0      0 130135 130136      0      0      0      0      0      0 
    0    131     35     33      0      0      0      0      0      0   3201   1980      0      0 130135 130136      0      0      0      0      0      1 
    0    131     35     33      0      0      0      0      0      0   3201   1980      0      0 130135 130136      0      0      0      0      0      0 
    0    276     37     35     99     53      0      0      0      0   3201   1980      0      0 130139 130140      0      0      0      0     64     17 
    0    449     41     42     99     53      0      0      0      0   3201   1980      0      0 130141 130142      0      0      0      0     71     19 
    0    433     42     41     99     50      0      0      0      0   3201   1980      0      0 130141 130142      0      0      0      0     66     17 
    0    240     40     39      0      0      0      0      0      0   3201   1980      0      0 130141 130142      0      0      0      0     61     17 
    0    233     37     35      0      0      0      0      0      0   3201   1980      0      0 130141 130142      0      0      0      0      0      0 
    0    303     41     41     99     51      0      0      0      0   3201   1980      0      0 130141 130142      0      0      0      0     61     17 
    0    347     42     42     99     51      0      0      0      0   3201   1980      0      0 130141 130142      0      0      0      0     62     17 
    0    347     38     37      0      0      0      0      0      0   3201   1980      0      0 130141 130142      0      0      0      0      0      0 
    0    287     42     41    100     49      0      0      0      0   3201   1980      0      0 130141 130142      0      0      0      0     72     13 
    0    275     42     43    100     53      0      0      0      0   3201   1980      0      0 130141 130142      0      0      0      0      0      0 
    0    271     38     37      0      0      0      0      0      0   3201   1980      0      0 130141 130142      0      0      0      0      0      0 
    0    273     38     37      0      0      0      0      0      0   3201   1980      0      0 130141 130142      0      0      0      0      0      0 
    0    132     36     34      0      0      0      0      0      0   3201   1980      0      0 130141 130142      0      0      0      0      0     13 
    0    305     40     38      0      0      0      0      0      0   3201   1980      0      0 130141 130142      0      0      0      0     61     18 
    0    356     40     41     31     15      0      0      0      0   3201   1980      0      0 130141 130142      0      0      0      0     72     18 
    0    421     42     43    100     51      0      0      0      0   3201   1980      0      0 130141 130142      0      0      0      0      0      0 
    0    163     39     37      0      0      0      0      0      0   3201   1980      0      0 130141 130142      0      0      0      0     62     17 
    0    456     42     43    100     49      0      0      0      0   3201   1980      0      0 130141 130142      0      0      0      0     61     17 
    0    361     43     42     99     53      0      0      0      0   3201   1980      0      0 130141 130142      0      0      0      0     61     17 
    0    443     43     44    100     53      0      0      0      0   3201   1980      0      0 130141 130142      0      0      0      0     64     17 
    0    408     41     41    100     53      0      0      0      0   3201   1980      0      0 130141 130142      0      0      0      0      0      0 
    0    156     40     36      0      0      0      0      0      0   3201   1980      0      0 130141 130142      0      0      0      0     61     17 
    0    411     44     44     99     49      0      0      0      0   3201   1980      0      0 130141 130142      0      0      0      0     72     17 
    0    392     43     43    100     51      0      0      0      0   3201   1980      0      0 130141 130142      0      0      0      0     26     17 
    0    411     43     43    100     49      0      0      0      0   3201   1980      0      0 130141 130142      0      0      0      0     75     19 
    0    466     45     43     99     53      0      0      0      0   3201   1980      0      0 130141 130142      0      0      0      0     61     17 
    0    225     38     37      0      0      0      0      0      0   3201   1980      0      0 130141 130142      0      0      0      0      0      0 
    0    133     37     35      0      0      0      0      0      0   3201   1980      0      0 130141 130142      0      0      0      0     64     21 
    0    433     45     43     99     53      0      0      0      0   3201   1980      0      0 130141 130142      0      0      0      0     72     18 
    0    445     43     44    100     49      0      0      0      0   3201   1980      0      0 130141 130142      0      0      0      0     63     17 
    0    410     41     41      0      0      0      0      0      0   3201   1980      0      0 130141 130142      0      0      0      0      0      0 
# gpu    pwr  gtemp  mtemp     sm    mem    enc    dec    jpg    ofa   mclk   pclk  pviol  tviol     fb   bar1   ccpm  sbecc  dbecc    pci  rxpci  txpci 
# Idx      W      C      C      %      %      %      %      %      %    MHz    MHz      %   bool     MB     MB     MB   errs   errs   errs   MB/s   MB/s 
    0    290     39     39      0      0      0      0      0      0   3201   1980      0      0 130141 130142      0      0      0      0      0      0 
    0    288     39     38      0      0      0      0      0      0   3201   1980      0      0 130141 130142      0      0      0      0      0      0 
    0    133     38     36      0      0      0      0      0      0   3201   1980      0      0 130141 130142      0      0      0      0     64     17 
    0    380     39     38      0      0      0      0      0      0   3201   1980      0      0 130141 130142      0      0      0      0      0      0 
    0    133     37     35      0      0      0      0      0      0   3201   1980      0      0 130141 130142      0      0      0      0      0      0 
    0    399     43     43     99     53      0      0      0      0   3201   1980      0      0 130141 130142      0      0      0      0      0      0 
    0    378     43     43    100     49      0      0      0      0   3201   1980      0      0 130141 130142      0      0      0      0     85     18 
    0    409     43     44    100     53      0      0      0      0   3201   1980      0      0 130141 130142      0      0      0      0     61     17 
    0    461     44     45    100     50      0      0      0      0   3201   1980      0      0 130141 130142      0      0      0      0     72     17 
    0    319     39     38      0      0      0      0      0      0   3201   1980      0      0 130141 130142      0      0      0      0      0      0 
    0    303     43     44    100     50      0      0      0      0   3201   1980      0      0 130141 130142      0      0      0      0     13      0 
    0    357     43     43    100     53      0      0      0      0   3201   1980      0      0 130141 130142      0      0      0      0     72     17 
    0    451     44     44     99     50      0      0      0      0   3201   1980      0      0 130141 130142      0      0      0      0      0      0 
    0    297     40     39     12      6      0      0      0      0   3201   1980      0      0 130141 130142      0      0      0      0     63     17 
    0    381     43     44    100     53      0      0      0      0   3201   1980      0      0 130141 130142      0      0      0      0     66     17 
    0    168     38     37      0      0      0      0      0      0   3201   1980      0      0 130141 130142      0      0      0      0      0      0 
    0    349     44     43     99     51      0      0      0      0   3201   1980      0      0 130141 130142      0      0      0      0     61     18 
    0    453     44     44     99     50      0      0      0      0   3201   1980      0      0 130141 130142      0      0      0      0     72     18 
    0    220     39     37      0      0      0      0      0      0   3201   1980      0      0 130141 130142      0      0      0      0      0      1 
    0    379     44     43     99     53      0      0      0      0   3201   1980      0      0 130141 130142      0      0      0      0      0      0 
    0    281     43     44     46     25      0      0      0      0   3201   1980      0      0 130141 130142      0      0      0      0      0      1 
    0    334     39     38      0      0      0      0      0      0   3201   1980      0      0 130141 130142      0      0      0      0      0      0 
    0    358     40     39      0      0      0      0      0      0   3201   1980      0      0 130141 130142      0      0      0      0      0      1 
    0    357     44     42     99     53      0      0      0      0   3201   1980      0      0 130141 130142      0      0      0      0     61     17 
    0    247     42     42    100     53      0      0      0      0   3201   1980      0      0 130141 130142      0      0      0      0     61     18 
    0    328     40     39      0      0      0      0      0      0   3201   1980      0      0 130141 130142      0      0      0      0     61     17 
    0    385     40     39      0      0      0      0      0      0   3201   1980      0      0 130141 130142      0      0      0      0      0      1 
    0    195     42     41    100     53      0      0      0      0   3201   1980      0      0 130141 130142      0      0      0      0     61     17 
    0    432     44     44     99     53      0      0      0      0   3201   1980      0      0 130141 130142      0      0      0      0      0      6 
    0    429     45     45    100     53      0      0      0      0   3201   1980      0      0 130141 130142      0      0      0      0     72     18 
    0    440     44     44    100     50      0      0      0      0   3201   1980      0      0 130141 130142      0      0      0      0     75     19 
    0    454     45     47    100     53      0      0      0      0   3201   1980      0      0 130141 130142      0      0      0      0     61     17 
    0    433     45     46     99     53      0      0      0      0   3201   1980      0      0 130141 130142      0      0      0      0     61     17 
    0    414     45     47     51     27      0      0      0      0   3201   1980      0      0 130141 130142      0      0      0      0      0      0 
    0    274     44     43     99     49      0      0      0      0   3201   1980      0      0 130141 130142      0      0      0      0     61     21 
    0    306     39     39      0      0      0      0      0      0   3201   1980      0      0 130141 130142      0      0      0      0      0      0 
    0    292     39     38     44     22      0      0      0      0   3201   1980      0      0 130141 130142      0      0      0      0     61     17 
    0    396     44     45    100     50      0      0      0      0   3201   1980      0      0 130141 130142      0      0      0      0      0      0 
    0    196     42     42     92     48      0      0      0      0   3201   1980      0      0 130141 130142      0      0      0      0     61     17 
    0    355     41     40     62     33      0      0      0      0   3201   1980      0      0 130141 130142      0      0      0      0      0      0 
    0    134     38     36      0      0      0      0      0      0   3201   1980      0      0 130141 130142      0      0      0      0      0      0 
    0    133     38     36      0      0      0      0      0      0   3201   1980      0      0 130141 130142      0      0      0      0      0      0 
    0    239     42     40     99     50      0      0      0      0   3201   1980      0      0 130141 130142      0      0      0      0     72     18 
    0    275     42     41     99     51      0      0      0      0   3201   1980      0      0 130141 130142      0      0      0      0     73     18 
# gpu    pwr  gtemp  mtemp     sm    mem    enc    dec    jpg    ofa   mclk   pclk  pviol  tviol     fb   bar1   ccpm  sbecc  dbecc    pci  rxpci  txpci 
# Idx      W      C      C      %      %      %      %      %      %    MHz    MHz      %   bool     MB     MB     MB   errs   errs   errs   MB/s   MB/s 
    0    363     39     39      0      0      0      0      0      0   3201   1980      0      0 130141 130142      0      0      0      0      0      0 
    0    277     39     38      0      0      0      0      0      0   3201   1980      0      0 130141 130142      0      0      0      0      7     17 
    0    450     44     44    100     49      0      0      0      0   3201   1980      0      0 130141 130142      0      0      0      0     72     18 
    0    417     44     44    100     53      0      0      0      0   3201   1980      0      0 130141 130142      0      0      0      0      0      0 
    0    275     39     38      0      0      0      0      0      0   3201   1980      0      0 130141 130142      0      0      0      0      0      0 
    0    272     39     38      0      0      0      0      0      0   3201   1980      0      0 130141 130142      0      0      0      0      0      0 
    0    133     38     36      0      0      0      0      0      0   3201   1980      0      0 130141 130142      0      0      0      0     61     17 
    0    274     38     36      0      0      0      0      0      0   3201   1980      0      0 130141 130142      0      0      0      0     72     18 
    0    390     43     43     99     49      0      0      0      0   3201   1980      0      0 130141 130142      0      0      0      0     72     18 
    0    413     41     42      0      0      0      0      0      0   3201   1980      0      0 130141 130142      0      0      0      0      0      0 
    0    388     42     43     99     53      0      0      0      0   3201   1980      0      0 130141 130142      0      0      0      0      0      0 
    0    202     42     43     99     52      0      0      0      0   3201   1980      0      0 130141 130142      0      0      0      0     61     18 
    0    392     43     42     81     42      0      0      0      0   3201   1980      0      0 130141 130142      0      0      0      0     61     17 
    0    430     44     44     34     18      0      0      0      0   3201   1980      0      0 130141 130142      0      0      0      0      0      1 
    0    211     42     43     99     53      0      0      0      0   3201   1980      0      0 130141 130142      0      0      0      0     61     18 
    0    445     44     45     99     53      0      0      0      0   3201   1980      0      0 130141 130142      0      0      0      0     32     19 
    0    381     44     44     99     50      0      0      0      0   3201   1980      0      0 130141 130142      0      0      0      0     72     18 
    0    390     41     40      0      0      0      0      0      0   3201   1980      0      0 130141 130142      0      0      0      0      0      1 
    0    235     43     44    100     53      0      0      0      0   3201   1980      0      0 130141 130142      0      0      0      0     62     17 
    0    379     44     43     99     50      0      0      0      0   3201   1980      0      0 130141 130142      0      0      0      0     82     21 
    0    352     40     39      0      0      0      0      0      0   3201   1980      0      0 130141 130142      0      0      0      0      0      0 
