# gpu    pwr  gtemp  mtemp     sm    mem    enc    dec    jpg    ofa   mclk   pclk  pviol  tviol     fb   bar1   ccpm  sbecc  dbecc    pci  rxpci  txpci 
# Idx      W      C      C      %      %      %      %      %      %    MHz    MHz      %   bool     MB     MB     MB   errs   errs   errs   MB/s   MB/s 
    0    185     43     41     51     29      0      0      0      0   3201   1980      0      0 130369 130370      0      0      0      0      0      0 
    0    136     40     38      0      0      0      0      0      0   3201   1980      0      0 130369 130370      0      0      0      0      0      0 
    0    132     40     37      0      0      0      0      0      0   3201   1980      0      0 130369 130370      0      0      0      0      0      0 
    0    132     40     37      0      0      0      0      0      0   3201   1980      0      0 130369 130370      0      0      0      0      0      0 
    0    132     40     37      0      0      0      0      0      0   3201   1980      0      0 130369 130370      0      0      0      0      0      0 
    0    132     40     37      0      0      0      0      0      0   3201   1980      0      0 130369 130370      0      0      0      0      0      1 
    0    132     40     37      0      0      0      0      0      0   3201   1980      0      0 130369 130370      0      0      0      0      0      0 
    0    132     40     37      0      0      0      0      0      0   3201   1980      0      0 130369 130370      0      0      0      0      0      1 
    0    132     40     37      0      0      0      0      0      0   3201   1980      0      0 130369 130370      0      0      0      0      0      0 
    0    132     40     37      0      0      0      0      0      0   3201   1980      0      0 130369 130370      0      0      0      0      0      1 
    0    132     40     37      0      0      0      0      0      0   3201   1980      0      0 130369 130370      0      0      0      0      0      0 
    0    132     40     37      0      0      0      0      0      0   3201   1980      0      0 130369 130370      0      0      0      0      0      1 
    0    132     40     37      0      0      0      0      0      0   3201   1980      0      0 130369 130370      0      0      0      0      0      0 
    0    220     43     40     51     28      0      0      0      0   3201   1980      0      0 130371 130372      0      0      0      0    114     17 
    0    294     45     42     58     25      0      0      0      0   3201   1980      0      0 130373 130374      0      0      0      0    126     17 
    0    306     44     43     50     26      0      0      0      0   3201   1980      0      0 130373 130374      0      0      0      0    129     23 
    0    264     42     40     17      7      0      0      0      0   3201   1980      0      0 130373 130374      0      0      0      0    116     21 
    0    284     44     42     43     23      0      0      0      0   3201   1980      0      0 130373 130374      0      0      0      0      0      1 
    0    208     44     42     58     25      0      0      0      0   3201   1980      0      0 130373 130374      0      0      0      0    121     22 
    0    291     45     43     51     27      0      0      0      0   3201   1980      0      0 130373 130374      0      0      0      0    103     21 
    0    283     44     43     54     29      0      0      0      0   3201   1980      0      0 130373 130374      0      0      0      0    114     16 
    0    250     45     42     47     24      0      0      0      0   3201   1965     23      0 130373 130374      0      0      0      0    127     19 
    0    290     45     43     52     26      0      0      0      0   3201   1980      0      0 130373 130374      0      0      0      0    124     22 
    0    289     45     43     53     29      0      0      0      0   3201   1980      0      0 130373 130374      0      0      0      0    112     23 
    0    270     45     43     53     29      0      0      0      0   3201   1980      0      0 130373 130374      0      0      0      0     99     13 
    0    181     42     40      0      0      0      0      0      0   3201   1980      0      0 130373 130374      0      0      0      0      0      1 
    0    287     49     43     54     29      0      0      0      0   3201   1980      0      0 130373 130374      0      0      0      0     93     21 
    0    296     45     43     48     24      0      0      0      0   3201   1980      0      0 130373 130374      0      0      0      0    121     24 
    0    302     46     43     49     25      0      0      0      0   3201   1980      0      0 130373 130374      0      0      0      0    133     22 
    0    214     43     40      0      0      0      0      0      0   3201   1980      0      0 130373 130374      0      0      0      0     88     22 
    0    306     45     43     50     25      0      0      0      0   3201   1980      0      0 130373 130374      0      0      0      0    115     19 
    0    297     46     43     61     29      0      0      0      0   3201   1980      0      0 130373 130374      0      0      0      0    119     20 
    0    309     46     43     54     28      0      0      0      0   3201   1980      0      0 130373 130374      0      0      0      0    124     18 
    0    295     45     43     46     23      0      0      0      0   3201   1980      0      0 130373 130374      0      0      0      0    119     18 
    0    205     43     40      0      0      0      0      0      0   3201   1980      0      0 130373 130374      0      0      0      0     94     21 
    0    300     46     44     53     28      0      0      0      0   3201   1980      0      0 130373 130374      0      0      0      0    115     23 
    0    301     46     43     49     25      0      0      0      0   3201   1980      0      0 130373 130374      0      0      0      0    134     22 
    0    314     49     44     56     24      0      0      0      0   3201   1980      0      0 130373 130374      0      0      0      0     99     26 
    0    319     46     43     50     25      0      0      0      0   3201   1980      0      0 130373 130374      0      0      0      0    123     23 
    0    264     45     43     46     24      0      0      0      0   3201   1980      0      0 130373 130374      0      0      0      0      2      1 
    0    134     43     40      0      0      0      0      0      0   3201   1980      0      0 130373 130374      0      0      0      0      0      0 
    0    312     50     43     58     25      0      0      0      0   3201   1980      0      0 130373 130374      0      0      0      0    118     24 
    0    319     46     43     50     25      0      0      0      0   3201   1980      0      0 130373 130374      0      0      0      0    112     19 
    0    322     46     43     50     25      0      0      0      0   3201   1980      0      0 130373 130374      0      0      0      0    132     24 
# gpu    pwr  gtemp  mtemp     sm    mem    enc    dec    jpg    ofa   mclk   pclk  pviol  tviol     fb   bar1   ccpm  sbecc  dbecc    pci  rxpci  txpci 
# Idx      W      C      C      %      %      %      %      %      %    MHz    MHz      %   bool     MB     MB     MB   errs   errs   errs   MB/s   MB/s 
    0    295     46     44     53     28      0      0      0      0   3201   1980      0      0 130373 130374      0      0      0      0    109     17 
    0    294     46     43     53     28      0      0      0      0   3201   1980      0      0 130373 130374      0      0      0      0      0      1 
    0    134     43     41      0      0      0      0      0      0   3201   1980      0      0 130373 130374      0      0      0      0      0      0 
    0    280     46     43     48     24      0      0      0      0   3201   1980      0      0 130373 130374      0      0      0      0    132     22 
    0    186     43     41      0      0      0      0      0      0   3201   1980      0      0 130373 130374      0      0      0      0      0      0 
    0    265     46     43     46     24      0      0      0      0   3201   1980      0      0 130373 130374      0      0      0      0    114     21 
    0    339     53     44     59     26      0      0      0      0   3201   1980      0      0 130373 130374      0      0      0      0    106     21 
    0    327     49     44     49     25      0      0      0      0   3201   1980      0      0 130373 130374      0      0      0      0    104     21 
    0    320     52     44     59     26      0      0      0      0   3201   1980      0      0 130373 130374      0      0      0      0    115     20 
    0    289     46     44     48     24      0      0      0      0   3201   1980      0      0 130373 130374      0      0      0      0     95     18 
    0    296     47     44     50     25      0      0      0      0   3201   1980      0      0 130373 130374      0      0      0      0    121     21 
    0    300     47     44     52     27      0      0      0      0   3201   1980      0      0 130373 130374      0      0      0      0    124     18 
    0    324     48     44     55     29      0      0      0      0   3201   1965     37      0 130373 130374      0      0      0      0    123     18 
    0    294     47     44     49     24      0      0      0      0   3201   1980      0      0 130373 130374      0      0      0      0    105     20 
    0    297     49     44     58     26      0      0      0      0   3201   1980      0      0 130373 130374      0      0      0      0    124     22 
    0    222     44     42      0      0      0      0      0      0   3201   1980      0      0 130373 130374      0      0      0      0      0      0 
    0    231     46     44     50     25      0      0      0      0   3201   1980      0      0 130373 130374      0      0      0      0    123     18 
    0    302     47     44     60     27      0      0      0      0   3201   1980      0      0 130373 130374      0      0      0      0    116     23 
    0    268     46     43      2      1      0      0      0      0   3201   1980      0      0 130373 130374      0      0      0      0      0      0 
    0    235     46     44     47     24      0      0      0      0   3201   1980      0      0 130373 130374      0      0      0      0    100     22 
    0    253     46     44     53     29      0      0      0      0   3201   1980      0      0 130373 130374      0      0      0      0    125     21 
    0    296     47     44     51     26      0      0      0      0   3201   1980      0      0 130373 130374      0      0      0      0    115     21 
    0    293     46     44     53     28      0      0      0      0   3201   1980      0      0 130373 130374      0      0      0      0     90     21 
    0    302     48     45     57     25      0      0      0      0   3201   1980      0      0 130373 130374      0      0      0      0    131     22 
    0    290     47     45     53     29      0      0      0      0   3201   1980      0      0 130373 130374      0      0      0      0    121     18 
    0    293     47     45     53     29      0      0      0      0   3201   1980      0      0 130373 130374      0      0      0      0     90     21 
    0    297     47     44     51     28      0      0      0      0   3201   1980      0      0 130373 130374      0      0      0      0    107     23 
    0    182     44     41      0      0      0      0      0      0   3201   1980      0      0 130373 130374      0      0      0      0    115     21 
    0    296     47     44     48     24      0      0      0      0   3201   1980      0      0 130373 130374      0      0      0      0    121     23 
    0    315     48     44     49     24      0      0      0      0   3201   1980      0      0 130373 130374      0      0      0      0     97     24 
    0    315     49     45     61     28      0      0      0      0   3201   1980      0      0 130373 130374      0      0      0      0    104     22 
    0    307     48     45     57     25      0      0      0      0   3201   1980      0      0 130373 130374      0      0      0      0    107     22 
    0    301     48     46     57     25      0      0      0      0   3201   1980      0      0 130373 130374      0      0      0      0    130     23 
    0    300     48     45     53     27      0      0      0      0   3201   1980      0      0 130373 130374      0      0      0      0    105     22 
    0    267     47     44     55     24      0      0      0      0   3201   1980      0      0 130373 130374      0      0      0      0    131     23 
    0    288     47     45     53     28      0      0      0      0   3201   1980      0      0 130373 130374      0      0      0      0     92     21 
    0    296     47     45     53     29      0      0      0      0   3201   1980      0      0 130373 130374      0      0      0      0    121     18 
    0    299     48     46     54     28      0      0      0      0   3201   1980      0      0 130373 130374      0      0      0      0     94     22 
    0    289     47     46     58     26      0      0      0      0   3201   1980      0      0 130373 130374      0      0      0      0    117     19 
    0    287     48     46     50     25      0      0      0      0   3201   1980      0      0 130373 130374      0      0      0      0    122     22 
    0    205     45     43      0      0      0      0      0      0   3201   1980      0      0 130373 130374      0      0      0      0      0      1 
    0    135     44     42      0      0      0      0      0      0   3201   1980      0      0 130373 130374      0      0      0      0      0      0 
    0    184     48     43     47     24      0      0      0      0   3201   1980      0      0 130373 130374      0      0      0      0    129     23 
    0    298     53     45     58     25      0      0      0      0   3201   1980      0      0 130373 130374      0      0      0      0    105     22 
# gpu    pwr  gtemp  mtemp     sm    mem    enc    dec    jpg    ofa   mclk   pclk  pviol  tviol     fb   bar1   ccpm  sbecc  dbecc    pci  rxpci  txpci 
# Idx      W      C      C      %      %      %      %      %      %    MHz    MHz      %   bool     MB     MB     MB   errs   errs   errs   MB/s   MB/s 
    0    298     48     45     52     28      0      0      0      0   3201   1980      0      0 130373 130374      0      0      0      0    128     23 
    0    287     48     46     46     24      0      0      0      0   3201   1980      0      0 130373 130374      0      0      0      0    115     21 
    0    319     49     46     48     24      0      0      0      0   3201   1980      0      0 130373 130374      0      0      0      0    101     23 
    0    296     48     45     49     25      0      0      0      0   3201   1980      0      0 130373 130374      0      0      0      0    108     23 
    0    291     48     46     48     24      0      0      0      0   3201   1980      0      0 130373 130374      0      0      0      0    115     22 
    0    295     49     46     53     28      0      0      0      0   3201   1980      0      0 130373 130374      0      0      0      0    127     21 
    0    173     46     43      0      0      0      0      0      0   3201   1980      0      0 130373 130374      0      0      0      0      0      8 
    0    267     51     44      0      0      0      0      0      0   3201   1980      0      0 130373 130374      0      0      0      0     90     17 
    0    314     51     46     48     24      0      0      0      0   3201   1980      0      0 130373 130374      0      0      0      0    133     23 
    0    319     49     46     51     25      0      0      0      0   3201   1980     37      0 130373 130374      0      0      0      0    112     23 
    0    312     49     46     52     26      0      0      0      0   3201   1980      0      0 130373 130374      0      0      0      0    125     23 
    0    220     48     46     49     23      0      0      0      0   3201   1980      0      0 130373 130374      0      0      0      0    103     17 
    0    310     49     47     54     28      0      0      0      0   3201   1980      0      0 130373 130374      0      0      0      0    125     24 
    0    308     50     47     54     28      0      0      0      0   3201   1980      0      0 130373 130374      0      0      0      0    129     23 
    0    295     50     47     59     29      0      0      0      0   3201   1980      0      0 130373 130374      0      0      0      0    126     22 
    0    302     49     47     48     24      0      0      0      0   3201   1980      0      0 130373 130374      0      0      0      0    123     21 
    0    308     51     47     61     28      0      0      0      0   3201   1980      0      0 130373 130374      0      0      0      0    122     19 
    0    312     50     48     49     25      0      0      0      0   3201   1980      0      0 130373 130374      0      0      0      0    109     19 
    0    289     50     48     54     29      0      0      0      0   3201   1980      0      0 130373 130374      0      0      0      0    124     22 
    0    314     50     47     57     27      0      0      0      0   3201   1980      0      0 130373 130374      0      0      0      0    137     17 
    0    316     51     48     49     25      0      0      0      0   3201   1980      0      0 130373 130374      0      0      0      0    115      7 
