# gpu    pwr  gtemp  mtemp     sm    mem    enc    dec    jpg    ofa   mclk   pclk  pviol  tviol     fb   bar1   ccpm  sbecc  dbecc    pci  rxpci  txpci 
# Idx      W      C      C      %      %      %      %      %      %    MHz    MHz      %   bool     MB     MB     MB   errs   errs   errs   MB/s   MB/s 
    0    171     43     41     50     28      0      0      0      0   3201   1980      0      0 130369 130370      0      0      0      0      0      0 
    0    134     41     39      0      0      0      0      0      0   3201   1980      0      0 130369 130370      0      0      0      0      0      0 
    0    133     41     38      0      0      0      0      0      0   3201   1980      0      0 130369 130370      0      0      0      0      0      0 
    0    133     41     38      0      0      0      0      0      0   3201   1980      0      0 130369 130370      0      0      0      0      0      0 
    0    132     41     38      0      0      0      0      0      0   3201   1980      0      0 130369 130370      0      0      0      0      0      0 
    0    132     41     38      0      0      0      0      0      0   3201   1980      0      0 130369 130370      0      0      0      0      0      0 
    0    132     41     38      0      0      0      0      0      0   3201   1980      0      0 130369 130370      0      0      0      0      0      0 
    0    132     41     38      0      0      0      0      0      0   3201   1980      0      0 130369 130370      0      0      0      0      0      0 
    0    132     41     38      0      0      0      0      0      0   3201   1980      0      0 130369 130370      0      0      0      0      0      0 
    0    132     41     38      0      0      0      0      0      0   3201   1980      0      0 130369 130370      0      0      0      0      0      0 
    0    132     40     37      0      0      0      0      0      0   3201   1980      0      0 130369 130370      0      0      0      0      0      0 
    0    132     40     38      0      0      0      0      0      0   3201   1980      0      0 130369 130370      0      0      0      0      0      0 
    0    132     40     37      0      0      0      0      0      0   3201   1980      0      0 130369 130370      0      0      0      0      0      1 
    0    242     42     38     12      3      0      0      0      0   3201   1695     51      0 130371 130372      0      0      0      0    237     26 
    0    435     48     43     68     29      0      0      0      0   3201   1965     72      0 130373 130374      0      0      0      0     69     37 
    0    454     53     44     71     27      0      0      0      0   3201   1980     83      0 130373 130374      0      0      0      0    121     21 
    0    566     54     46     99     39      0      0      0      0   3201   1860    100      0 130373 130374      0      0      0      0    288     28 
    0    496     56     46    100     34      0      0      0      0   3201   1905    100      0 130373 130374      0      0      0      0    122     22 
    0    552     54     47     84     38      0      0      0      0   3201   1965    100      0 130373 130374      0      0      0      0     92     46 
    0    477     54     46     72     28      0      0      0      0   3201   1965     95      0 130373 130374      0      0      0      0    127     18 
    0    474     54     47     75     29      0      0      0      0   3201   1965     43      0 130373 130374      0      0      0      0    127     20 
    0    459     51     46     68     28      0      0      0      0   3201   1965    100      0 130373 130374      0      0      0      0    126     24 
    0    424     51     46     74     29      0      0      0      0   3201   1965     75      0 130373 130374      0      0      0      0    124     24 
    0    461     52     47     66     28      0      0      0      0   3201   1965     87      0 130373 130374      0      0      0      0     98     27 
    0    512     51     47     65     28      0      0      0      0   3201   1965     90      0 130373 130374      0      0      0      0    225     22 
    0    335     48     46     52     27      0      0      0      0   3201   1980     34      0 130373 130374      0      0      0      0    119     17 
