# gpu    pwr  gtemp  mtemp     sm    mem    enc    dec    jpg    ofa   mclk   pclk  pviol  tviol     fb   bar1   ccpm  sbecc  dbecc    pci  rxpci  txpci 
# Idx      W      C      C      %      %      %      %      %      %    MHz    MHz      %   bool     MB     MB     MB   errs   errs   errs   MB/s   MB/s 
    0    189     48     44     51     29      0      0      0      0   3201   1980      0      0 130369 130370      0      0      0      0      0      0 
    0    138     45     42      0      0      0      0      0      0   3201   1980      0      0 130369 130370      0      0      0      0      1      0 
    0    135     45     42      0      0      0      0      0      0   3201   1980      0      0 130369 130370      0      0      0      0      1      0 
    0    135     45     42      0      0      0      0      0      0   3201   1980      0      0 130369 130370      0      0      0      0      0      1 
    0    135     45     41      0      0      0      0      0      0   3201   1980      0      0 130369 130370      0      0      0      0      0      0 
    0    135     45     41      0      0      0      0      0      0   3201   1980      0      0 130369 130370      0      0      0      0      0      1 
    0    135     44     41      0      0      0      0      0      0   3201   1980      0      0 130369 130370      0      0      0      0      0      0 
    0    135     44     41      0      0      0      0      0      0   3201   1980      0      0 130369 130370      0      0      0      0      0      1 
    0    135     44     41      0      0      0      0      0      0   3201   1980      0      0 130369 130370      0      0      0      0      0      0 
    0    135     44     41      0      0      0      0      0      0   3201   1980      0      0 130369 130370      0      0      0      0      0      1 
    0    135     44     41      0      0      0      0      0      0   3201   1980      0      0 130369 130370      0      0      0      0      0      0 
    0    134     44     41      0      0      0      0      0      0   3201   1980      0      0 130369 130370      0      0      0      0      0      1 
    0    134     44     41      0      0      0      0      0      0   3201   1980      0      0 130369 130370      0      0      0      0      0      0 
    0    264     50     44     58     25      0      0      0      0   3201   1980      0      0 130373 130374      0      0      0      0    125     18 
    0    319     47     45     47     24      0      0      0      0   3201   1980      0      0 130373 130374      0      0      0      0    123     18 
    0    306     53     46     58     27      0      0      0      0   3201   1980      0      0 130373 130374      0      0      0      0    125     21 
    0    316     48     45     50     25      0      0      0      0   3201   1980      0      0 130373 130374      0      0      0      0    119     22 
    0    331     49     46     57     25      0      0      0      0   3201   1980     38      0 130373 130374      0      0      0      0    110     20 
    0    296     49     46     53     27      0      0      0      0   3201   1980      0      0 130373 130374      0      0      0      0    119     22 
    0    291     48     46     49     25      0      0      0      0   3201   1980      0      0 130373 130374      0      0      0      0    135     22 
    0    334     50     46     66     26      0      0      0      0   3201   1980      0      0 130373 130374      0      0      0      0    108     22 
    0    315     50     47     47     24      0      0      0      0   3201   1980      0      0 130373 130374      0      0      0      0    108     22 
    0    332     50     47     54     29      0      0      0      0   3201   1965     34      0 130373 130374      0      0      0      0    128     17 
    0    302     48     46     50     25      0      0      0      0   3201   1980      0      0 130373 130374      0      0      0      0    119     22 
    0    330     51     47     63     23      0      0      0      0   3201   1980      0      0 130373 130374      0      0      0      0    118     23 
    0    355     51     47     53     28      0      0      0      0   3201   1980      0      0 130373 130374      0      0      0      0    128     20 
    0    289     49     47     51     27      0      0      0      0   3201   1980      0      0 130373 130374      0      0      0      0     96     25 
    0    383     51     47     62     28      0      0      0      0   3201   1965     26      0 130373 130374      0      0      0      0    132     19 
    0    358     50     47     54     29      0      0      0      0   3201   1980     33      0 130373 130374      0      0      0      0     96     16 
    0    309     49     46     54     28      0      0      0      0   3201   1980      0      0 130373 130374      0      0      0      0    114     16 
    0    293     49     46     49     25      0      0      0      0   3201   1980      0      0 130373 130374      0      0      0      0    114     21 
    0    352     56     47     62     26      0      0      0      0   3201   1965     36      0 130373 130374      0      0      0      0    106     22 
    0    363     51     48     53     27      0      0      0      0   3201   1950     42      0 130373 130374      0      0      0      0    126     19 
    0    317     50     47     58     25      0      0      0      0   3201   1980     24      0 130373 130374      0      0      0      0    126     18 
    0    348     51     47     55     29      0      0      0      0   3201   1980      0      0 130373 130374      0      0      0      0    113     23 
    0    344     51     48     53     26      0      0      0      0   3201   1980     34      0 130373 130374      0      0      0      0    107     22 
    0    311     54     47     61     28      0      0      0      0   3201   1980      0      0 130373 130374      0      0      0      0    110     23 
    0    314     50     47     49     24      0      0      0      0   3201   1980      0      0 130373 130374      0      0      0      0    134     22 
    0    308     50     47     54     28      0      0      0      0   3201   1980      0      0 130373 130374      0      0      0      0    120     22 
    0    322     50     47     50     25      0      0      0      0   3201   1980      0      0 130373 130374      0      0      0      0    135     22 
    0    296     50     47     52     28      0      0      0      0   3201   1980      0      0 130373 130374      0      0      0      0    120     23 
    0    304     50     47     52     25      0      0      0      0   3201   1980      0      0 130373 130374      0      0      0      0    123     22 
    0    309     50     47     57     25      0      0      0      0   3201   1980      0      0 130373 130374      0      0      0      0    114     23 
    0    356     53     48     64     25      0      0      0      0   3201   1980      0      0 130373 130374      0      0      0      0    132     18 
# gpu    pwr  gtemp  mtemp     sm    mem    enc    dec    jpg    ofa   mclk   pclk  pviol  tviol     fb   bar1   ccpm  sbecc  dbecc    pci  rxpci  txpci 
# Idx      W      C      C      %      %      %      %      %      %    MHz    MHz      %   bool     MB     MB     MB   errs   errs   errs   MB/s   MB/s 
    0    347     52     47     50     25      0      0      0      0   3201   1980      0      0 130373 130374      0      0      0      0    138     23 
    0    328     53     47     50     25      0      0      0      0   3201   1980      0      0 130373 130374      0      0      0      0    110     25 
    0    306     50     47     52     26      0      0      0      0   3201   1980      0      0 130373 130374      0      0      0      0    101     22 
    0    322     50     48     49     24      0      0      0      0   3201   1980      0      0 130373 130374      0      0      0      0    100     22 
    0    296     49     48     54     29      0      0      0      0   3201   1980      0      0 130373 130374      0      0      0      0    116     21 
    0    187     50     44      0      0      0      0      0      0   3201   1980      0      0 130373 130374      0      0      0      0    114     23 
    0    319     50     46     67     26      0      0      0      0   3201   1980      0      0 130373 130374      0      0      0      0    125     19 
    0    332     56     47     58     25      0      0      0      0   3201   1980      0      0 130373 130374      0      0      0      0    126     19 
    0    318     49     47     52     26      0      0      0      0   3201   1980      0      0 130373 130374      0      0      0      0    130     23 
    0    298     49     47     47     24      0      0      0      0   3201   1980      0      0 130373 130374      0      0      0      0     90     21 
    0    324     49     47     51     26      0      0      0      0   3201   1980     33      0 130373 130374      0      0      0      0    130     23 
    0    354     50     47     49     25      0      0      0      0   3201   1980     33      0 130373 130374      0      0      0      0    113     22 
    0    321     50     47     58     27      0      0      0      0   3201   1980      0      0 130373 130374      0      0      0      0    106     22 
    0    319     55     47     50     25      0      0      0      0   3201   1980      0      0 130373 130374      0      0      0      0    128     18 
    0    330     51     47     50     25      0      0      0      0   3201   1980      0      0 130373 130374      0      0      0      0    121     19 
    0    326     51     47     60     28      0      0      0      0   3201   1980      0      0 130373 130374      0      0      0      0    122     17 
    0    334     50     47     57     29      0      0      0      0   3201   1980     37      0 130373 130374      0      0      0      0    107     16 
    0    293     49     47     53     28      0      0      0      0   3201   1980      0      0 130373 130374      0      0      0      0    115     21 
    0    171     46     43      0      0      0      0      0      0   3201   1980      0      0 130373 130374      0      0      0      0      0      4 
