# gpu    pwr  gtemp  mtemp     sm    mem    enc    dec    jpg    ofa   mclk   pclk  pviol  tviol     fb   bar1   ccpm  sbecc  dbecc    pci  rxpci  txpci 
# Idx      W      C      C      %      %      %      %      %      %    MHz    MHz      %   bool     MB     MB     MB   errs   errs   errs   MB/s   MB/s 
    0    171     42     41     49     28      0      0      0      0   3201   1980      0      0 130369 130370      0      0      0      0      0      0 
    0    132     40     37      0      0      0      0      0      0   3201   1980      0      0 130369 130370      0      0      0      0      0      0 
    0    132     39     37      0      0      0      0      0      0   3201   1980      0      0 130369 130370      0      0      0      0      0      0 
    0    132     39     37      0      0      0      0      0      0   3201   1980      0      0 130369 130370      0      0      0      0      0      0 
    0    131     39     37      0      0      0      0      0      0   3201   1980      0      0 130369 130370      0      0      0      0      0      0 
    0    131     39     36      0      0      0      0      0      0   3201   1980      0      0 130369 130370      0      0      0      0      0      0 
    0    131     39     36      0      0      0      0      0      0   3201   1980      0      0 130369 130370      0      0      0      0      0      1 
    0    131     39     36      0      0      0      0      0      0   3201   1980      0      0 130369 130370      0      0      0      0      0      0 
    0    131     39     36      0      0      0      0      0      0   3201   1980      0      0 130369 130370      0      0      0      0      0      1 
    0    131     39     36      0      0      0      0      0      0   3201   1980      0      0 130369 130370      0      0      0      0      0      0 
    0    131     39     36      0      0      0      0      0      0   3201   1980      0      0 130369 130370      0      0      0      0      0      1 
    0    131     39     36      0      0      0      0      0      0   3201   1980      0      0 130369 130370      0      0      0      0      0      0 
    0    131     38     36      0      0      0      0      0      0   3201   1980      0      0 130369 130370      0      0      0      0      1      1 
    0    150     41     38     20      9      0      0      0      0   3201   1980      0      0 130371 130372      0      0      0      0    112     21 
    0    283     42     41     48     25      0      0      0      0   3201   1980      0      0 130373 130374      0      0      0      0    204     20 
    0    309     43     41     50     25      0      0      0      0   3201   1980     63      0 130373 130374      0      0      0      0    114     23 
    0    309     42     41     50     26      0      0      0      0   3201   1980     59      0 130373 130374      0      0      0      0     99     23 
    0    287     43     41     48     25      0      0      0      0   3201   1980      0      0 130373 130374      0      0      0      0    125     21 
    0    214     40     38      0      0      0      0      0      0   3201   1980      0      0 130373 130374      0      0      0      0      0      1 
    0    293     42     42     49     26      0      0      0      0   3201   1980     27      0 130373 130374      0      0      0      0    123     17 
    0    319     44     41     47     24      0      0      0      0   3201   1965     13      0 130373 130374      0      0      0      0    101     23 
    0    280     43     42     52     27      0      0      0      0   3201   1980     16      0 130373 130374      0      0      0      0    117     21 
    0    337     44     42     49     25      0      0      0      0   3201   1980     45      0 130373 130374      0      0      0      0     99     23 
    0    303     43     43     65     27      0      0      0      0   3201   1965     52      0 130373 130374      0      0      0      0    121     20 
    0    299     44     42     64     27      0      0      0      0   3201   1980      7      0 130373 130374      0      0      0      0    118     18 
    0    288     43     43     50     26      0      0      0      0   3201   1980      0      0 130373 130374      0      0      0      0      0      0 
    0    199     43     41     54     29      0      0      0      0   3201   1980      0      0 130373 130374      0      0      0      0    124     21 
    0    302     43     42     55     29      0      0      0      0   3201   1965     27      0 130373 130374      0      0      0      0    126     18 
    0    310     44     43     54     28      0      0      0      0   3201   1980     29      0 130373 130374      0      0      0      0    173     23 
    0    301     44     43     51     28      0      0      0      0   3201   1980     29      0 130373 130374      0      0      0      0    125     21 
    0    303     44     42     67     30      0      0      0      0   3201   1980      0      0 130373 130374      0      0      0      0    122     23 
    0    327     44     43     53     27      0      0      0      0   3201   1980     49      0 130373 130374      0      0      0      0    125     18 
    0    337     45     43     51     26      0      0      0      0   3201   1965     66      0 130373 130374      0      0      0      0    119     18 
    0    316     44     43     48     25      0      0      0      0   3201   1980     34      0 130373 130374      0      0      0      0    123     15 
    0    297     44     43     54     29      0      0      0      0   3201   1980     34      0 130373 130374      0      0      0      0     92     21 
    0    253     44     43     52     28      0      0      0      0   3201   1980      0      0 130373 130374      0      0      0      0    173     17 
    0    315     44     43     54     28      0      0      0      0   3201   1980     56      0 130373 130374      0      0      0      0    115     19 
    0    331     45     43     51     26      0      0      0      0   3201   1980     33      0 130373 130374      0      0      0      0    127     18 
    0    354     45     43     52     26      0      0      0      0   3201   1980     66      0 130373 130374      0      0      0      0    105     22 
    0    324     44     43     53     28      0      0      0      0   3201   1980      0      0 130373 130374      0      0      0      0    128     22 
    0    223     41     40      0      0      0      0      0      0   3201   1980      0      0 130373 130374      0      0      0      0      0      0 
    0    248     46     43     57     25      0      0      0      0   3201   1965     13      0 130373 130374      0      0      0      0    128     23 
    0    342     48     43     54     28      0      0      0      0   3201   1965     32      0 130373 130374      0      0      0      0    166     23 
    0    376     46     43     52     25      0      0      0      0   3201   1965     58      0 130373 130374      0      0      0      0    131     23 
# gpu    pwr  gtemp  mtemp     sm    mem    enc    dec    jpg    ofa   mclk   pclk  pviol  tviol     fb   bar1   ccpm  sbecc  dbecc    pci  rxpci  txpci 
# Idx      W      C      C      %      %      %      %      %      %    MHz    MHz      %   bool     MB     MB     MB   errs   errs   errs   MB/s   MB/s 
    0    327     47     43     54     26      0      0      0      0   3201   1965     15      0 130373 130374      0      0      0      0    129     20 
    0    308     46     43     63     26      0      0      0      0   3201   1965     32      0 130373 130374      0      0      0      0    132     23 
    0    279     44     43     53     28      0      0      0      0   3201   1980      5      0 130373 130374      0      0      0      0    125     22 
    0    242     44     43     53     28      0      0      0      0   3201   1980      7      0 130373 130374      0      0      0      0    110     22 
    0    278     44     43     54     28      0      0      0      0   3201   1980     25      0 130373 130374      0      0      0      0    119     22 
    0    296     45     43     63     27      0      0      0      0   3201   1980      0      0 130373 130374      0      0      0      0    118     16 
    0    318     46     43     79     29      0      0      0      0   3201   1965     44      0 130373 130374      0      0      0      0     91     23 
    0    386     46     43     65     29      0      0      0      0   3201   1965    100      0 130373 130374      0      0      0      0    124     22 
    0    336     47     44     67     28      0      0      0      0   3201   1980     12      0 130373 130374      0      0      0      0    124     23 
    0    331     46     43     65     28      0      0      0      0   3201   1980     35      0 130373 130374      0      0      0      0    126     19 
    0    241     42     41      0      0      0      0      0      0   3201   1980      0      0 130373 130374      0      0      0      0    143     18 
    0    331     46     43     65     27      0      0      0      0   3201   1965     27      0 130373 130374      0      0      0      0    122     23 
    0    326     45     43     50     26      0      0      0      0   3201   1965     60      0 130373 130374      0      0      0      0    124     18 
    0    317     45     43     51     27      0      0      0      0   3201   1980     35      0 130373 130374      0      0      0      0    166     23 
    0    320     45     43     50     25      0      0      0      0   3201   1980     67      0 130373 130374      0      0      0      0    105     22 
    0    297     45     44     54     29      0      0      0      0   3201   1980      0      0 130373 130374      0      0      0      0    116     22 
    0    211     45     43      0      0      0      0      0      0   3201   1980      0      0 130373 130374      0      0      0      0     97     19 
    0    324     48     43     49     25      0      0      0      0   3201   1950     46      0 130373 130374      0      0      0      0    103     22 
    0    319     45     43     53     28      0      0      0      0   3201   1980     60      0 130373 130374      0      0      0      0    126     22 
    0    285     47     43     36     18      0      0      0      0   3201   1980      0      0 130373 130374      0      0      0      0    116     16 
    0    296     45     43     49     25      0      0      0      0   3201   1980      0      0 130373 130374      0      0      0      0    117     17 
    0    318     46     43     54     28      0      0      0      0   3201   1965     60      0 130373 130374      0      0      0      0    125     23 
    0    314     47     44     68     30      0      0      0      0   3201   1980      0      0 130373 130374      0      0      0      0    121     17 
    0    275     45     43     53     28      0      0      0      0   3201   1980      7      0 130373 130374      0      0      0      0    105     22 
    0    287     45     43     49     25      0      0      0      0   3201   1980     50      0 130373 130374      0      0      0      0    121     19 
    0    291     45     43     54     29      0      0      0      0   3201   1980     31      0 130373 130374      0      0      0      0    124     22 
    0    309     47     43     64     27      0      0      0      0   3201   1980     27      0 130373 130374      0      0      0      0    132     22 
    0    277     45     43     53     28      0      0      0      0   3201   1980      0      0 130373 130374      0      0      0      0     90     21 
    0    266     47     43     51     26      0      0      0      0   3201   1980     28      0 130373 130374      0      0      0      0    121     20 
    0    330     47     44     49     26      0      0      0      0   3201   1965     63      0 130373 130374      0      0      0      0    116     23 
    0    317     45     44     54     29      0      0      0      0   3201   1980     17      0 130373 130374      0      0      0      0    108     23 
    0    358     49     43     51     26      0      0      0      0   3201   1980     62      0 130373 130374      0      0      0      0    127     19 
    0    313     46     44     68     30      0      0      0      0   3201   1965     58      0 130373 130374      0      0      0      0    124     22 
    0    308     46     44     63     27      0      0      0      0   3201   1965     26      0 130373 130374      0      0      0      0     76     31 
    0    303     45     43     54     29      0      0      0      0   3201   1980     13      0 130373 130374      0      0      0      0    115     21 
    0    322     46     44     51     26      0      0      0      0   3201   1980     80      0 130373 130374      0      0      0      0    123     24 
    0    301     46     44     53     26      0      0      0      0   3201   1965     28      0 130373 130374      0      0      0      0    124     22 
    0    294     46     43     54     29      0      0      0      0   3201   1980     31      0 130373 130374      0      0      0      0    122     23 
    0    314     45     44     54     28      0      0      0      0   3201   1980     31      0 130373 130374      0      0      0      0    119     12 
    0    300     45     44     54     29      0      0      0      0   3201   1980      3      0 130373 130374      0      0      0      0    112     24 
    0    279     46     43     54     29      0      0      0      0   3201   1980     27      0 130373 130374      0      0      0      0      0      0 
    0    134     42     40      0      0      0      0      0      0   3201   1980      0      0 130373 130374      0      0      0      0      0      1 
    0    133     42     40      0      0      0      0      0      0   3201   1980      0      0 130373 130374      0      0      0      0      0      0 
    0    273     45     43     54     28      0      0      0      0   3201   1980     32      0 130373 130374      0      0      0      0    115     24 
# gpu    pwr  gtemp  mtemp     sm    mem    enc    dec    jpg    ofa   mclk   pclk  pviol  tviol     fb   bar1   ccpm  sbecc  dbecc    pci  rxpci  txpci 
# Idx      W      C      C      %      %      %      %      %      %    MHz    MHz      %   bool     MB     MB     MB   errs   errs   errs   MB/s   MB/s 
    0    330     48     43     52     26      0      0      0      0   3201   1965     52      0 130373 130374      0      0      0      0    128     22 
    0    292     46     43     48     25      0      0      0      0   3201   1965     36      0 130373 130374      0      0      0      0    121     24 
    0    296     46     43     49     25      0      0      0      0   3201   1980     14      0 130373 130374      0      0      0      0     79     29 
    0    341     49     44     58     27      0      0      0      0   3201   1965     73      0 130373 130374      0      0      0      0    127     20 
    0    312     46     43     62     26      0      0      0      0   3201   1965     72      0 130373 130374      0      0      0      0    122     22 
    0    297     46     44     62     29      0      0      0      0   3201   1980      9      0 130373 130374      0      0      0      0     93     22 
    0    241     43     42      0      0      0      0      0      0   3201   1980      0      0 130373 130374      0      0      0      0      0      0 
    0    212     45     43     54     29      0      0      0      0   3201   1980      0      0 130373 130374      0      0      0      0    102     22 
    0    329     46     44     48     25      0      0      0      0   3201   1980     34      0 130373 130374      0      0      0      0    125     22 
    0    354     48     45     49     25      0      0      0      0   3201   1965     49      0 130373 130374      0      0      0      0    111     22 
    0    324     47     44     66     30      0      0      0      0   3201   1980     32      0 130373 130374      0      0      0      0    128     17 
    0    302     46     44     53     28      0      0      0      0   3201   1980      0      0 130373 130374      0      0      0      0    133     22 
    0    330     50     45     53     29      0      0      0      0   3201   1950     39      0 130373 130374      0      0      0      0    184     18 
    0    339     51     44     55     29      0      0      0      0   3201   1980     27      0 130373 130374      0      0      0      0    170     24 
    0    283     46     44     49     25      0      0      0      0   3201   1980     31      0 130373 130374      0      0      0      0    122     22 
    0    275     46     43     65     28      0      0      0      0   3201   1965     20      0 130373 130374      0      0      0      0    123     19 
    0    309     47     44     53     26      0      0      0      0   3201   1980     70      0 130373 130374      0      0      0      0    123     22 
    0    354     49     45     62     26      0      0      0      0   3201   1980     49      0 130373 130374      0      0      0      0    139     25 
    0    277     47     44     50     27      0      0      0      0   3201   1980      0      0 130373 130374      0      0      0      0    126     22 
    0    301     46     45     51     27      0      0      0      0   3201   1965      7      0 130373 130374      0      0      0      0    117     23 
    0    357     47     45     69     30      0      0      0      0   3201   1980     88      0 130373 130374      0      0      0      0    103     21 
    0    277     46     44     46     24      0      0      0      0   3201   1980      0      0 130373 130374      0      0      0      0      0      0 
