# gpu    pwr  gtemp  mtemp     sm    mem    enc    dec    jpg    ofa   mclk   pclk  pviol  tviol     fb   bar1   ccpm  sbecc  dbecc    pci  rxpci  txpci 
# Idx      W      C      C      %      %      %      %      %      %    MHz    MHz      %   bool     MB     MB     MB   errs   errs   errs   MB/s   MB/s 
    0    173     43     41     48     27      0      0      0      0   3201   1980      0      0 130369 130370      0      0      0      0      0      0 
    0    133     41     38      0      0      0      0      0      0   3201   1980      0      0 130369 130370      0      0      0      0      0      0 
    0    132     41     37      0      0      0      0      0      0   3201   1980      0      0 130369 130370      0      0      0      0      0      0 
    0    132     40     37      0      0      0      0      0      0   3201   1980      0      0 130369 130370      0      0      0      0      0      0 
    0    132     40     37      0      0      0      0      0      0   3201   1980      0      0 130369 130370      0      0      0      0      0      0 
    0    132     40     37      0      0      0      0      0      0   3201   1980      0      0 130369 130370      0      0      0      0      0      0 
    0    132     40     37      0      0      0      0      0      0   3201   1980      0      0 130369 130370      0      0      0      0      0      0 
    0    132     40     37      0      0      0      0      0      0   3201   1980      0      0 130369 130370      0      0      0      0      0      0 
    0    132     40     37      0      0      0      0      0      0   3201   1980      0      0 130369 130370      0      0      0      0      0      0 
    0    132     40     37      0      0      0      0      0      0   3201   1980      0      0 130369 130370      0      0      0      0      0      0 
    0    132     40     37      0      0      0      0      0      0   3201   1980      0      0 130369 130370      0      0      0      0      0      1 
    0    132     40     37      0      0      0      0      0      0   3201   1980      0      0 130369 130370      0      0      0      0      0      0 
    0    132     40     37      0      0      0      0      0      0   3201   1980      0      0 130369 130370      0      0      0      0      0      1 
    0    189     43     40     53     28      0      0      0      0   3201   1980      0      0 130371 130372      0      0      0      0    121     21 
    0    272     43     41     62     31      0      0      0      0   3201   1980      0      0 130371 130372      0      0      0      0     96     22 
    0    312     44     42     63     26      0      0      0      0   3201   1980     28      0 130373 130374      0      0      0      0    121     22 
    0    242     41     39      0      0      0      0      0      0   3201   1980      0      0 130373 130374      0      0      0      0      0      1 
    0    188     41     38      0      0      0      0      0      0   3201   1980     27      0 130373 130374      0      0      0      0      0      0 
    0    163     44     39      0      0      0      0      0      0   3201   1980      0      0 130373 130374      0      0      0      0    126     23 
    0    259     44     42     49     26      0      0      0      0   3201   1980      0      0 130373 130374      0      0      0      0    109     22 
    0    306     45     43     50     27      0      0      0      0   3201   1980     31      0 130373 130374      0      0      0      0      0      1 
    0    207     51     41     22     10      0      0      0      0   3201   1980      1      0 130373 130374      0      0      0      0    133     23 
    0    292     45     42     21      9      0      0      0      0   3201   1980     34      0 130373 130374      0      0      0      0     98     23 
    0    279     43     43     38     19      0      0      0      0   3201   1980     32      0 130373 130374      0      0      0      0      0      0 
    0    214     44     42     53     29      0      0      0      0   3201   1980      0      0 130373 130374      0      0      0      0    106     17 
    0    176     41     39      0      0      0      0      0      0   3201   1980      0      0 130373 130374      0      0      0      0      0      0 
    0    199     42     40      0      0      0      0      0      0   3201   1980      0      0 130373 130374      0      0      0      0      0      0 
    0    285     43     41     41     22      0      0      0      0   3201   1980     25      0 130373 130374      0      0      0      0      0      0 
    0    312     46     43     64     27      0      0      0      0   3201   1965     54      0 130373 130374      0      0      0      0    134     22 
    0    211     42     40      0      0      0      0      0      0   3201   1980     13      0 130373 130374      0      0      0      0      0      0 
    0    293     46     43     48     24      0      0      0      0   3201   1980      0      0 130373 130374      0      0      0      0    171     23 
    0    238     45     43     56     27      0      0      0      0   3201   1980     30      0 130373 130374      0      0      0      0    133     26 
    0    339     47     43     67     30      0      0      0      0   3201   1980     59      0 130373 130374      0      0      0      0    116     22 
    0    296     46     43     55     27      0      0      0      0   3201   1980     33      0 130373 130374      0      0      0      0    103     17 
    0    171     42     40      0      0      0      0      0      0   3201   1980      0      0 130373 130374      0      0      0      0      0      0 
    0    268     45     43     34     17      0      0      0      0   3201   1980      1      0 130373 130374      0      0      0      0    126     22 
    0    317     46     43     70     29      0      0      0      0   3201   1965     49      0 130373 130374      0      0      0      0    131     22 
    0    289     44     44     29     16      0      0      0      0   3201   1980     19      0 130373 130374      0      0      0      0    115     15 
    0    338     47     44     53     28      0      0      0      0   3201   1980     73      0 130373 130374      0      0      0      0    107     16 
    0    233     43     41      0      0      0      0      0      0   3201   1980     28      0 130373 130374      0      0      0      0      0      0 
    0    134     42     40      0      0      0      0      0      0   3201   1980      0      0 130373 130374      0      0      0      0      0      0 
    0    282     45     43     52     26      0      0      0      0   3201   1980      0      0 130373 130374      0      0      0      0     93     21 
    0    361     47     45     65     27      0      0      0      0   3201   1965     33      0 130373 130374      0      0      0      0    111     23 
    0    337     47     44     65     27      0      0      0      0   3201   1965     64      0 130373 130374      0      0      0      0    121     22 
# gpu    pwr  gtemp  mtemp     sm    mem    enc    dec    jpg    ofa   mclk   pclk  pviol  tviol     fb   bar1   ccpm  sbecc  dbecc    pci  rxpci  txpci 
# Idx      W      C      C      %      %      %      %      %      %    MHz    MHz      %   bool     MB     MB     MB   errs   errs   errs   MB/s   MB/s 
    0    251     46     44     50     25      0      0      0      0   3201   1965     47      0 130373 130374      0      0      0      0    103     22 
    0    294     46     44     53     28      0      0      0      0   3201   1980     26      0 130373 130374      0      0      0      0    116     21 
    0    147     43     41      0      0      0      0      0      0   3201   1980      0      0 130373 130374      0      0      0      0      0      0 
    0    245     46     44     56     28      0      0      0      0   3201   1980      0      0 130373 130374      0      0      0      0    116     16 
    0    165     43     40      0      0      0      0      0      0   3201   1980      0      0 130373 130374      0      0      0      0      0      0 
    0    216     45     43     54     29      0      0      0      0   3201   1980     36      0 130373 130374      0      0      0      0    101     21 
    0    308     47     43     66     26      0      0      0      0   3201   1965     41      0 130373 130374      0      0      0      0    164     17 
    0    358     46     44     53     28      0      0      0      0   3201   1980     41      0 130373 130374      0      0      0      0    126     21 
    0    328     46     44     50     25      0      0      0      0   3201   1980     30      0 130373 130374      0      0      0      0    162     21 
    0    317     47     44     54     29      0      0      0      0   3201   1980     28      0 130373 130374      0      0      0      0      0      0 
    0    194     53     43     54     26      0      0      0      0   3201   1980      0      0 130373 130374      0      0      0      0    122     18 
    0    311     46     44     49     25      0      0      0      0   3201   1980     27      0 130373 130374      0      0      0      0      0      0 
    0    328     48     44     77     28      0      0      0      0   3201   1965     63      0 130373 130374      0      0      0      0    120     22 
    0    274     47     44     52     27      0      0      0      0   3201   1965     47      0 130373 130374      0      0      0      0    113     22 
    0    260     44     42      1      0      0      0      0      0   3201   1980     33      0 130373 130374      0      0      0      0      0     12 
    0    194     44     41      0      0      0      0      0      0   3201   1980     31      0 130373 130374      0      0      0      0      0      0 
    0    218     46     43     52     26      0      0      0      0   3201   1980      0      0 130373 130374      0      0      0      0    102     17 
    0    285     46     44     53     28      0      0      0      0   3201   1965     34      0 130373 130374      0      0      0      0     48     28 
    0    252     44     42      0      0      0      0      0      0   3201   1980      0      0 130373 130374      0      0      0      0      0      0 
    0    195     46     43     50     26      0      0      0      0   3201   1980      0      0 130373 130374      0      0      0      0    121     20 
    0    212     46     43     58     29      0      0      0      0   3201   1965     18      0 130373 130374      0      0      0      0    116     20 
    0    284     47     44     53     28      0      0      0      0   3201   1980     45      0 130373 130374      0      0      0      0      0      0 
    0    243     46     44     53     28      0      0      0      0   3201   1965     60      0 130373 130374      0      0      0      0    104      0 
    0    200     46     43     54     29      0      0      0      0   3201   1965     31      0 130373 130374      0      0      0      0    117     21 
    0    269     44     42      0      0      0      0      0      0   3201   1980     25      0 130373 130374      0      0      0      0      0      0 
    0    289     47     44     53     28      0      0      0      0   3201   1965     27      0 130373 130374      0      0      0      0    114     17 
    0    307     47     44     51     27      0      0      0      0   3201   1980     27      0 130373 130374      0      0      0      0    122      1 
    0    146     43     41      0      0      0      0      0      0   3201   1980      0      0 130373 130374      0      0      0      0      0      1 
    0    279     53     44     54     29      0      0      0      0   3201   1980     59      0 130373 130374      0      0      0      0    106     22 
    0    331     47     44     52     25      0      0      0      0   3201   1980     48      0 130373 130374      0      0      0      0    121     18 
    0    322     47     45     64     32      0      0      0      0   3201   1980     29      0 130373 130374      0      0      0      0    175     23 
    0    341     48     45     54     29      0      0      0      0   3201   1980     34      0 130373 130374      0      0      0      0     94     23 
    0    297     46     45     43     23      0      0      0      0   3201   1980     64      0 130373 130374      0      0      0      0    116     21 
    0    315     48     45     62     28      0      0      0      0   3201   1980      0      0 130373 130374      0      0      0      0    135     23 
    0    202     47     43      0      0      0      0      0      0   3201   1965     12      0 130373 130374      0      0      0      0     96     19 
    0    296     45     45     53     28      0      0      0      0   3201   1980     15      0 130373 130374      0      0      0      0      0      1 
    0    237     47     44     54     29      0      0      0      0   3201   1980      0      0 130373 130374      0      0      0      0     89     20 
    0    272     51     44     47     21      0      0      0      0   3201   1980      0      0 130373 130374      0      0      0      0    106     23 
    0    201     44     42      0      0      0      0      0      0   3201   1980      0      0 130373 130374      0      0      0      0      0      0 
    0    255     47     44     66     32      0      0      0      0   3201   1980     31      0 130373 130374      0      0      0      0    117     24 
    0    142     44     41      0      0      0      0      0      0   3201   1980      0      0 130373 130374      0      0      0      0      0      0 
    0    134     43     41      0      0      0      0      0      0   3201   1980      0      0 130373 130374      0      0      0      0      0      0 
    0    141     43     40      0      0      0      0      0      0   3201   1980      0      0 130373 130374      0      0      0      0     95     19 
    0    244     44     41      0      0      0      0      0      0   3201   1980     34      0 130373 130374      0      0      0      0    148     27 
# gpu    pwr  gtemp  mtemp     sm    mem    enc    dec    jpg    ofa   mclk   pclk  pviol  tviol     fb   bar1   ccpm  sbecc  dbecc    pci  rxpci  txpci 
# Idx      W      C      C      %      %      %      %      %      %    MHz    MHz      %   bool     MB     MB     MB   errs   errs   errs   MB/s   MB/s 
    0    331     47     44     49     25      0      0      0      0   3201   1965     73      0 130373 130374      0      0      0      0    115     22 
    0    203     44     43      0      0      0      0      0      0   3201   1980     30      0 130373 130374      0      0      0      0      0      0 
    0    266     47     44     63     26      0      0      0      0   3201   1965     26      0 130373 130374      0      0      0      0     92     26 
    0    306     47     44     54     29      0      0      0      0   3201   1980     13      0 130373 130374      0      0      0      0    118     17 
    0    290     46     45     52     27      0      0      0      0   3201   1980     25      0 130373 130374      0      0      0      0      0      0 
    0    210     45     45     48     25      0      0      0      0   3201   1980      0      0 130373 130374      0      0      0      0      0      0 
    0    134     44     41      0      0      0      0      0      0   3201   1980      0      0 130373 130374      0      0      0      0      0      0 
    0    213     44     42      2      1      0      0      0      0   3201   1980      0      0 130373 130374      0      0      0      0      0      1 
    0    273     45     43     10      4      0      0      0      0   3201   1980     32      0 130373 130374      0      0      0      0      0      0 
    0    347     48     45     52     26      0      0      0      0   3201   1965     40      0 130373 130374      0      0      0      0    125     23 
    0    287     47     44     66     28      0      0      0      0   3201   1980      6      0 130373 130374      0      0      0      0    103     22 
    0    173     44     41      0      0      0      0      0      0   3201   1980      0      0 130373 130374      0      0      0      0     20     26 
    0    317     47     44     55     28      0      0      0      0   3201   1965     35      0 130373 130374      0      0      0      0    125     23 
    0    328     48     45     54     28      0      0      0      0   3201   1965     30      0 130373 130374      0      0      0      0    121     20 
    0    216     44     42      0      0      0      0      0      0   3201   1980      6      0 130373 130374      0      0      0      0      0      0 
    0    315     52     45     54     29      0      0      0      0   3201   1980      0      0 130373 130374      0      0      0      0    115     23 
    0    253     48     43      0      0      0      0      0      0   3201   1935      3      0 130373 130374      0      0      0      0    128     22 
    0    347     47     45     50     25      0      0      0      0   3201   1980     28      0 130373 130374      0      0      0      0    125     22 
    0    151     44     42      0      0      0      0      0      0   3201   1980      0      0 130373 130374      0      0      0      0    136     17 
    0    311     47     45     51     26      0      0      0      0   3201   1980      0      0 130373 130374      0      0      0      0    166     18 
    0    319     46     43     14      8      0      0      0      0   3201   1980     49      0 130373 130374      0      0      0      0      0      2 
