# gpu    pwr  gtemp  mtemp     sm    mem    enc    dec    jpg    ofa   mclk   pclk  pviol  tviol     fb   bar1   ccpm  sbecc  dbecc    pci  rxpci  txpci 
# Idx      W      C      C      %      %      %      %      %      %    MHz    MHz      %   bool     MB     MB     MB   errs   errs   errs   MB/s   MB/s 
    0    176     45     42     47     26      0      0      0      0   3201   1980      0      0 130369 130370      0      0      0      0      0      0 
    0    133     42     39      0      0      0      0      0      0   3201   1980      0      0 130369 130370      0      0      0      0      0      0 
    0    133     42     39      0      0      0      0      0      0   3201   1980      0      0 130369 130370      0      0      0      0      0      0 
    0    133     42     39      0      0      0      0      0      0   3201   1980      0      0 130369 130370      0      0      0      0      0      0 
    0    133     42     39      0      0      0      0      0      0   3201   1980      0      0 130369 130370      0      0      0      0      0      0 
    0    133     42     39      0      0      0      0      0      0   3201   1980      0      0 130369 130370      0      0      0      0      0      0 
    0    133     41     39      0      0      0      0      0      0   3201   1980      0      0 130369 130370      0      0      0      0      0      1 
    0    133     41     38      0      0      0      0      0      0   3201   1980      0      0 130369 130370      0      0      0      0      0      0 
    0    133     41     38      0      0      0      0      0      0   3201   1980      0      0 130369 130370      0      0      0      0      0      1 
    0    133     41     38      0      0      0      0      0      0   3201   1980      0      0 130369 130370      0      0      0      0      0      0 
    0    133     41     38      0      0      0      0      0      0   3201   1980      0      0 130369 130370      0      0      0      0      0      1 
    0    132     41     38      0      0      0      0      0      0   3201   1980      0      0 130369 130370      0      0      0      0      0      0 
    0    133     41     38      0      0      0      0      0      0   3201   1980      0      0 130369 130370      0      0      0      0      0      1 
    0    310     46     42     50     25      0      0      0      0   3201   1980      0      0 130373 130374      0      0      0      0     87     19 
    0    340     46     43     58     25      0      0      0      0   3201   1980      0      0 130373 130374      0      0      0      0    129     23 
    0    352     47     43     59     26      0      0      0      0   3201   1980     41      0 130373 130374      0      0      0      0    111     18 
    0    339     47     44     69     29      0      0      0      0   3201   1965     19      0 130373 130374      0      0      0      0    126     24 
    0    371     48     44     60     27      0      0      0      0   3201   1980     16      0 130373 130374      0      0      0      0    107     21 
    0    353     47     43     53     26      0      0      0      0   3201   1980      5      0 130373 130374      0      0      0      0    135     24 
    0    392     48     45     54     27      0      0      0      0   3201   1980     64      0 130373 130374      0      0      0      0    126     24 
    0    445     50     44     58     30      0      0      0      0   3201   1965     86      0 130373 130374      0      0      0      0    118     25 
    0    350     47     44     50     25      0      0      0      0   3201   1980     38      0 130373 130374      0      0      0      0    117     23 
    0    415     54     46     65     28      0      0      0      0   3201   1965     62      0 130373 130374      0      0      0      0    234     20 
    0    420     51     45     71     26      0      0      0      0   3201   1980     72      0 130373 130374      0      0      0      0    113     22 
    0    377     47     45     51     26      0      0      0      0   3201   1980     49      0 130373 130374      0      0      0      0    116     25 
    0    364     48     45     61     28      0      0      0      0   3201   1980      0      0 130373 130374      0      0      0      0    107     22 
    0    343     48     45     56     29      0      0      0      0   3201   1980      0      0 130373 130374      0      0      0      0    137     24 
    0    345     50     46     55     27      0      0      0      0   3201   1980      0      0 130373 130374      0      0      0      0    105     21 
    0    421     51     46     67     28      0      0      0      0   3201   1980     33      0 130373 130374      0      0      0      0    135     25 
    0    361     48     45     56     30      0      0      0      0   3201   1980      0      0 130373 130374      0      0      0      0    110     24 
    0    336     48     45     53     28      0      0      0      0   3201   1980     37      0 130373 130374      0      0      0      0    128     24 
    0    337     54     45     55     24      0      0      0      0   3201   1980      0      0 130373 130374      0      0      0      0    128     19 
    0    377     54     45     56     30      0      0      0      0   3201   1980     38      0 130373 130374      0      0      0      0    120     19 
    0    338     48     46     49     25      0      0      0      0   3201   1965     20      0 130373 130374      0      0      0      0    105     23 
    0    424     49     46     65     29      0      0      0      0   3201   1980     68      0 130373 130374      0      0      0      0    125     22 
    0    377     50     46     66     29      0      0      0      0   3201   1980     28      0 130373 130374      0      0      0      0    140     24 
    0    426     55     47     82     31      0      0      0      0   3201   1965     20      0 130373 130374      0      0      0      0    109     22 
    0    298     48     46     53     29      0      0      0      0   3201   1980     12      0 130373 130374      0      0      0      0    125     21 
    0    206     44     43      0      0      0      0      0      0   3201   1980      0      0 130373 130374      0      0      0      0      0      1 
