# gpu    pwr  gtemp  mtemp     sm    mem    enc    dec    jpg    ofa   mclk   pclk  pviol  tviol     fb   bar1   ccpm  sbecc  dbecc    pci  rxpci  txpci 
# Idx      W      C      C      %      %      %      %      %      %    MHz    MHz      %   bool     MB     MB     MB   errs   errs   errs   MB/s   MB/s 
    0    186     47     43     51     29      0      0      0      0   3201   1980      0      0 130369 130370      0      0      0      0      1      0 
    0    138     45     41      0      0      0      0      0      0   3201   1980      0      0 130369 130370      0      0      0      0      0      1 
    0    135     44     41      0      0      0      0      0      0   3201   1980      0      0 130369 130370      0      0      0      0      0      0 
    0    135     44     41      0      0      0      0      0      0   3201   1980      0      0 130369 130370      0      0      0      0      0      1 
    0    135     44     41      0      0      0      0      0      0   3201   1980      0      0 130369 130370      0      0      0      0      0      0 
    0    135     44     41      0      0      0      0      0      0   3201   1980      0      0 130369 130370      0      0      0      0      0      1 
    0    135     44     41      0      0      0      0      0      0   3201   1980      0      0 130369 130370      0      0      0      0      0      0 
    0    135     45     41      0      0      0      0      0      0   3201   1980      0      0 130369 130370      0      0      0      0      0      1 
    0    135     45     41      0      0      0      0      0      0   3201   1980      0      0 130369 130370      0      0      0      0      0      0 
    0    135     45     41      0      0      0      0      0      0   3201   1980      0      0 130369 130370      0      0      0      0      0      1 
    0    135     45     41      0      0      0      0      0      0   3201   1980      0      0 130369 130370      0      0      0      0      0      0 
    0    135     45     41      0      0      0      0      0      0   3201   1980      0      0 130369 130370      0      0      0      0      0      1 
    0    135     45     41      0      0      0      0      0      0   3201   1980      0      0 130369 130370      0      0      0      0      0      0 
    0    258     48     43     45     24      0      0      0      0   3201   1980      0      0 130373 130374      0      0      0      0    135     22 
    0    285     49     45     50     24      0      0      0      0   3201   1980      0      0 130373 130374      0      0      0      0    106     17 
    0    287     49     46     51     26      0      0      0      0   3201   1980      0      0 130373 130374      0      0      0      0    125     18 
    0    295     49     47     52     25      0      0      0      0   3201   1980      0      0 130373 130374      0      0      0      0    131     18 
    0    288     49     46     49     25      0      0      0      0   3201   1980      0      0 130373 130374      0      0      0      0    125     22 
    0    282     49     46     50     25      0      0      0      0   3201   1980      0      0 130373 130374      0      0      0      0    118     23 
    0    293     50     47     54     28      0      0      0      0   3201   1980      0      0 130373 130374      0      0      0      0    130     22 
    0    294     50     47     54     28      0      0      0      0   3201   1980      0      0 130373 130374      0      0      0      0    128     19 
    0    306     51     47     54     28      0      0      0      0   3201   1980      0      0 130373 130374      0      0      0      0    129     23 
    0    294     51     47     50     26      0      0      0      0   3201   1980      0      0 130373 130374      0      0      0      0    113     20 
    0    298     50     47     53     28      0      0      0      0   3201   1980      0      0 130373 130374      0      0      0      0    109     22 
    0    288     50     47     54     28      0      0      0      0   3201   1980      0      0 130373 130374      0      0      0      0    124     18 
    0    279     50     47     54     28      0      0      0      0   3201   1980      0      0 130373 130374      0      0      0      0    127     22 
    0    280     50     48     55     28      0      0      0      0   3201   1980      0      0 130373 130374      0      0      0      0    126     23 
    0    296     51     47     51     25      0      0      0      0   3201   1980      0      0 130373 130374      0      0      0      0    131     23 
    0    298     51     48     51     25      0      0      0      0   3201   1980      0      0 130373 130374      0      0      0      0    130     19 
    0    293     50     47     49     25      0      0      0      0   3201   1980      0      0 130373 130374      0      0      0      0    110     23 
    0    293     51     48     53     26      0      0      0      0   3201   1980      0      0 130373 130374      0      0      0      0    128     23 
    0    303     52     48     53     27      0      0      0      0   3201   1980      0      0 130373 130374      0      0      0      0    105     21 
    0    306     51     48     55     28      0      0      0      0   3201   1980      0      0 130373 130374      0      0      0      0    137     23 
    0    300     51     49     54     28      0      0      0      0   3201   1980      0      0 130373 130374      0      0      0      0    123     23 
    0    301     51     48     50     25      0      0      0      0   3201   1980      0      0 130373 130374      0      0      0      0    131     24 
    0    301     51     49     50     25      0      0      0      0   3201   1980      0      0 130373 130374      0      0      0      0    127     21 
    0    297     52     48     51     27      0      0      0      0   3201   1980      0      0 130373 130374      0      0      0      0    108     23 
    0    307     53     49     51     26      0      0      0      0   3201   1980      0      0 130373 130374      0      0      0      0    132     22 
    0    314     52     49     50     25      0      0      0      0   3201   1980      0      0 130373 130374      0      0      0      0    130     24 
    0    307     51     49     55     29      0      0      0      0   3201   1980      0      0 130373 130374      0      0      0      0    129     23 
    0    299     51     49     53     28      0      0      0      0   3201   1980      0      0 130373 130374      0      0      0      0    103     23 
    0    300     52     48     49     25      0      0      0      0   3201   1980      0      0 130373 130374      0      0      0      0    120     23 
    0    323     54     49     55     26      0      0      0      0   3201   1980      0      0 130373 130374      0      0      0      0    124     25 
    0    331     52     49     56     29      0      0      0      0   3201   1980      0      0 130373 130374      0      0      0      0    129     18 
# gpu    pwr  gtemp  mtemp     sm    mem    enc    dec    jpg    ofa   mclk   pclk  pviol  tviol     fb   bar1   ccpm  sbecc  dbecc    pci  rxpci  txpci 
# Idx      W      C      C      %      %      %      %      %      %    MHz    MHz      %   bool     MB     MB     MB   errs   errs   errs   MB/s   MB/s 
    0    317     52     49     51     25      0      0      0      0   3201   1980      0      0 130373 130374      0      0      0      0    122     24 
    0    307     52     49     49     25      0      0      0      0   3201   1980      0      0 130373 130374      0      0      0      0    129     19 
    0    292     52     49     51     25      0      0      0      0   3201   1980      0      0 130373 130374      0      0      0      0    128     21 
    0    291     51     49     51     27      0      0      0      0   3201   1980      0      0 130373 130374      0      0      0      0    107     23 
    0    296     52     49     54     28      0      0      0      0   3201   1980      0      0 130373 130374      0      0      0      0    126     19 
    0    294     51     49     54     28      0      0      0      0   3201   1980      0      0 130373 130374      0      0      0      0    113     22 
    0    310     53     49     50     25      0      0      0      0   3201   1980      0      0 130373 130374      0      0      0      0    127     24 
    0    339     52     49     53     26      0      0      0      0   3201   1980      0      0 130373 130374      0      0      0      0    113     21 
    0    343     54     49     56     28      0      0      0      0   3201   1980      0      0 130373 130374      0      0      0      0    109     22 
    0    320     52     49     50     25      0      0      0      0   3201   1980      0      0 130373 130374      0      0      0      0    139     23 
    0    308     53     49     55     27      0      0      0      0   3201   1980      0      0 130373 130374      0      0      0      0    103     23 
    0    303     52     49     50     24      0      0      0      0   3201   1980      0      0 130373 130374      0      0      0      0    120     20 
    0    312     52     49     54     28      0      0      0      0   3201   1980      0      0 130373 130374      0      0      0      0    130     23 
    0    314     53     49     54     28      0      0      0      0   3201   1980      0      0 130373 130374      0      0      0      0    134     23 
    0    305     52     49     47     24      0      0      0      0   3201   1980      0      0 130373 130374      0      0      0      0    110     22 
    0    296     52     49     50     25      0      0      0      0   3201   1980      0      0 130373 130374      0      0      0      0    105     23 
    0    293     52     48     55     28      0      0      0      0   3201   1980      0      0 130373 130374      0      0      0      0    125     19 
    0    301     52     49     55     29      0      0      0      0   3201   1980      0      0 130373 130374      0      0      0      0    107     22 
    0    295     52     49     51     27      0      0      0      0   3201   1980      0      0 130373 130374      0      0      0      0    125     23 
    0    301     52     49     49     25      0      0      0      0   3201   1980      0      0 130373 130374      0      0      0      0    130     23 
    0    294     52     49     53     28      0      0      0      0   3201   1980      0      0 130373 130374      0      0      0      0    108     23 
    0    295     51     49     47     24      0      0      0      0   3201   1980      0      0 130373 130374      0      0      0      0    129     18 
    0    297     51     49     53     28      0      0      0      0   3201   1980      0      0 130373 130374      0      0      0      0    123     23 
    0    296     51     49     49     25      0      0      0      0   3201   1980      0      0 130373 130374      0      0      0      0    108     22 
    0    296     52     48     50     26      0      0      0      0   3201   1980      0      0 130373 130374      0      0      0      0    103     22 
    0    298     51     48     48     23      0      0      0      0   3201   1980      0      0 130373 130374      0      0      0      0    128     23 
    0    291     51     49     50     25      0      0      0      0   3201   1980      0      0 130373 130374      0      0      0      0    127     23 
    0    293     51     48     49     24      0      0      0      0   3201   1980      0      0 130373 130374      0      0      0      0    102     22 
    0    298     52     49     54     25      0      0      0      0   3201   1980      0      0 130373 130374      0      0      0      0    123     22 
    0    308     51     49     50     25      0      0      0      0   3201   1980      0      0 130373 130374      0      0      0      0    122     23 
    0    315     53     49     53     26      0      0      0      0   3201   1980      0      0 130373 130374      0      0      0      0     82     22 
    0    316     52     49     54     29      0      0      0      0   3201   1980      0      0 130373 130374      0      0      0      0    133     18 
    0    312     53     50     48     25      0      0      0      0   3201   1980      0      0 130373 130374      0      0      0      0    124     23 
    0    303     51     48     51     25      0      0      0      0   3201   1980      0      0 130373 130374      0      0      0      0    130     21 
    0    297     51     49     53     28      0      0      0      0   3201   1980      0      0 130373 130374      0      0      0      0     82     19 
    0    301     51     49     51     26      0      0      0      0   3201   1980      0      0 130373 130374      0      0      0      0    113     20 
    0    291     51     49     54     28      0      0      0      0   3201   1980      0      0 130373 130374      0      0      0      0    129     21 
    0    307     51     48     53     27      0      0      0      0   3201   1980      0      0 130373 130374      0      0      0      0    129     18 
    0    300     51     48     55     29      0      0      0      0   3201   1980      0      0 130373 130374      0      0      0      0    139     23 
    0    302     51     49     54     28      0      0      0      0   3201   1980      0      0 130373 130374      0      0      0      0    135     24 
    0    284     51     48     49     25      0      0      0      0   3201   1980      0      0 130373 130374      0      0      0      0    138     22 
    0    237     48     45      0      0      0      0      0      0   3201   1980      0      0 130373 130374      0      0      0      0      0      0 
    0    226     50     48     53     28      0      0      0      0   3201   1980      0      0 130373 130374      0      0      0      0    124     23 
    0    293     51     48     51     25      0      0      0      0   3201   1980      0      0 130373 130374      0      0      0      0    139     22 
# gpu    pwr  gtemp  mtemp     sm    mem    enc    dec    jpg    ofa   mclk   pclk  pviol  tviol     fb   bar1   ccpm  sbecc  dbecc    pci  rxpci  txpci 
# Idx      W      C      C      %      %      %      %      %      %    MHz    MHz      %   bool     MB     MB     MB   errs   errs   errs   MB/s   MB/s 
    0    293     50     48     54     27      0      0      0      0   3201   1980      0      0 130373 130374      0      0      0      0    124     19 
    0    292     51     49     56     28      0      0      0      0   3201   1980      0      0 130373 130374      0      0      0      0    113     23 
    0    313     51     48     51     27      0      0      0      0   3201   1980      0      0 130373 130374      0      0      0      0    150     23 
    0    304     51     49     55     29      0      0      0      0   3201   1980      0      0 130373 130374      0      0      0      0    127     23 
    0    294     51     48     51     26      0      0      0      0   3201   1980      0      0 130373 130374      0      0      0      0    115     20 
    0    287     50     48     53     27      0      0      0      0   3201   1980      0      0 130373 130374      0      0      0      0    123     21 
    0    275     50     48     48     24      0      0      0      0   3201   1980      0      0 130373 130374      0      0      0      0    122     21 
    0    286     50     48     54     27      0      0      0      0   3201   1980      0      0 130373 130374      0      0      0      0    128     18 
    0    290     50     48     50     25      0      0      0      0   3201   1980      0      0 130373 130374      0      0      0      0    119     23 
    0    307     51     48     52     27      0      0      0      0   3201   1980      0      0 130373 130374      0      0      0      0    120     22 
    0    316     51     49     51     25      0      0      0      0   3201   1980      0      0 130373 130374      0      0      0      0    131     18 
    0    302     51     48     50     25      0      0      0      0   3201   1980      0      0 130373 130374      0      0      0      0    105     22 
    0    303     51     48     56     29      0      0      0      0   3201   1980      0      0 130373 130374      0      0      0      0    129     18 
    0    300     51     48     49     24      0      0      0      0   3201   1980      0      0 130373 130374      0      0      0      0    131     23 
    0    298     50     48     50     25      0      0      0      0   3201   1980      0      0 130373 130374      0      0      0      0    132     18 
    0    299     50     48     54     28      0      0      0      0   3201   1980      0      0 130373 130374      0      0      0      0    131     19 
    0    305     50     48     51     25      0      0      0      0   3201   1980      0      0 130373 130374      0      0      0      0    121     22 
    0    305     50     48     55     28      0      0      0      0   3201   1980      0      0 130373 130374      0      0      0      0    120     19 
    0    295     50     48     53     28      0      0      0      0   3201   1980      0      0 130373 130374      0      0      0      0    128     23 
    0    304     50     48     55     29      0      0      0      0   3201   1980      0      0 130373 130374      0      0      0      0    125     22 
    0    293     50     48     55     29      0      0      0      0   3201   1980      0      0 130373 130374      0      0      0      0    114     23 
    0    291     50     47     55     29      0      0      0      0   3201   1980      0      0 130373 130374      0      0      0      0    116     23 
    0    287     50     48     47     24      0      0      0      0   3201   1980      0      0 130373 130374      0      0      0      0    115     21 
    0    289     50     48     53     27      0      0      0      0   3201   1980      0      0 130373 130374      0      0      0      0    116     21 
    0    287     50     48     54     29      0      0      0      0   3201   1980      0      0 130373 130374      0      0      0      0    119     21 
    0    180     47     44      0      0      0      0      0      0   3201   1980      0      0 130373 130374      0      0      0      0 