# gpu    pwr  gtemp  mtemp     sm    mem    enc    dec    jpg    ofa   mclk   pclk  pviol  tviol     fb   bar1   ccpm  sbecc  dbecc    pci  rxpci  txpci 
# Idx      W      C      C      %      %      %      %      %      %    MHz    MHz      %   bool     MB     MB     MB   errs   errs   errs   MB/s   MB/s 
    0    176     42     40     42     23      0      0      0      0   3201   1980      0      0 130369 130370      0      0      0      0      0      1 
    0    132     40     37      0      0      0      0      0      0   3201   1980      0      0 130369 130370      0      0      0      0      0      0 
    0    132     40     37      0      0      0      0      0      0   3201   1980      0      0 130369 130370      0      0      0      0      0      1 
    0    132     40     37      0      0      0      0      0      0   3201   1980      0      0 130369 130370      0      0      0      0      0      0 
    0    132     40     36      0      0      0      0      0      0   3201   1980      0      0 130369 130370      0      0      0      0      0      1 
    0    132     39     36      0      0      0      0      0      0   3201   1980      0      0 130369 130370      0      0      0      0      0      0 
    0    132     39     36      0      0      0      0      0      0   3201   1980      0      0 130369 130370      0      0      0      0      0      0 
    0    132     39     36      0      0      0      0      0      0   3201   1980      0      0 130369 130370      0      0      0      0      0      0 
    0    132     39     36      0      0      0      0      0      0   3201   1980      0      0 130369 130370      0      0      0      0      0      0 
    0    132     39     36      0      0      0      0      0      0   3201   1980      0      0 130369 130370      0      0      0      0      1      0 
    0    131     39     36      0      0      0      0      0      0   3201   1980      0      0 130369 130370      0      0      0      0      0      0 
    0    131     39     36      0      0      0      0      0      0   3201   1980      0      0 130369 130370      0      0      0      0      0      0 
    0    131     39     36      0      0      0      0      0      0   3201   1980      0      0 130369 130370      0      0      0      0      0      0 
    0    237     41     40     52     28      0      0      0      0   3201   1980      0      0 130373 130374      0      0      0      0    131     21 
    0    282     43     42     51     26      0      0      0      0   3201   1980      0      0 130373 130374      0      0      0      0    123     22 
    0    282     43     41     53     28      0      0      0      0   3201   1980      0      0 130373 130374      0      0      0      0    126     21 
    0    229     42     40     31     16      0      0      0      0   3201   1980      0      0 130373 130374      0      0      0      0    125     21 
    0    282     43     42     53     28      0      0      0      0   3201   1980      0      0 130373 130374      0      0      0      0      0      0 
    0    230     43     42     50     26      0      0      0      0   3201   1980      0      0 130373 130374      0      0      0      0    118     16 
    0    279     43     41     53     28      0      0      0      0   3201   1980      0      0 130373 130374      0      0      0      0    120     18 
    0    275     43     42     53     28      0      0      0      0   3201   1980      0      0 130373 130374      0      0      0      0    115      5 
    0    240     44     42     54     28      0      0      0      0   3201   1980      0      0 130373 130374      0      0      0      0    112     23 
    0    281     43     42     51     27      0      0      0      0   3201   1980      0      0 130373 130374      0      0      0      0     64     15 
    0    246     42     40      0      0      0      0      0      0   3201   1980      0      0 130373 130374      0      0      0      0    115     21 
    0    251     42     40      0      0      0      0      0      0   3201   1980      0      0 130373 130374      0      0      0      0      0      0 
    0    139     41     38      0      0      0      0      0      0   3201   1980      0      0 130373 130374      0      0      0      0     89     20 
    0    284     44     42     54     28      0      0      0      0   3201   1980      0      0 130373 130374      0      0      0      0    119     22 
    0    276     44     43     51     26      0      0      0      0   3201   1980      0      0 130373 130374      0      0      0      0    121     21 
    0    276     44     43     51     27      0      0      0      0   3201   1980      0      0 130373 130374      0      0      0      0    119     21 
    0    203     43     41     52     28      0      0      0      0   3201   1980      0      0 130373 130374      0      0      0      0    112     16 
    0    280     44     42     51     27      0      0      0      0   3201   1980      0      0 130373 130374      0      0      0      0    101     21 
    0    277     45     43     54     25      0      0      0      0   3201   1980      0      0 130373 130374      0      0      0      0    100     21 
    0    277     44     43     49     24      0      0      0      0   3201   1980      0      0 130373 130374      0      0      0      0    118     17 
    0    280     45     43     51     28      0      0      0      0   3201   1980      0      0 130373 130374      0      0      0      0    118     21 
    0    200     44     42     52     28      0      0      0      0   3201   1980      0      0 130373 130374      0      0      0      0    114     16 
    0    279     44     43     46     23      0      0      0      0   3201   1980      0      0 130373 130374      0      0      0      0    119     18 
    0    278     45     43     51     26      0      0      0      0   3201   1980      0      0 130373 130374      0      0      0      0    122     17 
    0    285     45     43     52     25      0      0      0      0   3201   1980      0      0 130373 130374      0      0      0      0    119     18 
    0    282     45     43     53     27      0      0      0      0   3201   1980      0      0 130373 130374      0      0      0      0    100     21 
    0    212     42     40      0      0      0      0      0      0   3201   1980      0      0 130373 130374      0      0      0      0      0      1 
    0    158     44     41     28     14      0      0      0      0   3201   1980      0      0 130373 130374      0      0      0      0    126     22 
    0    286     45     43     50     24      0      0      0      0   3201   1980      0      0 130373 130374      0      0      0      0    123     18 
    0    289     45     43     49     24      0      0      0      0   3201   1980      0      0 130373 130374      0      0      0      0    111     22 
    0    281     45     43     49     25      0      0      0      0   3201   1980      0      0 130373 130374      0      0      0      0    113     17 
# gpu    pwr  gtemp  mtemp     sm    mem    enc    dec    jpg    ofa   mclk   pclk  pviol  tviol     fb   bar1   ccpm  sbecc  dbecc    pci  rxpci  txpci 
# Idx      W      C      C      %      %      %      %      %      %    MHz    MHz      %   bool     MB     MB     MB   errs   errs   errs   MB/s   MB/s 
    0    274     45     43     49     25      0      0      0      0   3201   1980      0      0 130373 130374      0      0      0      0    124     21 
    0    274     45     43     53     28      0      0      0      0   3201   1980      0      0 130373 130374      0      0      0      0    112     17 
    0    173     44     40     51     27      0      0      0      0   3201   1980      0      0 130373 130374      0      0      0      0    112     16 
    0    259     43     43      0      0      0      0      0      0   3201   1980      0      0 130373 130374      0      0      0      0      0      1 
    0    138     42     39      0      0      0      0      0      0   3201   1980      0      0 130373 130374      0      0      0      0    114     16 
    0    279     44     43     53     28      0      0      0      0   3201   1980      0      0 130373 130374      0      0      0      0    113     21 
    0    298     45     43     52     28      0      0      0      0   3201   1980      0      0 130373 130374      0      0      0      0    123     18 
    0    282     45     43     48     24      0      0      0      0   3201   1980      0      0 130373 130374      0      0      0      0    124     21 
    0    283     46     43     50     26      0      0      0      0   3201   1980      0      0 130373 130374      0      0      0      0    121     22 
    0    264     44     43     50     27      0      0      0      0   3201   1980      0      0 130373 130374      0      0      0      0      0      0 
    0    229     45     43     48     24      0      0      0      0   3201   1980      0      0 130373 130374      0      0      0      0    106     22 
    0    286     45     43     50     26      0      0      0      0   3201   1980      0      0 130373 130374      0      0      0      0    131     22 
    0    286     45     43     52     27      0      0      0      0   3201   1980      0      0 130373 130374      0      0      0      0    114     22 
    0    280     45     43     54     27      0      0      0      0   3201   1980      0      0 130373 130374      0      0      0      0    123     18 
    0    278     46     43     48     25      0      0      0      0   3201   1980      0      0 130373 130374      0      0      0      0    113     20 
    0    177     42     40      0      0      0      0      0      0   3201   1980      0      0 130373 130374      0      0      0      0      0      0 
    0    254     45     43     48     24      0      0      0      0   3201   1980      0      0 130373 130374      0      0      0      0    105     20 
    0    282     45     43     53     28      0      0      0      0   3201   1980      0      0 130373 130374      0      0      0      0    123     22 
    0    209     43     41      0      0      0      0      0      0   3201   1980      0      0 130373 130374      0      0      0      0      0      0 
    0    254     45     43     52     28      0      0      0      0   3201   1980      0      0 130373 130374      0      0      0      0    125     21 
    0    274     45     43     53     28      0      0      0      0   3201   1980      0      0 130373 130374      0      0      0      0    118     18 
    0    280     45     44     49     25      0      0      0      0   3201   1980      0      0 130373 130374      0      0      0      0    112     22 
    0    273     45     43     52     27      0      0      0      0   3201   1980      0      0 130373 130374      0      0      0      0     89     20 
    0    262     45     43     52     27      0      0      0      0   3201   1980      0      0 130373 130374      0      0      0      0    126     21 
    0    281     45     43     48     24      0      0      0      0   3201   1980      0      0 130373 130374      0      0      0      0    113     20 
    0    278     46     44     51     26      0      0      0      0   3201   1980      0      0 130373 130374      0      0      0      0    107     22 
    0    277     45     43     53     28      0      0      0      0   3201   1980      0      0 130373 130374      0      0      0      0    115     21 
    0    201     45     43     50     27      0      0      0      0   3201   1980      0      0 130373 130374      0      0      0      0    115     21 
    0    279     46     43     52     25      0      0      0      0   3201   1980      0      0 130373 130374      0      0      0      0    125     21 
    0    285     45     43     50     24      0      0      0      0   3201   1980      0      0 130373 130374      0      0      0      0    120     22 
    0    284     45     44     50     24      0      0      0      0   3201   1980      0      0 130373 130374      0      0      0      0    124     21 
    0    281     45     43     50     26      0      0      0      0   3201   1980      0      0 130373 130374      0      0      0      0    116     18 
    0    281     45     43     50     27      0      0      0      0   3201   1980      0      0 130373 130374      0      0      0      0    114     21 
    0    276     45     43     47     24      0      0      0      0   3201   1980      0      0 130373 130374      0      0      0      0    120     21 
    0    245     45     43     52     27      0      0      0      0   3201   1980      0      0 130373 130374      0      0      0      0    136     22 
    0    267     44     44      3      2      0      0      0      0   3201   1980      0      0 130373 130374      0      0      0      0    111     21 
    0    286     46     43     48     25      0      0      0      0   3201   1980      0      0 130373 130374      0      0      0      0    113     19 
    0    281     45     43     50     25      0      0      0      0   3201   1980      0      0 130373 130374      0      0      0      0    121     22 
    0    238     46     43     50     27      0      0      0      0   3201   1980      0      0 130373 130374      0      0      0      0    113     17 
    0    279     46     44     53     28      0      0      0      0   3201   1980      0      0 130373 130374      0      0      0      0      0      0 
    0    137     42     40      0      0      0      0      0      0   3201   1980      0      0 130373 130374      0      0      0      0      0      1 
    0    133     42     40      0      0      0      0      0      0   3201   1980      0      0 130373 130374      0      0      0      0      0      0 
    0    197     44     42     47     24      0      0      0      0   3201   1980      0      0 130373 130374      0      0      0      0    118     19 
    0    275     45     43     53     27      0      0      0      0   3201   1980      0      0 130373 130374      0      0      0      0    126     22 
# gpu    pwr  gtemp  mtemp     sm    mem    enc    dec    jpg    ofa   mclk   pclk  pviol  tviol     fb   bar1   ccpm  sbecc  dbecc    pci  rxpci  txpci 
# Idx      W      C      C      %      %      %      %      %      %    MHz    MHz      %   bool     MB     MB     MB   errs   errs   errs   MB/s   MB/s 
    0    283     45     43     49     25      0      0      0      0   3201   1980      0      0 130373 130374      0      0      0      0     99     19 
    0    274     45     43     48     24      0      0      0      0   3201   1980      0      0 130373 130374      0      0      0      0    122     22 
    0    284     46     44     54     28      0      0      0      0   3201   1980      0      0 130373 130374      0      0      0      0    124     23 
    0    279     45     43     52     28      0      0      0      0   3201   1980      0      0 130373 130374      0      0      0      0     91     18 
    0    251     43     43      0      0      0      0      0      0   3201   1980      0      0 130373 130374      0      0      0      0     66     16 
    0    229     43     41      0      0      0      0      0      0   3201   1980      0      0 130373 130374      0      0      0      0      0      0 
    0    152     44     41      9      5      0      0      0      0   3201   1980      0      0 130373 130374      0      0      0      0    112     17 
    0    242     45     42     49     24      0      0      0      0   3201   1980      0      0 130373 130374      0      0      0      0    127     22 
    0    281     45     43     51     26      0      0      0      0   3201   1980      0      0 130373 130374      0      0      0      0    114     14 
    0    286     45     43     47     24      0      0      0      0   3201   1980      0      0 130373 130374      0      0      0      0    118     21 
    0    283     46     43     51     26      0      0      0      0   3201   1980      0      0 130373 130374      0      0      0      0    121     22 
    0    232     45     43     50     27      0      0      0      0   3201   1980      0      0 130373 130374      0      0      0      0     93     21 
    0    286     45     43     52     27      0      0      0      0   3201   1980      0      0 130373 130374      0      0      0      0    123     18 
    0    278     45     43     53     27      0      0      0      0   3201   1980      0      0 130373 130374      0      0      0      0    119     17 
    0    279     45     43     53     27      0      0      0      0   3201   1980      0      0 130373 130374      0      0      0      0     87     17 
    0    275     46     43     48     24      0      0      0      0   3201   1980      0      0 130373 130374      0      0      0      0    116     18 
    0    275     45     43     54     27      0      0      0      0   3201   1980      0      0 130373 130374      0      0      0      0    118     18 
    0    264     44     44     50     25      0      0      0      0   3201   1980      0      0 130373 130374      0      0      0      0      0      0 
    0    204     45     43     49     25      0      0      0      0   3201   1980      0      0 130373 130374      0      0      0      0     97     22 
    0    283     45     43     52     27      0      0      0      0   3201   1980      0      0 130373 130374      0      0      0      0    122     19 
    0    279     45     43     53     28      0      0      0      0   3201   1980      0      0 130373 130374      0      0      0      0    112     22 
    0    179     43     41      0      0      0      0      0      0   3201   1980      0      0 130373 130374      0      0      0      0      0      0 
