# gpu    pwr  gtemp  mtemp     sm    mem    enc    dec    jpg    ofa   mclk   pclk  pviol  tviol     fb   bar1   ccpm  sbecc  dbecc    pci  rxpci  txpci 
# Idx      W      C      C      %      %      %      %      %      %    MHz    MHz      %   bool     MB     MB     MB   errs   errs   errs   MB/s   MB/s 
    0    176     44     42     48     27      0      0      0      0   3201   1980      0      0 130369 130370      0      0      0      0      0      1 
    0    133     41     39      0      0      0      0      0      0   3201   1980      0      0 130369 130370      0      0      0      0      0      0 
    0    133     41     38      0      0      0      0      0      0   3201   1980      0      0 130369 130370      0      0      0      0      0      1 
    0    133     41     38      0      0      0      0      0      0   3201   1980      0      0 130369 130370      0      0      0      0      0      0 
    0    133     41     38      0      0      0      0      0      0   3201   1980      0      0 130369 130370      0      0      0      0      0      1 
    0    132     41     38      0      0      0      0      0      0   3201   1980      0      0 130369 130370      0      0      0      0      0      0 
    0    132     41     38      0      0      0      0      0      0   3201   1980      0      0 130369 130370      0      0      0      0      0      1 
    0    132     41     38      0      0      0      0      0      0   3201   1980      0      0 130369 130370      0      0      0      0      0      0 
    0    132     41     38      0      0      0      0      0      0   3201   1980      0      0 130369 130370      0      0      0      0      0      1 
    0    132     41     38      0      0      0      0      0      0   3201   1980      0      0 130369 130370      0      0      0      0      0      0 
    0    132     41     38      0      0      0      0      0      0   3201   1980      0      0 130369 130370      0      0      0      0      0      1 
    0    132     40     38      0      0      0      0      0      0   3201   1980      0      0 130369 130370      0      0      0      0      0      0 
    0    132     40     37      0      0      0      0      0      0   3201   1980      0      0 130369 130370      0      0      0      0      0      0 
    0    140     41     38      0      0      0      0      0      0   3201   1980      0      0 130371 130372      0      0      0      0     41     16 
    0    279     44     42     53     29      0      0      0      0   3201   1980      0      0 130371 130372      0      0      0      0    115     16 
    0    285     44     42     54     29      0      0      0      0   3201   1980      0      0 130373 130374      0      0      0      0    121     22 
    0    280     44     43     54     28      0      0      0      0   3201   1980      0      0 130373 130374      0      0      0      0    103     22 
    0    286     45     43     53     28      0      0      0      0   3201   1980      0      0 130373 130374      0      0      0      0      0      0 
    0    260     45     43     54     29      0      0      0      0   3201   1980      0      0 130373 130374      0      0      0      0    128     21 
    0    212     42     40      0      0      0      0      0      0   3201   1980      0      0 130373 130374      0      0      0      0      0      0 
    0    142     41     39      0      0      0      0      0      0   3201   1980      0      0 130373 130374      0      0      0      0    116     21 
    0    284     44     43     51     26      0      0      0      0   3201   1980      0      0 130373 130374      0      0      0      0    118     17 
    0    171     42     39      0      0      0      0      0      0   3201   1980      0      0 130373 130374      0      0      0      0      0      0 
    0    133     41     39      0      0      0      0      0      0   3201   1980      0      0 130373 130374      0      0      0      0      0      0 
    0    274     44     42     51     25      0      0      0      0   3201   1980      0      0 130373 130374      0      0      0      0    115     21 
    0    219     42     40      0      0      0      0      0      0   3201   1980      0      0 130373 130374      0      0      0      0      0      0 
    0    280     46     43     54     29      0      0      0      0   3201   1980      0      0 130373 130374      0      0      0      0    128     22 
    0    292     45     43     50     25      0      0      0      0   3201   1980      0      0 130373 130374      0      0      0      0    116     16 
    0    203     42     40      0      0      0      0      0      0   3201   1980      0      0 130373 130374      0      0      0      0      0      1 
    0    133     42     39      0      0      0      0      0      0   3201   1980      0      0 130373 130374      0      0      0      0      0     17 
    0    288     45     43     51     25      0      0      0      0   3201   1980      0      0 130373 130374      0      0      0      0    127     23 
    0    258     43     43     18      9      0      0      0      0   3201   1980      0      0 130373 130374      0      0      0      0      0      0 
    0    273     45     43     54     29      0      0      0      0   3201   1980      0      0 130373 130374      0      0      0      0    116      9 
    0    216     45     43     50     25      0      0      0      0   3201   1980      0      0 130373 130374      0      0      0      0    116     21 
    0    222     43     41      0      0      0      0      0      0   3201   1980      0      0 130373 130374      0      0      0      0      0      1 
    0    218     45     43     53     29      0      0      0      0   3201   1980      0      0 130373 130374      0      0      0      0    117     22 
    0    216     42     40      0      0      0      0      0      0   3201   1980      0      0 130373 130374      0      0      0      0      0      1 
    0    133     42     39      0      0      0      0      0      0   3201   1980      0      0 130373 130374      0      0      0      0      0      0 
    0    133     42     39      0      0      0      0      0      0   3201   1980      0      0 130373 130374      0      0      0      0      1      1 
    0    264     45     43     49     26      0      0      0      0   3201   1980      0      0 130373 130374      0      0      0      0    116     21 
    0    182     45     42     55     27      0      0      0      0   3201   1980      0      0 130373 130374      0      0      0      0    116     21 
    0    286     45     43     54     28      0      0      0      0   3201   1980      0      0 130373 130374      0      0      0      0    121     20 
    0    197     44     40      0      0      0      0      0      0   3201   1980      0      0 130373 130374      0      0      0      0    124     18 
    0    281     45     43     51     25      0      0      0      0   3201   1980      0      0 130373 130374      0      0      0      0    126     22 
# gpu    pwr  gtemp  mtemp     sm    mem    enc    dec    jpg    ofa   mclk   pclk  pviol  tviol     fb   bar1   ccpm  sbecc  dbecc    pci  rxpci  txpci 
# Idx      W      C      C      %      %      %      %      %      %    MHz    MHz      %   bool     MB     MB     MB   errs   errs   errs   MB/s   MB/s 
    0    292     45     43     53     27      0      0      0      0   3201   1980      0      0 130373 130374      0      0      0      0    102     23 
    0    150     42     40      0      0      0      0      0      0   3201   1980      0      0 130373 130374      0      0      0      0      0      0 
    0    149     42     39      0      0      0      0      0      0   3201   1980      0      0 130373 130374      0      0      0      0    112     18 
    0    294     45     43     54     29      0      0      0      0   3201   1980      0      0 130373 130374      0      0      0      0    115     21 
    0    301     45     43     50     25      0      0      0      0   3201   1980      0      0 130373 130374      0      0      0      0    121     23 
    0    197     44     41      0      0      0      0      0      0   3201   1980      0      0 130373 130374      0      0      0      0    124     22 
    0    293     45     43     54     29      0      0      0      0   3201   1980      0      0 130373 130374      0      0      0      0    117     23 
    0    287     45     44     51     25      0      0      0      0   3201   1980      0      0 130373 130374      0      0      0      0    123     22 
    0    277     45     44     54     29      0      0      0      0   3201   1980      0      0 130373 130374      0      0      0      0      0      1 
    0    252     44     42     45     24      0      0      0      0   3201   1980      0      0 130373 130374      0      0      0      0      0      5 
    0    270     45     44     54     29      0      0      0      0   3201   1980      0      0 130373 130374      0      0      0      0      0      1 
    0    134     42     40      0      0      0      0      0      0   3201   1980      0      0 130373 130374      0      0      0      0      0      0 
    0    158     44     42     19      8      0      0      0      0   3201   1980      0      0 130373 130374      0      0      0      0    116     22 
    0    252     43     41      0      0      0      0      0      0   3201   1980      0      0 130373 130374      0      0      0      0     90     21 
    0    294     45     43     50     27      0      0      0      0   3201   1980      0      0 130373 130374      0      0      0      0    120     22 
    0    286     45     43     54     29      0      0      0      0   3201   1980      0      0 130373 130374      0      0      0      0    115     21 
    0    293     46     43     51     26      0      0      0      0   3201   1980      0      0 130373 130374      0      0      0      0     30      0 
    0    266     46     43     53     28      0      0      0      0   3201   1980      0      0 130373 130374      0      0      0      0    116     22 
    0    284     46     43     54     28      0      0      0      0   3201   1980      0      0 130373 130374      0      0      0      0     98     24 
    0    300     46     44     53     29      0      0      0      0   3201   1980      0      0 130373 130374      0      0      0      0    120     22 
    0    299     47     43     54     28      0      0      0      0   3201   1980      0      0 130373 130374      0      0      0      0    108     23 
    0    247     44     42      0      0      0      0      0      0   3201   1980      0      0 130373 130374      0      0      0      0      0      0 
    0    134     43     40      0      0      0      0      0      0   3201   1980      0      0 130373 130374      0      0      0      0      0      0 
    0    134     42     40      0      0      0      0      0      0   3201   1980      0      0 130373 130374      0      0      0      0      0      0 
    0    133     42     40      0      0      0      0      0      0   3201   1980      0      0 130373 130374      0      0      0      0      0      0 
    0    282     46     43     49     25      0      0      0      0   3201   1980      0      0 130373 130374      0      0      0      0    106     21 
    0    288     46     43     54     28      0      0      0      0   3201   1980      0      0 130373 130374      0      0      0      0    134     22 
    0    302     49     43     52     28      0      0      0      0   3201   1980      0      0 130373 130374      0      0      0      0    102     23 
    0    303     46     44     46     24      0      0      0      0   3201   1980      0      0 130373 130374      0      0      0      0      0      0 
    0    278     46     44     54     28      0      0      0      0   3201   1980      0      0 130373 130374      0      0      0      0    128     23 
    0    263     45     44     49     25      0      0      0      0   3201   1980      0      0 130373 130374      0      0      0      0      0      0 
    0    194     46     43     50     25      0      0      0      0   3201   1980      0      0 130373 130374      0      0      0      0    124     22 
    0    280     46     44     51     28      0      0      0      0   3201   1980      0      0 130373 130374      0      0      0      0    101     22 
    0    298     46     43     49     25      0      0      0      0   3201   1980      0      0 130373 130374      0      0      0      0    101     22 
    0    222     43     41      0      0      0      0      0      0   3201   1980      0      0 130373 130374      0      0      0      0      0      0 
    0    134     43     40      0      0      0      0      0      0   3201   1980      0      0 130373 130374      0      0      0      0      0      0 
    0    133     42     40      0      0      0      0      0      0   3201   1980      0      0 130373 130374      0      0      0      0      0      0 
    0    265     46     43     54     28      0      0      0      0   3201   1980      0      0 130373 130374      0      0      0      0    126     21 
    0    214     43     41      0      0      0      0      0      0   3201   1980      0      0 130373 130374      0      0      0      0      0      0 
    0    133     42     40      0      0      0      0      0      0   3201   1980      0      0 130373 130374      0      0      0      0      0      0 
    0    133     42     39      0      0      0      0      0      0   3201   1980      0      0 130373 130374      0      0      0      0      0      0 
    0    215     45     43     53     28      0      0      0      0   3201   1980      0      0 130373 130374      0      0      0      0    116     21 
    0    290     45     44     54     29      0      0      0      0   3201   1980      0      0 130373 130374      0      0      0      0    117     21 
    0    246     45     43     50     25      0      0      0      0   3201   1980      0      0 130373 130374      0      0      0      0    127     23 
# gpu    pwr  gtemp  mtemp     sm    mem    enc    dec    jpg    ofa   mclk   pclk  pviol  tviol     fb   bar1   ccpm  sbecc  dbecc    pci  rxpci  txpci 
# Idx      W      C      C      %      %      %      %      %      %    MHz    MHz      %   bool     MB     MB     MB   errs   errs   errs   MB/s   MB/s 
    0    319     48     44     49     24      0      0      0      0   3201   1980      0      0 130373 130374      0      0      0      0    109     19 
    0    297     46     43     50     26      0      0      0      0   3201   1980      0      0 130373 130374      0      0      0      0    121     22 
    0    253     45     44     51     26      0      0      0      0   3201   1980      0      0 130373 130374      0      0      0      0    103     21 
    0    272     45     43     63     29      0      0      0      0   3201   1980      0      0 130373 130374      0      0      0      0    122     19 
    0    297     45     43     52     27      0      0      0      0   3201   1980      0      0 130373 130374      0      0      0      0    123     18 
    0    287     46     44     53     28      0      0      0      0   3201   1980      0      0 130373 130374      0      0      0      0    116     21 
    0    212     43     41      0      0      0      0      0      0   3201   1980      0      0 130373 130374      0      0      0      0      0      0 
    0    134     42     40      0      0      0      0      0      0   3201   1980      0      0 130373 130374      0      0      0      0     91     21 
    0    284     45     43     49     25      0      0      0      0   3201   1980      0      0 130373 130374      0      0      0      0    123     22 
    0    297     45     43     52     27      0      0      0      0   3201   1980      0      0 130373 130374      0      0      0      0    132     22 
    0    222     45     43     50     25      0      0      0      0   3201   1980      0      0 130373 130374      0      0      0      0    114     16 
    0    298     45     43     49     25      0      0      0      0   3201   1980      0      0 130373 130374      0      0      0      0    115     21 
    0    288     46     44     48     24      0      0      0      0   3201   1980     35      0 130373 130374      0      0      0      0    115      8 
    0    174     46     43     37     14      0      0      0      0   3201   1980      0      0 130373 130374      0      0      0      0    110     22 
    0    282     50     44     53     28      0      0      0      0   3201   1980      0      0 130373 130374      0      0      0      0    121     18 
    0    280     45     43     48     25      0      0      0      0   3201   1980      0      0 130373 130374      0      0      0      0    104      0 
    0    216     45     43     53     29      0      0      0      0   3201   1980      0      0 130373 130374      0      0      0      0    114     16 
    0    172     42     40      0      0      0      0      0      0   3201   1980      0      0 130373 130374      0      0      0      0      2      0 
    0    133     42     40      0      0      0      0      0      0   3201   1980      0      0 130373 130374      0      0      0      0      0      0 
    0    177     44     42     56     28      0      0      0      0   3201   1980      0      0 130373 130374      0      0      0      0    148     23 
    0    286     46     43     50     27      0      0      0      0   3201   1980      0      0 130373 130374      0      0      0      0    114     21 
    0    267     45     43     53     28      0      0      0      0   3201   1980      0      0 130373 130374      0      0      0      0    116     24 
    0    280     45     43     59     27      0      0      0      0   3201   1980      0      0 130373 130374      0      0      0      0    133     22 
    0    217     43     41      0      0      0      0      0      0   3201   1980      0      0 130373 130374      0      0      0      0      0      1 
    0    133     42     40      0      0      0      0      0      0   3201   1980      0      0 130373 130374      0      0      0      0      0      0 
    0    175     44     43     53     29      0      0      0      0   3201   1980      0      0 130373 130374      0      0      0      0    119     22 
    0    290     45     43     53     28      0      0      0      0   3201   1980      0      0 130373 130374      0      0      0      0    114     10 
    0    166     42     40      0      0      0      0      0      0   3201   1980      0      0 130373 130374      0      0      0      0      0      1 
    0    254     43     41      0      0      0      0      0      0   3201   1980      0      0 130373 130374      0      0      0      0      1      0 
    0    255     45     43     51     26      0      0      0      0   3201   1980      0      0 130373 130374      0      0      0      0    119     17 
    0    186     42     40      0      0      0      0      0      0   3201   1980      0      0 130373 130374      0      0      0      0      0      0 
    0    265     45     43     56     27      0      0      0      0   3201   1980      0      0 130373 130374      0      0      0      0    102     23 
    0    274     43     43     31     16      0      0      0      0   3201   1980      0      0 130373 130374      0      0      0      0      0      0 
    0    171     44     42     53     29      0      0      0      0   3201   1980      0      0 130373 130374      0      0      0      0    109     18 
    0    296     45     43     53     28      0      0      0      0   3201   1980      0      0 130373 130374      0      0      0      0    115     16 
    0    211     42     40      0      0      0      0      0      0   3201   1980      0      0 130373 130374      0      0      0      0      0      0 
    0    193     45     43     50     26      0      0      0      0   3201   1980      0      0 130373 130374      0      0      0      0    120     22 
    0    291     46     43     54     26      0      0      0      0   3201   1980      0      0 130373 130374      0      0      0      0    114     21 
    0    224     42     41      0      0      0      0      0      0   3201   1980      0      0 130373 130374      0      0      0      0      0      0 
    0    290     45     43     58     25      0      0      0      0   3201   1980      0      0 130373 130374      0      0      0      0    122     17 
    0    205     42     40      0      0      0      0      0      0   3201   1980      0      0 130373 130374      0      0      0      0      0      0 
    0    133     42     39      0      0      0      0      0      0   3201   1980      0      0 130373 130374      0      0      0      0      0      0 
    0    164     44     42     51     26      0      0      0      0   3201   1980      0      0 130373 130374      0      0      0      0    115     16 
    0    243     44     43     39     18      0      0      0      0   3201   1980      0      0 130373 130374      0      0      0      0    114     21 
# gpu    pwr  gtemp  mtemp     sm    mem    enc    dec    jpg    ofa   mclk   pclk  pviol  tviol     fb   bar1   ccpm  sbecc  dbecc    pci  rxpci  txpci 
# Idx      W      C      C      %      %      %      %      %      %    MHz    MHz      %   bool     MB     MB     MB   errs   errs   errs   MB/s   MB/s 
    0    291     45     43     51     26      0      0      0      0   3201   1980      0      0 130373 130374      0      0      0      0     90     20 
    0    307     46     43     50     26      0      0      0      0   3201   1980      0      0 130373 130374      0      0      0      0    125     18 
    0    293     45     44     53     28      0      0      0      0   3201   1980      0      0 130373 130374      0      0      0      0    107     22 
    0    284     46     43     51     27      0      0      0      0   3201   1980      0      0 130373 130374      0      0      0      0    122     22 
    0    295     45     44     48     24      0      0      0      0   3201   1980      0      0 130373 130374      0      0      0      0    116     23 
    0    282     46     43     51     27      0      0      0      0   3201   1980      0      0 130373 130374      0      0      0      0    120     17 
    0    290     46     43     53     28      0      0      0      0   3201   1980      0      0 130373 130374      0      0      0      0    114     21 
    0    279     46     44     53     28      0      0      0      0   3201   1980      0      0 130373 130374      0      0      0      0    114     21 
    0    260     45     43     53     29      0      0      0      0   3201   1980      0      0 130373 130374      0      0      0      0    123     21 
    0    277     45     44     53     29      0      0      0      0   3201   1980      0      0 130373 130374      0      0      0      0    120     17 
    0    271     44     43     15      8      0      0      0      0   3201   1980      0      0 130373 130374      0      0      0      0      0      0 
    0    134     42     40      0      0      0      0      0      0   3201   1980      0      0 130373 130374      0      0      0      0      0      0 
    0    265     45     43     53     28      0      0      0      0   3201   1980      0      0 130373 130374      0      0      0      0    121     22 
    0    287     45     44     53     28      0      0      0      0   3201   1980      0      0 130373 130374      0      0      0      0    109     22 
    0    286     45     43     53     28      0      0      0      0   3201   1980      0      0 130373 130374      0      0      0      0    115     16 
    0    290     46     43     53     28      0      0      0      0   3201   1980      0      0 130373 130374      0      0      0      0    113     14 
    0    154     42     40      0      0      0      0      0      0   3201   1980      0      0 130373 130374      0      0      0      0    124     21 
    0    280     45     44     53     29      0      0      0      0   3201   1980      0      0 130373 130374      0      0      0      0      0      0 
    0    265     45     44     52     28      0      0      0      0   3201   1980      0      0 130373 130374      0      0      0      0    121     22 
    0    200     42     41      0      0      0      0      0      0   3201   1980      0      0 130373 130374      0      0      0      0      0      0 
    0    186     45     43     53     28      0      0      0      0   3201   1980      0      0 130373 130374      0      0      0      0    115     22 
    0    227     44     41     48     23      0      0      0      0   3201   1980      0      0 130373 130374      0      0      0      0    116     17 
    0    224     42     41      0      0      0      0      0      0   3201   1980      0      0 130373 130374      0      0      0      0      0      1 
    0    133     42     39      0      0      0      0      0      0   3201   1980      0      0 130373 130374      0      0      0      0      0      0 
    0    133     41     39      0      0      0      0      0      0   3201   1980      0      0 130373 130374      0      0      0      0      0      1 
    0    133     41     39      0      0      0      0      0      0   3201   1980      0      0 130373 130374      0      0      0      0      0      0 
    0    133     41     39      0      0      0      0      0      0   3201   1980      0      0 130373 130374      0      0      0      0      0      1 
    0    133     41     39      0      0      0      0      0      0   3201   1980      0      0 130373 130374      0      0      0      0      0      0 
    0    228     44     42     53     28      0      0      0      0   3201   1980      0      0 130373 130374      0      0      0      0    132     23 
    0    248     42     41      0      0      0      0      0      0   3201   1980      0      0 130373 130374      0      0      0      0      0      0 
    0    214     44     43     52     26      0      0      0      0   3201   1980      0      0 130373 130374      0      0      0      0    121     23 
    0    297     44     43     59     27      0      0      0      0   3201   1980      0      0 130373 130374      0      0      0      0    109     23 
    0    224     42     40      0      0      0      0      0      0   3201   1980      0      0 130373 130374      0      0      0      0      0      1 
    0    208     44     42     53     29      0      0      0      0   3201   1980      0      0 130373 130374      0      0      0      0     89     21 
    0    277     44     43     54     29      0      0      0      0   3201   1980      0      0 130373 130374      0      0      0      0      0      1 
    0    280     44     43     50     27      0      0      0      0   3201   1980      0      0 130373 130374      0      0      0      0    128     21 
    0    302     45     43     49     25      0      0      0      0   3201   1980      0      0 130373 130374      0      0      0      0    126     19 
    0    285     45     43     53     28      0      0      0      0   3201   1980      0      0 130373 130374      0      0      0      0    124     21 
    0    293     45     43     51     27      0      0      0      0   3201   1980      0      0 130373 130374      0      0      0      0      0      1 
    0    217     45     43     53     29      0      0      0      0   3201   1980      0      0 130373 130374      0      0      0      0    114     21 
    0    180     42     40      0      0      0      0      0      0   3201   1980      0      0 130373 130374      0      0      0      0      0      1 
    0    222     44     43     53     29      0      0      0      0   3201   1980      0      0 130373 130374      0      0      0      0    127     22 
    0    177     42     39      0      0      0      0      0      0   3201   1980      0      0 130373 130374      0      0      0      0      0      1 
    0    133     41     39      0      0      0      0      0      0   3201   1980      0      0 130373 130374      0      0      0      0      0      0 
# gpu    pwr  gtemp  mtemp     sm    mem    enc    dec    jpg    ofa   mclk   pclk  pviol  tviol     fb   bar1   ccpm  sbecc  dbecc    pci  rxpci  txpci 
# Idx      W      C      C      %      %      %      %      %      %    MHz    MHz      %   bool     MB     MB     MB   errs   errs   errs   MB/s   MB/s 
    0    133     41     38      0      0      0      0      0      0   3201   1980      0      0 130373 130374      0      0      0      0      0     21 
    0    263     42     41     13      7      0      0      0      0   3201   1980      0      0 130373 130374      0      0      0      0      1      0 
    0    153     41     39      0      0      0      0      0      0   3201   1980      0      0 130373 130374      0      0      0      0    132     24 
    0    283     44     43     50     26      0      0      0      0   3201   1980      0      0 130373 130374      0      0      0      0    115     17 
    0    232     45     42     50     27      0      0      0      0   3201   1980      0      0 130373 130374      0      0      0      0    113     24 
    0    313     45     43     58     27      0      0      0      0   3201   1980      0      0 130373 130374      0      0      0      0    115     23 
    0    268     43     43     36     18      0      0      0      0   3201   1980      0      0 130373 130374      0      0      0      0      0      0 
    0    250     44     43     53     28      0      0      0      0   3201   1980      0      0 130373 130374      0      0      0      0    102     22 
    0    273     43     43     53     28      0      0      0      0   3201   1980      0      0 130373 130374      0      0      0      0      0      0 
    0    133     41     39      0      0      0      0      0      0   3201   1980      0      0 130373 130374      0      0      0      0      0      0 
    0    208     44     42     54     29      0      0      0      0   3201   1980      0      0 130373 130374      0      0      0      0    105     22 
    0    269     46     43     57     25      0      0      0      0   3201   1980      0      0 130373 130374      0      0      0      0    126     17 
    0    288     46     43     48     24      0      0      0      0   3201   1980      0      0 130373 130374      0      0      0      0    121     18 
    0    297     45     43     53     29      0      0      0      0   3201   1980      0      0 130373 130374      0      0      0      0    121     18 
    0    274     44     43     54     28      0      0      0      0   3201   1980      0      0 130373 130374      0      0      0      0      2      0 
    0    133     41     39      0      0      0      0      0      0   3201   1980      0      0 130373 130374      0      0      0      0      0      1 
    0    214     44     43     53     29      0      0      0      0   3201   1980      0      0 130373 130374      0      0      0      0    125     21 
    0    289     44     43     53     29      0      0      0      0   3201   1980      0      0 130373 130374      0      0      0      0     95     21 
    0    276     44     43     53     28      0      0      0      0   3201   1980      0      0 130373 130374      0      0      0      0    104     20 
    0    289     45     43     53     29      0      0      0      0   3201   1980      0      0 130373 130374      0      0      0      0    117     17 
    0    260     44     43     49     25      0      0      0      0   3201   1980      0      0 130373 130374      0      0      0      0    104     22 
    0    303     45     43     52     28      0      0      0      0   3201   1980      0      0 130373 130374      0      0      0      0     99     21 
    0    187     42     40      0      0      0      0      0      0   3201   1980      0      0 130373 130374      0      0      0      0      0      0 
    0    133     41     39      0      0      0      0      0      0   3201   1980      0      0 130373 130374      0      0      0      0      0      0 
    0    238     44     43     53     28      0      0      0      0   3201   1980      0      0 130373 130374      0      0      0      0    100     22 
    0    283     45     43     51     26      0      0      0      0   3201   1980      0      0 130373 130374      0      0      0      0    115     16 
    0    315     45     43     54     28      0      0      0      0   3201   1980      0      0 130373 130374      0      0      0      0    127     22 
    0    283     45     43     50     25      0      0      0      0   3201   1980      0      0 130373 130374      0      0      0      0    120     17 
