# gpu    pwr  gtemp  mtemp     sm    mem    enc    dec    jpg    ofa   mclk   pclk  pviol  tviol     fb   bar1   ccpm  sbecc  dbecc    pci  rxpci  txpci 
# Idx      W      C      C      %      %      %      %      %      %    MHz    MHz      %   bool     MB     MB     MB   errs   errs   errs   MB/s   MB/s 
    0    166     39     38     69     55      0      0      0      0   3201   1980      0      0 119389 119390      0      0      0      0      0      0 
    0    147     39     37      0      0      0      0      0      0   3201   1980      0      0 119389 119390      0      0      0      0      0      0 
    0    134     39     37      0      0      0      0      0      0   3201   1980      0      0 119389 119390      0      0      0      0      0      0 
    0    134     39     37      0      0      0      0      0      0   3201   1980      0      0 119389 119390      0      0      0      0      0      0 
    0    134     38     36      0      0      0      0      0      0   3201   1980      0      0 119389 119390      0      0      0      0      0      0 
    0    133     38     36      0      0      0      0      0      0   3201   1980      0      0 119389 119390      0      0      0      0      0      0 
    0    133     38     36      0      0      0      0      0      0   3201   1980      0      0 119389 119390      0      0      0      0      0      0 
    0    133     38     36      0      0      0      0      0      0   3201   1980      0      0 119389 119390      0      0      0      0      0      0 
    0    133     38     36      0      0      0      0      0      0   3201   1980      0      0 119389 119390      0      0      0      0      0      0 
    0    133     37     36      0      0      0      0      0      0   3201   1980      0      0 119389 119390      0      0      0      0      0      0 
    0    133     37     36      0      0      0      0      0      0   3201   1980      0      0 119389 119390      0      0      0      0      0      0 
    0    133     37     36      0      0      0      0      0      0   3201   1980      0      0 119389 119390      0      0      0      0      0      0 
    0    133     37     35      0      0      0      0      0      0   3201   1980      0      0 119389 119390      0      0      0      0      0      0 
    0    206     41     42    100     75      0      0      0      0   3201   1980      0      0 119393 119394      0      0      0      0     48     16 
    0    559     45     47    100     67      0      0      0      0   3201   1965     57      0 119393 119394      0      0      0      0     58     15 
    0    566     46     51    100     73      0      0      0      0   3201   1980     71      0 119393 119394      0      0      0      0     58     17 
    0    557     47     49    100     73      0      0      0      0   3201   1980     34      0 119393 119394      0      0      0      0     52     16 
    0    554     47     51    100     75      0      0      0      0   3201   1980      0      0 119393 119394      0      0      0      0     49     16 
    0    299     45     43      3      2      0      0      0      0   3201   1980      0      0 119393 119394      0      0      0      0     47     16 
    0    565     47     50    100     73      0      0      0      0   3201   1950     45      0 119393 119394      0      0      0      0     59     16 
    0    554     48     51    100     73      0      0      0      0   3201   1965     91      0 119393 119394      0      0      0      0     53     15 
    0    463     43     43     35     21      0      0      0      0   3201   1980      8      0 119393 119394      0      0      0      0     62     18 
    0    568     50     51    100     64      0      0      0      0   3201   1965     44      0 119393 119394      0      0      0      0     68     18 
    0    566     49     52    100     73      0      0      0      0   3201   1980     15      0 119393 119394      0      0      0      0     54     17 
    0    566     49     52    100     74      0      0      0      0   3201   1980     31      0 119393 119394      0      0      0      0     46     17 
    0    372     43     43      0      0      0      0      0      0   3201   1980      0      0 119393 119394      0      0      0      0      0      0 
    0    391     48     52    100     75      0      0      0      0   3201   1980      0      0 119393 119394      0      0      0      0     52     16 
    0    569     49     52    100     73      0      0      0      0   3201   1980     34      0 119393 119394      0      0      0      0     58     16 
    0    581     51     51    100     72      0      0      0      0   3201   1980     39      0 119393 119394      0      0      0      0     62     18 
    0    501     46     48     80     60      0      0      0      0   3201   1980      0      0 119393 119394      0      0      0      0      0      0 
    0    484     52     51    100     72      0      0      0      0   3201   1965     36      0 119393 119394      0      0      0      0     73     17 
    0    577     50     52    100     64      0      0      0      0   3201   1965     62      0 119393 119394      0      0      0      0     74     16 
    0    583     50     53    100     65      0      0      0      0   3201   1980     38      0 119393 119394      0      0      0      0     64     17 
    0    568     56     52    100     64      0      0      0      0   3201   1965     52      0 119393 119394      0      0      0      0     58     16 
    0    503     47     49     89     67      0      0      0      0   3201   1980     14      0 119393 119394      0      0      0      0      0      0 
    0    468     51     52    100     66      0      0      0      0   3201   1965     50      0 119393 119394      0      0      0      0     67     17 
    0    572     58     52    100     63      0      0      0      0   3201   1965     71      0 119393 119394      0      0      0      0     62     18 
    0    561     51     52    100     73      0      0      0      0   3201   1980     64      0 119393 119394      0      0      0      0     51     17 
    0    592     51     53    100     72      0      0      0      0   3201   1935     97      0 119393 119394      0      0      0      0     71     18 
    0    564     51     52    100     73      0      0      0      0   3201   1980     58      0 119393 119394      0      0      0      0     52     16 
    0    245     44     43      0      0      0      0      0      0   3201   1980      0      0 119393 119394      0      0      0      0      0      0 
    0    419     50     50    100     73      0      0      0      0   3201   1965     53      0 119393 119394      0      0      0      0     73     18 
    0    603     53     52    100     57      0      0      0      0   3201   1965     78      0 119393 119394      0      0      0      0     86     17 
    0    589     52     54    100     64      0      0      0      0   3201   1965     78      0 119393 119394      0      0      0      0     62     18 
# gpu    pwr  gtemp  mtemp     sm    mem    enc    dec    jpg    ofa   mclk   pclk  pviol  tviol     fb   bar1   ccpm  sbecc  dbecc    pci  rxpci  txpci 
# Idx      W      C      C      %      %      %      %      %      %    MHz    MHz      %   bool     MB     MB     MB   errs   errs   errs   MB/s   MB/s 
    0    568     51     54    100     73      0      0      0      0   3201   1980     43      0 119393 119394      0      0      0      0     51     16 
    0    567     51     55    100     73      0      0      0      0   3201   1980     34      0 119393 119394      0      0      0      0     55     16 
    0    400     45     44      0      0      0      0      0      0   3201   1980      0      0 119393 119394      0      0      0      0      0      0 
    0    395     50     50    100     73      0      0      0      0   3201   1965     31      0 119393 119394      0      0      0      0     58     15 
    0    445     46     45      0      0      0      0      0      0   3201   1980      3      0 119393 119394      0      0      0      0      0      0 
    0    334     50     52    100     75      0      0      0      0   3201   1980      4      0 119393 119394      0      0      0      0     58     16 
    0    580     52     52    100     58      0      0      0      0   3201   1965     72      0 119393 119394      0      0      0      0     74     18 
    0    591     52     53    100     74      0      0      0      0   3201   1980     94      0 119393 119394      0      0      0      0     69     18 
    0    575     51     54    100     72      0      0      0      0   3201   1965     85      0 119393 119394      0      0      0      0     79     17 
    0    575     52     53    100     72      0      0      0      0   3201   1980     67      0 119393 119394      0      0      0      0     60     16 
    0    473     55     52     91     63      0      0      0      0   3201   1965     23      0 119393 119394      0      0      0      0     58     15 
    0    576     51     54    100     73      0      0      0      0   3201   1980     69      0 119393 119394      0      0      0      0     67     15 
    0    591     52     53    100     54      0      0      0      0   3201   1935     57      0 119393 119394      0      0      0      0     79     17 
    0    573     52     54    100     73      0      0      0      0   3201   1965     52      0 119393 119394      0      0      0      0     58     16 
    0    569     52     55    100     73      0      0      0      0   3201   1980     63      0 119393 119394      0      0      0      0     58     16 
    0    568     52     55    100     75      0      0      0      0   3201   1980     31      0 119393 119394      0      0      0      0     52     16 
    0    331     51     52    100     73      0      0      0      0   3201   1965     21      0 119393 119394      0      0      0      0     50     16 
    0    567     52     54    100     73      0      0      0      0   3201   1980     47      0 119393 119394      0      0      0      0     55     17 
    0    567     52     53    100     73      0      0      0      0   3201   1980     44      0 119393 119394      0      0      0      0     58     16 
    0    380     52     53    100     75      0      0      0      0   3201   1980      6      0 119393 119394      0      0      0      0     57     17 
    0    567     52     54    100     73      0      0      0      0   3201   1980     29      0 119393 119394      0      0      0      0     52     16 
    0    573     52     53    100     72      0      0      0      0   3201   1965     53      0 119393 119394      0      0      0      0     56     17 
    0    570     52     53    100     73      0      0      0      0   3201   1980     36      0 119393 119394      0      0      0      0     58     15 
    0    568     52     55    100     75      0      0      0      0   3201   1965     30      0 119393 119394      0      0      0      0     52     17 
    0    572     52     56    100     75      0      0      0      0   3201   1980      0      0 119393 119394      0      0      0      0     52     16 
    0    576     52     56    100     73      0      0      0      0   3201   1980      0      0 119393 119394      0      0      0      0     55     17 
    0    570     52     54    100     73      0      0      0      0   3201   1965     61      0 119393 119394      0      0      0      0     50     16 
    0    461     46     46      0      0      0      0      0      0   3201   1980      0      0 119393 119394      0      0      0      0      0      1 
    0    521     53     54    100     64      0      0      0      0   3201   1935     32      0 119393 119394      0      0      0      0     66     16 
    0    578     52     55    100     73      0      0      0      0   3201   1980     75      0 119393 119394      0      0      0      0     73     19 
    0    581     52     54    100     72      0      0      0      0   3201   1965     60      0 119393 119394      0      0      0      0     73     17 
    0    586     53     55    100     72      0      0      0      0   3201   1965     76      0 119393 119394      0      0      0      0     73     18 
    0    571     52     56    100     74      0      0      0      0   3201   1980     68      0 119393 119394      0      0      0      0     72     16 
    0    574     53     54    100     72      0      0      0      0   3201   1965     83      0 119393 119394      0      0      0      0     65     18 
    0    545     52     55     59     44      0      0      0      0   3201   1980     12      0 119393 119394      0      0      0      0     52     16 
    0    576     53     54    100     72      0      0      0      0   3201   1980     61      0 119393 119394      0      0      0      0     50     17 
    0    561     53     56    100     75      0      0      0      0   3201   1980     31      0 119393 119394      0      0      0      0     52     16 
    0    579     54     56    100     56      0      0      0      0   3201   1935     49      0 119393 119394      0      0      0      0     67     18 
    0    539     49     50    100     73      0      0      0      0   3201   1980     22      0 119393 119394      0      0      0      0      0      0 
    0    525     53     55    100     66      0      0      0      0   3201   1965     29      0 119393 119394      0      0      0      0     58     17 
    0    452     47     46      0      0      0      0      0      0   3201   1980      2      0 119393 119394      0      0      0      0      0      0 
    0    140     45     43      0      0      0      0      0      0   3201   1980      0      0 119393 119394      0      0      0      0      0      1 
    0    152     48     43      0      0      0      0      0      0   3201   1980      0      0 119393 119394      0      0      0      0     52     16 
    0    566     51     53    100     73      0      0      0      0   3201   1980     32      0 119393 119394      0      0      0      0     58     17 
# gpu    pwr  gtemp  mtemp     sm    mem    enc    dec    jpg    ofa   mclk   pclk  pviol  tviol     fb   bar1   ccpm  sbecc  dbecc    pci  rxpci  txpci 
# Idx      W      C      C      %      %      %      %      %      %    MHz    MHz      %   bool     MB     MB     MB   errs   errs   errs   MB/s   MB/s 
    0    582     52     55    100     73      0      0      0      0   3201   1980     81      0 119393 119394      0      0      0      0     62     18 
    0    567     52     56    100     75      0      0      0      0   3201   1980     28      0 119393 119394      0      0      0      0     52     16 
    0    573     52     56    100     64      0      0      0      0   3201   1980     35      0 119393 119394      0      0      0      0     72     17 
    0    582     57     55    100     73      0      0      0      0   3201   1965     74      0 119393 119394      0      0      0      0     62     18 
    0    561     52     54    100     73      0      0      0      0   3201   1980     57      0 119393 119394      0      0      0      0     52     16 
    0    571     52     54    100     75      0      0      0      0   3201   1980     36      0 119393 119394      0      0      0      0     52     16 
    0    360     45     44      0      0      0      0      0      0   3201   1980      0      0 119393 119394      0      0      0      0      0      0 
    0    430     51     54    100     75      0      0      0      0   3201   1980     30      0 119393 119394      0      0      0      0     51     16 
    0    577     52     54    100     72      0      0      0      0   3201   1980     56      0 119393 119394      0      0      0      0     67     16 
    0    597     53     55    100     70      0      0      0      0   3201   1965     86      0 119393 119394      0      0      0      0     71     18 
    0    582     53     54    100     64      0      0      0      0   3201   1965     62      0 119393 119394      0      0      0      0     58     17 
    0    514     48     48    100     75      0      0      0      0   3201   1980      6      0 119393 119394      0      0      0      0      0      0 
    0    547     53     55    100     57      0      0      0      0   3201   1965     65      0 119393 119394      0      0      0      0     62     18 
    0    582     53     55    100     72      0      0      0      0   3201   1965     80      0 119393 119394      0      0      0      0     59     17 
    0    520     48     49     49     37      0      0      0      0   3201   1980     11      0 119393 119394      0      0      0      0      0      0 
    0    547     55     53    100     73      0      0      0      0   3201   1935     40      0 119393 119394      0      0      0      0     67     17 
    0    572     53     54    100     73      0      0      0      0   3201   1905     61      0 119393 119394      0      0      0      0     57     16 
    0    582     53     56    100     73      0      0      0      0   3201   1965     99      0 119393 119394      0      0      0      0     67     19 
    0    467     47     46      0      0      0      0      0      0   3201   1980      0      0 119393 119394      0      0      0      0     66     16 
    0    571     52     53    100     73      0      0      0      0   3201   1965     65      0 119393 119394      0      0      0      0     59     17 
    0    593     53     56    100     71      0      0      0      0   3201   1965     93      0 119393 119394      0      0      0      0     79     18 
    0    424     46     45      0      0      0      0      0      0   3201   1980      0      0 119393 119394      0      0      0      0      0      0 
