# gpu    pwr  gtemp  mtemp     sm    mem    enc    dec    jpg    ofa   mclk   pclk  pviol  tviol     fb   bar1   ccpm  sbecc  dbecc    pci  rxpci  txpci 
# Idx      W      C      C      %      %      %      %      %      %    MHz    MHz      %   bool     MB     MB     MB   errs   errs   errs   MB/s   MB/s 
    0    168     42     43     15     12      0      0      0      0   3201   1980      0      0 119389 119390      0      0      0      0      0      0 
    0    146     39     37      0      0      0      0      0      0   3201   1980      0      0 119389 119390      0      0      0      0      0      0 
    0    134     38     36      0      0      0      0      0      0   3201   1980      0      0 119389 119390      0      0      0      0      0      0 
    0    134     38     36      0      0      0      0      0      0   3201   1980      0      0 119389 119390      0      0      0      0      0      1 
    0    133     38     36      0      0      0      0      0      0   3201   1980      0      0 119389 119390      0      0      0      0      0      0 
    0    133     38     36      0      0      0      0      0      0   3201   1980      0      0 119389 119390      0      0      0      0      0      1 
    0    133     37     36      0      0      0      0      0      0   3201   1980      0      0 119389 119390      0      0      0      0      0      0 
    0    133     37     36      0      0      0      0      0      0   3201   1980      0      0 119389 119390      0      0      0      0      0      0 
    0    133     37     35      0      0      0      0      0      0   3201   1980      0      0 119389 119390      0      0      0      0      0      0 
    0    133     37     35      0      0      0      0      0      0   3201   1980      0      0 119389 119390      0      0      0      0      0      1 
    0    133     37     35      0      0      0      0      0      0   3201   1980      0      0 119389 119390      0      0      0      0      0      0 
    0    132     37     35      0      0      0      0      0      0   3201   1980      0      0 119389 119390      0      0      0      0      0      1 
    0    132     37     35      0      0      0      0      0      0   3201   1980      0      0 119389 119390      0      0      0      0      0      0 
    0    515     45     48    100     72      0      0      0      0   3201   1980     70      0 119393 119394      0      0      0      0     84     19 
    0    574     46     49    100     67      0      0      0      0   3201   1980     56      0 119393 119394      0      0      0      0     87     17 
    0    588     47     49    100     70      0      0      0      0   3201   1980     49      0 119393 119394      0      0      0      0     57     18 
    0    586     48     49    100     61      0      0      0      0   3201   1965     44      0 119393 119394      0      0      0      0     85     18 
    0    592     49     50    100     70      0      0      0      0   3201   1965    100      0 119393 119394      0      0      0      0     99     19 
    0    582     49     52    100     71      0      0      0      0   3201   1965     75      0 119393 119394      0      0      0      0     94     18 
    0    599     48     52    100     75      0      0      0      0   3201   1980     83      0 119393 119394      0      0      0      0    105     20 
    0    618     49     50    100     75      0      0      0      0   3201   1965    100      0 119393 119394      0      0      0      0    105     21 
    0    575     49     51    100     73      0      0      0      0   3201   1980     77      0 119393 119394      0      0      0      0     83     17 
    0    617     52     52    100     63      0      0      0      0   3201   1950    100      0 119393 119394      0      0      0      0    121     21 
    0    608     52     51    100     54      0      0      0      0   3201   1935     72      0 119393 119394      0      0      0      0     98     19 
    0    591     53     52    100     66      0      0      0      0   3201   1965     78      0 119393 119394      0      0      0      0     72     19 
    0    582     51     53    100     66      0      0      0      0   3201   1980     50      0 119393 119394      0      0      0      0     70     21 
    0    581     52     51    100     71      0      0      0      0   3201   1965     96      0 119393 119394      0      0      0      0     61     18 
    0    578     52     52    100     66      0      0      0      0   3201   1965     52      0 119393 119394      0      0      0      0     90     20 
    0    609     52     53    100     67      0      0      0      0   3201   1965    100      0 119393 119394      0      0      0      0     91     19 
    0    586     51     54    100     72      0      0      0      0   3201   1965     74      0 119393 119394      0      0      0      0     80     18 
    0    572     51     53    100     72      0      0      0      0   3201   1980     83      0 119393 119394      0      0      0      0     58     16 
    0    531     51     53    100     71      0      0      0      0   3201   1965     21      0 119393 119394      0      0      0      0     94     20 
    0    590     51     53    100     72      0      0      0      0   3201   1965     95      0 119393 119394      0      0      0      0    106     19 
    0    577     51     54    100     72      0      0      0      0   3201   1965     64      0 119393 119394      0      0      0      0    101     22 
    0    612     55     54    100     64      0      0      0      0   3201   1965     85      0 119393 119394      0      0      0      0     91     20 
    0    589     55     53    100     65      0      0      0      0   3201   1950    100      0 119393 119394      0      0      0      0    111     22 
    0    597     52     54    100     72      0      0      0      0   3201   1965    100      0 119393 119394      0      0      0      0    109     26 
    0    367     45     43      0      0      0      0      0      0   3201   1980     10      0 119393 119394      0      0      0      0      0      1 
