# gpu    pwr  gtemp  mtemp     sm    mem    enc    dec    jpg    ofa   mclk   pclk  pviol  tviol     fb   bar1   ccpm  sbecc  dbecc    pci  rxpci  txpci 
# Idx      W      C      C      %      %      %      %      %      %    MHz    MHz      %   bool     MB     MB     MB   errs   errs   errs   MB/s   MB/s 
    0    134     38     37      0      0      0      0      0      0   3201   1980      0      0 119389 119390      0      0      0      0      0      0 
    0    134     38     36      0      0      0      0      0      0   3201   1980      0      0 119389 119390      0      0      0      0      0      0 
    0    133     38     36      0      0      0      0      0      0   3201   1980      0      0 119389 119390      0      0      0      0      0      0 
    0    133     38     36      0      0      0      0      0      0   3201   1980      0      0 119389 119390      0      0      0      0      0      0 
    0    133     37     36      0      0      0      0      0      0   3201   1980      0      0 119389 119390      0      0      0      0      0      0 
    0    133     37     36      0      0      0      0      0      0   3201   1980      0      0 119389 119390      0      0      0      0      0      0 
    0    133     37     35      0      0      0      0      0      0   3201   1980      0      0 119389 119390      0      0      0      0      0      0 
    0    133     37     35      0      0      0      0      0      0   3201   1980      0      0 119389 119390      0      0      0      0      0      0 
    0    133     37     35      0      0      0      0      0      0   3201   1980      0      0 119389 119390      0      0      0      0      0      0 
    0    132     37     35      0      0      0      0      0      0   3201   1980      0      0 119389 119390      0      0      0      0      0      0 
    0    132     37     35      0      0      0      0      0      0   3201   1980      0      0 119389 119390      0      0      0      0      0      0 
    0    132     36     35      0      0      0      0      0      0   3201   1980      0      0 119389 119390      0      0      0      0      0      0 
    0    132     36     35      0      0      0      0      0      0   3201   1980      0      0 119389 119390      0      0      0      0      0      0 
    0    366     43     47    100     75      0      0      0      0   3201   1980      0      0 119393 119394      0      0      0      0     94     17 
    0    563     45     49    100     75      0      0      0      0   3201   1965     17      0 119393 119394      0      0      0      0     60     17 
    0    559     46     49    100     68      0      0      0      0   3201   1965     55      0 119393 119394      0      0      0      0     57     17 
    0    391     40     40      0      0      0      0      0      0   3201   1980     19      0 119393 119394      0      0      0      0     52     16 
    0    400     40     40      0      0      0      0      0      0   3201   1980      0      0 119393 119394      0      0      0      0      0      0 
    0    312     45     48    100     75      0      0      0      0   3201   1965     21      0 119393 119394      0      0      0      0     52     17 
    0    533     47     49    100     71      0      0      0      0   3201   1965     15      0 119393 119394      0      0      0      0     59     17 
    0    553     47     51    100     75      0      0      0      0   3201   1980     52      0 119393 119394      0      0      0      0      0      0 
    0    330     46     48    100     72      0      0      0      0   3201   1965     40      0 119393 119394      0      0      0      0     73     17 
    0    492     47     49    100     76      0      0      0      0   3201   1980      1      0 119393 119394      0      0      0      0     52     16 
    0    510     44     46     93     70      0      0      0      0   3201   1980      0      0 119393 119394      0      0      0      0      0      0 
    0    437     47     52    100     75      0      0      0      0   3201   1980      0      0 119393 119394      0      0      0      0      0      1 
    0    136     40     39      0      0      0      0      0      0   3201   1980      0      0 119393 119394      0      0      0      0      0      0 
    0    461     46     45     81     61      0      0      0      0   3201   1980      0      0 119393 119394      0      0      0      0     52     17 
    0    550     47     50     51     35      0      0      0      0   3201   1980      2      0 119393 119394      0      0      0      0     59     16 
    0    562     48     52    100     73      0      0      0      0   3201   1980     53      0 119393 119394      0      0      0      0     60     16 
    0    258     45     42      0      0      0      0      0      0   3201   1980      0      0 119393 119394      0      0      0      0     52     16 
    0    569     48     52    100     67      0      0      0      0   3201   1980     32      0 119393 119394      0      0      0      0     52     18 
    0    554     48     52    100     73      0      0      0      0   3201   1980      0      0 119393 119394      0      0      0      0     59     16 
    0    560     49     52    100     73      0      0      0      0   3201   1980     32      0 119393 119394      0      0      0      0     49     19 
    0    564     49     53    100     75      0      0      0      0   3201   1980     63      0 119393 119394      0      0      0      0     52     16 
    0    257     43     41      0      0      0      0      0      0   3201   1980      0      0 119393 119394      0      0      0      0     47     17 
    0    568     49     51    100     73      0      0      0      0   3201   1980      0      0 119393 119394      0      0      0      0     67     17 
    0    555     49     53    100     73      0      0      0      0   3201   1980     33      0 119393 119394      0      0      0      0     59     18 
    0    583     50     53    100     61      0      0      0      0   3201   1965     74      0 119393 119394      0      0      0      0     73     18 
    0    577     51     53    100     73      0      0      0      0   3201   1980     54      0 119393 119394      0      0      0      0     59     17 
    0    387     43     43      0      0      0      0      0      0   3201   1980      0      0 119393 119394      0      0      0      0      0      0 
    0    137     42     40      0      0      0      0      0      0   3201   1980      0      0 119393 119394      0      0      0      0      0     10 
    0    551     49     51    100     70      0      0      0      0   3201   1965     58      0 119393 119394      0      0      0      0     63     16 
    0    573     50     53    100     72      0      0      0      0   3201   1980     41      0 119393 119394      0      0      0      0     67     20 
    0    574     50     52    100     73      0      0      0      0   3201   1980     48      0 119393 119394      0      0      0      0     47     16 
# gpu    pwr  gtemp  mtemp     sm    mem    enc    dec    jpg    ofa   mclk   pclk  pviol  tviol     fb   bar1   ccpm  sbecc  dbecc    pci  rxpci  txpci 
# Idx      W      C      C      %      %      %      %      %      %    MHz    MHz      %   bool     MB     MB     MB   errs   errs   errs   MB/s   MB/s 
    0    507     50     52    100     73      0      0      0      0   3201   1980     29      0 119393 119394      0      0      0      0      4      1 
    0    472     49     52    100     73      0      0      0      0   3201   1980      0      0 119393 119394      0      0      0      0      0      0 
    0    139     42     41      0      0      0      0      0      0   3201   1980      0      0 119393 119394      0      0      0      0      0      1 
    0    538     49     52    100     75      0      0      0      0   3201   1980     34      0 119393 119394      0      0      0      0     54     16 
    0    174     42     41      0      0      0      0      0      0   3201   1980      0      0 119393 119394      0      0      0      0      0      1 
    0    491     49     52    100     73      0      0      0      0   3201   1980     32      0 119393 119394      0      0      0      0     47     16 
    0    574     50     52    100     63      0      0      0      0   3201   1965     61      0 119393 119394      0      0      0      0     78     20 
    0    566     50     51    100     70      0      0      0      0   3201   1965     63      0 119393 119394      0      0      0      0     49     15 
    0    571     50     52    100     67      0      0      0      0   3201   1965     71      0 119393 119394      0      0      0      0     67     18 
    0    518     46     47    100     75      0      0      0      0   3201   1980     34      0 119393 119394      0      0      0      0      0      0 
    0    352     49     52    100     73      0      0      0      0   3201   1965     29      0 119393 119394      0      0      0      0     53     17 
    0    563     50     53    100     67      0      0      0      0   3201   1980     34      0 119393 119394      0      0      0      0     65     18 
    0    574     50     54    100     72      0      0      0      0   3201   1980     33      0 119393 119394      0      0      0      0     59     18 
    0    500     50     52    100     73      0      0      0      0   3201   1980     34      0 119393 119394      0      0      0      0     58     17 
    0    564     51     54    100     69      0      0      0      0   3201   1980     45      0 119393 119394      0      0      0      0     46     17 
    0    325     44     43      0      0      0      0      0      0   3201   1980      0      0 119393 119394      0      0      0      0      0      0 
    0    409     51     52    100     73      0      0      0      0   3201   1965     39      0 119393 119394      0      0      0      0     67     18 
    0    566     51     54    100     67      0      0      0      0   3201   1965     45      0 119393 119394      0      0      0      0     68     17 
    0    397     44     43      0      0      0      0      0      0   3201   1980      7      0 119393 119394      0      0      0      0      0      1 
    0    428     50     52    100     73      0      0      0      0   3201   1980     30      0 119393 119394      0      0      0      0     48     16 
    0    475     50     53    100     75      0      0      0      0   3201   1980      0      0 119393 119394      0      0      0      0     50     17 
    0    560     50     54    100     73      0      0      0      0   3201   1980     48      0 119393 119394      0      0      0      0      0      0 
    0    526     50     52    100     73      0      0      0      0   3201   1980      0      0 119393 119394      0      0      0      0     20      1 
    0    424     50     52    100     73      0      0      0      0   3201   1965     16      0 119393 119394      0      0      0      0     67     17 
    0    411     48     50     57     39      0      0      0      0   3201   1980      7      0 119393 119394      0      0      0      0     51     17 
    0    565     50     54    100     75      0      0      0      0   3201   1980      0      0 119393 119394      0      0      0      0     85     16 
    0    568     51     55    100     75      0      0      0      0   3201   1980     30      0 119393 119394      0      0      0      0     34      1 
    0    207     48     48     62     43      0      0      0      0   3201   1980      0      0 119393 119394      0      0      0      0     47     16 
    0    564     50     53    100     73      0      0      0      0   3201   1980      0      0 119393 119394      0      0      0      0     59     18 
    0    577     51     54    100     67      0      0      0      0   3201   1935     55      0 119393 119394      0      0      0      0     58     16 
    0    567     51     54    100     61      0      0      0      0   3201   1980     29      0 119393 119394      0      0      0      0     73     19 
    0    566     51     54    100     73      0      0      0      0   3201   1980      0      0 119393 119394      0      0      0      0     58     16 
    0    570     51     53    100     73      0      0      0      0   3201   1980      0      0 119393 119394      0      0      0      0     52     17 
    0    569     51     55    100     73      0      0      0      0   3201   1980     56      0 119393 119394      0      0      0      0     50     16 
    0    392     50     53    100     75      0      0      0      0   3201   1980      0      0 119393 119394      0      0      0      0     59     18 
    0    461     45     45      0      0      0      0      0      0   3201   1980     28      0 119393 119394      0      0      0      0      0      0 
    0    450     46     46     32     25      0      0      0      0   3201   1980      0      0 119393 119394      0      0      0      0     52     17 
    0    565     51     53    100     73      0      0      0      0   3201   1980     29      0 119393 119394      0      0      0      0     59     17 
    0    332     49     52      0      0      0      0      0      0   3201   1980      0      0 119393 119394      0      0      0      0     52     18 
    0    568     51     55    100     75      0      0      0      0   3201   1980      0      0 119393 119394      0      0      0      0     51     16 
    0    176     43     42      0      0      0      0      0      0   3201   1980      0      0 119393 119394      0      0      0      0      0      0 
    0    138     42     41      0      0      0      0      0      0   3201   1980      0      0 119393 119394      0      0      0      0      0      0 
    0    267     48     50    100     69      0      0      0      0   3201   1965     24      0 119393 119394      0      0      0      0     59     16 
    0    440     49     52    100     68      0      0      0      0   3201   1980      6      0 119393 119394      0      0      0      0     59     17 
# gpu    pwr  gtemp  mtemp     sm    mem    enc    dec    jpg    ofa   mclk   pclk  pviol  tviol     fb   bar1   ccpm  sbecc  dbecc    pci  rxpci  txpci 
# Idx      W      C      C      %      %      %      %      %      %    MHz    MHz      %   bool     MB     MB     MB   errs   errs   errs   MB/s   MB/s 
    0    563     50     52    100     73      0      0      0      0   3201   1980      0      0 119393 119394      0      0      0      0     47      1 
    0    439     47     48    100     75      0      0      0      0   3201   1980      0      0 119393 119394      0      0      0      0      0      8 
    0    552     50     53    100     61      0      0      0      0   3201   1965     29      0 119393 119394      0      0      0      0     58     17 
    0    558     50     53    100     73      0      0      0      0   3201   1980     36      0 119393 119394      0      0      0      0     53     16 
    0    550     51     54    100     75      0      0      0      0   3201   1980     34      0 119393 119394      0      0      0      0      0      0 
    0    434     46     47    100     75      0      0      0      0   3201   1980      0      0 119393 119394      0      0      0      0      0      0 
    0    139     43     42      0      0      0      0      0      0   3201   1980      0      0 119393 119394      0      0      0      0     47     16 
    0    439     44     43     27     21      0      0      0      0   3201   1965      4      0 119393 119394      0      0      0      0     59     16 
    0    554     53     52    100     68      0      0      0      0   3201   1965     62      0 119393 119394      0      0      0      0     59     17 
    0    564     51     52    100     72      0      0      0      0   3201   1980     64      0 119393 119394      0      0      0      0     52     17 
    0    554     51     53    100     73      0      0      0      0   3201   1980      0      0 119393 119394      0      0      0      0     52     16 
    0    314     49     52    100     74      0      0      0      0   3201   1980      0      0 119393 119394      0      0      0      0     52     16 
    0    579     51     53    100     72      0      0      0      0   3201   1980     33      0 119393 119394      0      0      0      0     62     18 
    0    562     51     54    100     73      0      0      0      0   3201   1980     41      0 119393 119394      0      0      0      0     55     16 
    0    295     48     50     13      6      0      0      0      0   3201   1980      0      0 119393 119394      0      0      0      0     52     16 
    0    568     50     53    100     73      0      0      0      0   3201   1980     30      0 119393 119394      0      0      0      0     69     18 
    0    572     51     54    100     69      0      0      0      0   3201   1965     42      0 119393 119394      0      0      0      0     59     17 
    0    573     51     54    100     73      0      0      0      0   3201   1980     55      0 119393 119394      0      0      0      0      0      0 
    0    263     49     50     85     60      0      0      0      0   3201   1980      0      0 119393 119394      0      0      0      0     50     16 
    0    570     52     53    100     68      0      0      0      0   3201   1980      2      0 119393 119394      0      0      0      0     80     17 
    0    562     51     55     72     54      0      0      0      0   3201   1980     31      0 119393 119394      0      0      0      0      0      1 
