# gpu    pwr  gtemp  mtemp     sm    mem    enc    dec    jpg    ofa   mclk   pclk  pviol  tviol     fb   bar1   ccpm  sbecc  dbecc    pci  rxpci  txpci 
# Idx      W      C      C      %      %      %      %      %      %    MHz    MHz      %   bool     MB     MB     MB   errs   errs   errs   MB/s   MB/s 
    0    169     38     37     55     43      0      0      0      0   3201   1980      0      0 119389 119390      0      0      0      0      0      0 
    0    140     37     36      0      0      0      0      0      0   3201   1980      0      0 119389 119390      0      0      0      0      0      1 
    0    133     37     35      0      0      0      0      0      0   3201   1980      0      0 119389 119390      0      0      0      0      0      0 
    0    133     37     35      0      0      0      0      0      0   3201   1980      0      0 119389 119390      0      0      0      0      0      1 
    0    133     37     35      0      0      0      0      0      0   3201   1980      0      0 119389 119390      0      0      0      0      0      0 
    0    133     37     35      0      0      0      0      0      0   3201   1980      0      0 119389 119390      0      0      0      0      0      1 
    0    132     37     35      0      0      0      0      0      0   3201   1980      0      0 119389 119390      0      0      0      0      0      0 
    0    132     37     35      0      0      0      0      0      0   3201   1980      0      0 119389 119390      0      0      0      0      0      1 
    0    132     36     35      0      0      0      0      0      0   3201   1980      0      0 119389 119390      0      0      0      0      0      0 
    0    132     36     35      0      0      0      0      0      0   3201   1980      0      0 119389 119390      0      0      0      0      0      1 
    0    132     36     35      0      0      0      0      0      0   3201   1980      0      0 119389 119390      0      0      0      0      0      0 
    0    132     36     35      0      0      0      0      0      0   3201   1980      0      0 119389 119390      0      0      0      0      0      1 
    0    132     36     34      0      0      0      0      0      0   3201   1980      0      0 119389 119390      0      0      0      0      0      0 
    0    138     36     35      0      0      0      0      0      0   3201   1980      0      0 119391 119392      0      0      0      0      0      0 
    0    132     36     34      0      0      0      0      0      0   3201   1980      0      0 119393 119394      0      0      0      0      0      5 
    0    375     43     44    100     72      0      0      0      0   3201   1980      0      0 119393 119394      0      0      0      0     94     18 
    0    388     43     44    100     76      0      0      0      0   3201   1980      0      0 119393 119394      0      0      0      0     46     23 
    0    341     38     37      0      0      0      0      0      0   3201   1980      0      0 119393 119394      0      0      0      0      0      0 
    0    359     45     47    100     73      0      0      0      0   3201   1980      0      0 119393 119394      0      0      0      0     53     15 
    0    523     46     49    100     73      0      0      0      0   3201   1980      0      0 119393 119394      0      0      0      0     52     16 
    0    525     42     43    100     76      0      0      0      0   3201   1980      0      0 119393 119394      0      0      0      0      0      0 
    0    375     46     48    100     73      0      0      0      0   3201   1980      0      0 119393 119394      0      0      0      0     61     17 
    0    485     47     51    100     76      0      0      0      0   3201   1980      0      0 119393 119394      0      0      0      0     44      0 
    0    443     41     41     14     10      0      0      0      0   3201   1980      0      0 119393 119394      0      0      0      0      0      0 
    0    424     42     42     48     36      0      0      0      0   3201   1980      0      0 119393 119394      0      0      0      0      0      0 
    0    141     42     41      0      0      0      0      0      0   3201   1980      0      0 119393 119394      0      0      0      0     47     16 
    0    506     46     49    100     76      0      0      0      0   3201   1980      0      0 119393 119394      0      0      0      0     51     18 
    0    534     47     49     86     63      0      0      0      0   3201   1980      0      0 119393 119394      0      0      0      0     57     15 
    0    554     48     52    100     73      0      0      0      0   3201   1980      0      0 119393 119394      0      0      0      0     51     16 
    0    248     46     48    100     76      0      0      0      0   3201   1980      0      0 119393 119394      0      0      0      0     51     16 
    0    561     48     52    100     73      0      0      0      0   3201   1980      0      0 119393 119394      0      0      0      0     58     15 
    0    546     49     52    100     73      0      0      0      0   3201   1980      0      0 119393 119394      0      0      0      0     66     17 
    0    561     51     53    100     76      0      0      0      0   3201   1980      0      0 119393 119394      0      0      0      0     58     16 
    0    562     49     52    100     76      0      0      0      0   3201   1980      0      0 119393 119394      0      0      0      0     51      8 
    0    241     47     49    100     76      0      0      0      0   3201   1980      0      0 119393 119394      0      0      0      0     50     17 
    0    563     49     52    100     72      0      0      0      0   3201   1980      0      0 119393 119394      0      0      0      0     57     16 
    0    558     50     53    100     73      0      0      0      0   3201   1980      0      0 119393 119394      0      0      0      0     59     17 
    0    564     50     53    100     71      0      0      0      0   3201   1980      0      0 119393 119394      0      0      0      0     72     17 
    0    561     50     54    100     73      0      0      0      0   3201   1980      0      0 119393 119394      0      0      0      0     50     17 
    0    326     43     42      0      0      0      0      0      0   3201   1980      0      0 119393 119394      0      0      0      0      0      0 
    0    143     45     41      0      0      0      0      0      0   3201   1980      0      0 119393 119394      0      0      0      0     58     17 
    0    560     50     52    100     73      0      0      0      0   3201   1980      0      0 119393 119394      0      0      0      0     57     15 
    0    558     52     53    100     73      0      0      0      0   3201   1980      0      0 119393 119394      0      0      0      0     62     18 
    0    563     51     55    100     75      0      0      0      0   3201   1980      0      0 119393 119394      0      0      0      0      0      0 
# gpu    pwr  gtemp  mtemp     sm    mem    enc    dec    jpg    ofa   mclk   pclk  pviol  tviol     fb   bar1   ccpm  sbecc  dbecc    pci  rxpci  txpci 
# Idx      W      C      C      %      %      %      %      %      %    MHz    MHz      %   bool     MB     MB     MB   errs   errs   errs   MB/s   MB/s 
    0    473     47     48    100     73      0      0      0      0   3201   1980      0      0 119393 119394      0      0      0      0      0      1 
    0    453     45     44      0      0      0      0      0      0   3201   1980      0      0 119393 119394      0      0      0      0      0      0 
    0    139     43     41      0      0      0      0      0      0   3201   1980      0      0 119393 119394      0      0      0      0     48     17 
    0    541     46     46    100     76      0      0      0      0   3201   1980      0      0 119393 119394      0      0      0      0      0      0 
    0    139     43     41      0      0      0      0      0      0   3201   1980      0      0 119393 119394      0      0      0      0      0      1 
    0    543     50     52    100     76      0      0      0      0   3201   1980      0      0 119393 119394      0      0      0      0     51     16 
    0    578     51     52    100     71      0      0      0      0   3201   1980      0      0 119393 119394      0      0      0      0     80     19 
    0    559     51     54    100     75      0      0      0      0   3201   1980      0      0 119393 119394      0      0      0      0     51     16 
    0    566     51     55    100     73      0      0      0      0   3201   1980      0      0 119393 119394      0      0      0      0     55     18 
    0    451     45     44      0      0      0      0      0      0   3201   1980      0      0 119393 119394      0      0      0      0      0      0 
    0    409     50     54    100     73      0      0      0      0   3201   1980      0      0 119393 119394      0      0      0      0     52     16 
    0    560     51     53    100     74      0      0      0      0   3201   1980      0      0 119393 119394      0      0      0      0     68     17 
    0    559     51     54    100     73      0      0      0      0   3201   1980      0      0 119393 119394      0      0      0      0     50     16 
    0    491     51     52    100     73      0      0      0      0   3201   1980      0      0 119393 119394      0      0      0      0     57     15 
    0    563     52     55    100     76      0      0      0      0   3201   1980      0      0 119393 119394      0      0      0      0     47     16 
    0    261     44     43      0      0      0      0      0      0   3201   1980      0      0 119393 119394      0      0      0      0      0      0 
    0    463     51     54    100     72      0      0      0      0   3201   1980      0      0 119393 119394      0      0      0      0     55     17 
    0    564     51     53    100     72      0      0      0      0   3201   1980      0      0 119393 119394      0      0      0      0     52     15 
    0    331     45     43      0      0      0      0      0      0   3201   1980      0      0 119393 119394      0      0      0      0      0      0 
    0    445     51     52    100     74      0      0      0      0   3201   1980      0      0 119393 119394      0      0      0      0     52     16 
    0    463     51     54    100     76      0      0      0      0   3201   1980      0      0 119393 119394      0      0      0      0     57     15 
    0    532     48     48    100     76      0      0      0      0   3201   1980      0      0 119393 119394      0      0      0      0     52     16 
    0    536     48     49     75     57      0      0      0      0   3201   1980      0      0 119393 119394      0      0      0      0      0      0 
    0    436     51     53    100     73      0      0      0      0   3201   1980      0      0 119393 119394      0      0      0      0     52     16 
    0    406     50     55    100     76      0      0      0      0   3201   1980      0      0 119393 119394      0      0      0      0     52     16 
    0    568     52     54    100     76      0      0      0      0   3201   1980      0      0 119393 119394      0      0      0      0     52     16 
    0    543     49     50     91     69      0      0      0      0   3201   1980      0      0 119393 119394      0      0      0      0      0      0 
    0    213     49     51    100     76      0      0      0      0   3201   1980      0      0 119393 119394      0      0      0      0     52     16 
    0    566     51     54    100     73      0      0      0      0   3201   1980      0      0 119393 119394      0      0      0      0     66     18 
    0    560     52     53    100     73      0      0      0      0   3201   1980      0      0 119393 119394      0      0      0      0     57     16 
    0    564     52     56    100     72      0      0      0      0   3201   1980      0      0 119393 119394      0      0      0      0     66     18 
    0    562     52     56    100     73      0      0      0      0   3201   1980      0      0 119393 119394      0      0      0      0     51     18 
    0    566     52     54    100     76      0      0      0      0   3201   1980      0      0 119393 119394      0      0      0      0     52     17 
    0    565     52     56    100     76      0      0      0      0   3201   1980      0      0 119393 119394      0      0      0      0      0      0 
    0    380     52     54    100     73      0      0      0      0   3201   1980      0      0 119393 119394      0      0      0      0     57     17 
    0    401     46     44      0      0      0      0      0      0   3201   1980      0      0 119393 119394      0      0      0      0     58     16 
    0    496     51     53      1      1      0      0      0      0   3201   1980      0      0 119393 119394      0      0      0      0     52     16 
    0    566     52     53    100     73      0      0      0      0   3201   1980      0      0 119393 119394      0      0      0      0     50     16 
    0    326     51     52    100     76      0      0      0      0   3201   1980      0      0 119393 119394      0      0      0      0     52     16 
    0    568     52     55    100     76      0      0      0      0   3201   1980      0      0 119393 119394      0      0      0      0      0      0 
    0    140     44     43      0      0      0      0      0      0   3201   1980      0      0 119393 119394      0      0      0      0      0      0 
    0    139     43     42      0      0      0      0      0      0   3201   1980      0      0 119393 119394      0      0      0      0      0      0 
    0    322     49     52    100     73      0      0      0      0   3201   1980      0      0 119393 119394      0      0      0      0     58     15 
    0    425     50     52    100     73      0      0      0      0   3201   1980      0      0 119393 119394      0      0      0      0     57     15 
# gpu    pwr  gtemp  mtemp     sm    mem    enc    dec    jpg    ofa   mclk   pclk  pviol  tviol     fb   bar1   ccpm  sbecc  dbecc    pci  rxpci  txpci 
# Idx      W      C      C      %      %      %      %      %      %    MHz    MHz      %   bool     MB     MB     MB   errs   errs   errs   MB/s   MB/s 
    0    530     48     49    100     74      0      0      0      0   3201   1980      0      0 119393 119394      0      0      0      0      0      0 
    0    429     46     46    100     76      0      0      0      0   3201   1980      0      0 119393 119394      0      0      0      0     52     16 
    0    565     51     53    100     73      0      0      0      0   3201   1980      0      0 119393 119394      0      0      0      0     61     16 
    0    559     51     55    100     73      0      0      0      0   3201   1980      0      0 119393 119394      0      0      0      0     52     16 
    0    478     46     46     53     40      0      0      0      0   3201   1980      0      0 119393 119394      0      0      0      0      0      0 
    0    435     46     45     64     49      0      0      0      0   3201   1980      0      0 119393 119394      0      0      0      0      0      0 
    0    183     47     49     37     27      0      0      0      0   3201   1980      0      0 119393 119394      0      0      0      0     48     15 
    0    442     49     51     52     37      0      0      0      0   3201   1980      0      0 119393 119394      0      0      0      0     64     17 
    0    560     51     55    100     73      0      0      0      0   3201   1980      0      0 119393 119394      0      0      0      0     58     16 
    0    563     51     53    100     73      0      0      0      0   3201   1980      0      0 119393 119394      0      0      0      0     55     16 
    0    555     51     55    100     75      0      0      0      0   3201   1980      0      0 119393 119394      0      0      0      0      5      0 
    0    302     50     53    100     76      0      0      0      0   3201   1980      0      0 119393 119394      0      0      0      0     47     16 
    0    562     51     53    100     72      0      0      0      0   3201   1980      0      0 119393 119394      0      0      0      0     50     16 
    0    559     52     53    100     73      0      0      0      0   3201   1980      0      0 119393 119394      0      0      0      0      0      0 
    0    288     50     52    100     76      0      0      0      0   3201   1980      0      0 119393 119394      0      0      0      0     47     16 
    0    565     51     53    100     75      0      0      0      0   3201   1980      0      0 119393 119394      0      0      0      0     58     16 
    0    565     52     55    100     72      0      0      0      0   3201   1980      0      0 119393 119394      0      0      0      0     63     17 
    0    538     49     52    100     73      0      0      0      0   3201   1980      0      0 119393 119394      0      0      0      0      0      0 
    0    315     51     53    100     76      0      0      0      0   3201   1980      0      0 119393 119394      0      0      0      0     52     16 
    0    569     52     54    100     71      0      0      0      0   3201   1980      0      0 119393 119394      0      0      0      0     72     16 
    0    490     47     46     87     66      0      0      0      0   3201   1980      0      0 119393 119394      0      0      0      0      0      0 
    0    140     44     42      0      0      0      0      0      0   3201   1980      0      0 119393 119394      0      0      0      0      0      0 
    0    138     43     41      0      0      0      0      0      0   3201   1980      0      0 119393 119394      0      0      0      0      0      0 
    0    138     43     41      0      0      0      0      0      0   3201   1980      0      0 119393 119394      0      0      0      0      0      1 
    0    137     42     40      0      0      0      0      0      0   3201   1980      0      0 119393 119394      0      0      0      0      0      0 
    0    137     42     40      0      0      0      0      0      0   3201   1980      0      0 119393 119394      0      0      0      0      0      1 
    0    137     41     39      0      0      0      0      0      0   3201   1980      0      0 119393 119394      0      0      0      0      0      0 
