# gpu    pwr  gtemp  mtemp     sm    mem    enc    dec    jpg    ofa   mclk   pclk  pviol  tviol     fb   bar1   ccpm  sbecc  dbecc    pci  rxpci  txpci 
# Idx      W      C      C      %      %      %      %      %      %    MHz    MHz      %   bool     MB     MB     MB   errs   errs   errs   MB/s   MB/s 
    0    136     39     37      0     30      0      0      0      0   3201   1980      0      0 119389 119390      0      0      0      0      0      0 
    0    138     39     37      0      0      0      0      0      0   3201   1980      0      0 119389 119390      0      0      0      0      0      1 
    0    135     39     37      0      0      0      0      0      0   3201   1980      0      0 119389 119390      0      0      0      0      0      0 
    0    134     38     37      0      0      0      0      0      0   3201   1980      0      0 119389 119390      0      0      0      0      0      1 
    0    133     38     36      0      0      0      0      0      0   3201   1980      0      0 119389 119390      0      0      0      0      0      0 
    0    133     38     36      0      0      0      0      0      0   3201   1980      0      0 119389 119390      0      0      0      0      0      0 
    0    133     38     36      0      0      0      0      0      0   3201   1980      0      0 119389 119390      0      0      0      0      0      0 
    0    133     38     36      0      0      0      0      0      0   3201   1980      0      0 119389 119390      0      0      0      0      0      0 
    0    133     37     35      0      0      0      0      0      0   3201   1980      0      0 119389 119390      0      0      0      0      0      0 
    0    133     37     36      0      0      0      0      0      0   3201   1980      0      0 119389 119390      0      0      0      0      0      0 
    0    133     37     35      0      0      0      0      0      0   3201   1980      0      0 119389 119390      0      0      0      0      0      0 
    0    133     37     35      0      0      0      0      0      0   3201   1980      0      0 119389 119390      0      0      0      0      0      0 
    0    133     37     35      0      0      0      0      0      0   3201   1980      0      0 119389 119390      0      0      0      0      0      0 
    0    246     42     45    100     74      0      0      0      0   3201   1980      0      0 119393 119394      0      0      0      0     51     16 
    0    345     42     38      0      0      0      0      0      0   3201   1980      0      0 119393 119394      0      0      0      0     51     15 
    0    463     44     46     50     34      0      0      0      0   3201   1980      0      0 119393 119394      0      0      0      0     51     16 
    0    520     46     48    100     75      0      0      0      0   3201   1980      0      0 119393 119394      0      0      0      0     51     16 
    0    463     41     41      0      0      0      0      0      0   3201   1980      0      0 119393 119394      0      0      0      0      0      0 
    0    523     46     51    100     74      0      0      0      0   3201   1965     32      0 119393 119394      0      0      0      0     51     16 
    0    269     40     39      0      0      0      0      0      0   3201   1980      0      0 119393 119394      0      0      0      0      0      0 
    0    205     44     45      0      0      0      0      0      0   3201   1980      0      0 119393 119394      0      0      0      0     52     16 
    0    322     40     39      0      0      0      0      0      0   3201   1980      0      0 119393 119394      0      0      0      0      0      0 
    0    135     39     37      0      0      0      0      0      0   3201   1980      0      0 119393 119394      0      0      0      0      0      1 
    0    134     38     37      0      0      0      0      0      0   3201   1980      0      0 119393 119394      0      0      0      0     51     16 
    0    552     46     49    100     75      0      0      0      0   3201   1980      0      0 119393 119394      0      0      0      0     51     17 
    0    198     39     38      0      0      0      0      0      0   3201   1980      0      0 119393 119394      0      0      0      0     46     16 
    0    536     46     50    100     75      0      0      0      0   3201   1980      0      0 119393 119394      0      0      0      0     51     17 
    0    500     47     49    100     75      0      0      0      0   3201   1980      0      0 119393 119394      0      0      0      0     51     16 
    0    230     40     39      0      0      0      0      0      0   3201   1980      0      0 119393 119394      0      0      0      0      0      1 
    0    135     39     37      0      0      0      0      0      0   3201   1980      0      0 119393 119394      0      0      0      0     39     16 
    0    527     47     50    100     73      0      0      0      0   3201   1980     28      0 119393 119394      0      0      0      0      0      1 
    0    162     43     40      0      0      0      0      0      0   3201   1980      0      0 119393 119394      0      0      0      0     51     16 
    0    412     40     40      0      0      0      0      0      0   3201   1980      0      0 119393 119394      0      0      0      0      0      1 
    0    405     46     50    100     76      0      0      0      0   3201   1980      0      0 119393 119394      0      0      0      0     51     12 
    0    174     39     38      0      0      0      0      0      0   3201   1980      0      0 119393 119394      0      0      0      0      0      1 
    0    412     46     50    100     74      0      0      0      0   3201   1980      0      0 119393 119394      0      0      0      0     49      1 
    0    169     39     38      0      0      0      0      0      0   3201   1980      0      0 119393 119394      0      0      0      0      0      1 
    0    135     39     37      0      0      0      0      0      0   3201   1980      0      0 119393 119394      0      0      0      0      0      0 
    0    135     38     37      0      0      0      0      0      0   3201   1980      0      0 119393 119394      0      0      0      0      0      1 
    0    436     40     40     13     10      0      0      0      0   3201   1980      0      0 119393 119394      0      0      0      0      0      0 
    0    269     45     48    100     74      0      0      0      0   3201   1980      0      0 119393 119394      0      0      0      0     51     16 
    0    524     43     44     80     60      0      0      0      0   3201   1980      0      0 119393 119394      0      0      0      0      0      0 
    0    247     45     46    100     68      0      0      0      0   3201   1980      0      0 119393 119394      0      0      0      0     50     16 
    0    435     45     48     26     15      0      0      0      0   3201   1980      0      0 119393 119394      0      0      0      0     58     15 
# gpu    pwr  gtemp  mtemp     sm    mem    enc    dec    jpg    ofa   mclk   pclk  pviol  tviol     fb   bar1   ccpm  sbecc  dbecc    pci  rxpci  txpci 
# Idx      W      C      C      %      %      %      %      %      %    MHz    MHz      %   bool     MB     MB     MB   errs   errs   errs   MB/s   MB/s 
    0    426     41     41      0      0      0      0      0      0   3201   1980     24      0 119393 119394      0      0      0      0      0      0 
    0    135     39     38      0      0      0      0      0      0   3201   1980      0      0 119393 119394      0      0      0      0      0      0 
    0    218     44     47    100     75      0      0      0      0   3201   1980      0      0 119393 119394      0      0      0      0     51     16 
    0    544     47     51    100     75      0      0      0      0   3201   1980      0      0 119393 119394      0      0      0      0     61     15 
    0    563     47     51    100     74      0      0      0      0   3201   1980     27      0 119393 119394      0      0      0      0      0      0 
    0    228     45     48     14      6      0      0      0      0   3201   1980      0      0 119393 119394      0      0      0      0     51     16 
    0    563     47     51    100     75      0      0      0      0   3201   1980      0      0 119393 119394      0      0      0      0      0      0 
    0    478     45     47    100     73      0      0      0      0   3201   1980      0      0 119393 119394      0      0      0      0      0      0 
    0    432     43     43     50     38      0      0      0      0   3201   1980      0      0 119393 119394      0      0      0      0     51     16 
    0    433     42     43     13     10      0      0      0      0   3201   1980      0      0 119393 119394      0      0      0      0     50     15 
    0    403     42     42      0      0      0      0      0      0   3201   1980      0      0 119393 119394      0      0      0      0      0      0 
    0    136     40     39      0      0      0      0      0      0   3201   1980      0      0 119393 119394      0      0      0      0      0      0 
    0    254     45     47     87     61      0      0      0      0   3201   1980      0      0 119393 119394      0      0      0      0     48     15 
    0    377     45     45      0      0      0      0      0      0   3201   1980      0      0 119393 119394      0      0      0      0     51     16 
    0    560     48     51    100     67      0      0      0      0   3201   1965     50      0 119393 119394      0      0      0      0     51     16 
    0    367     42     41      0      0      0      0      0      0   3201   1980     13      0 119393 119394      0      0      0      0     49     18 
    0    449     42     42     15     11      0      0      0      0   3201   1980     31      0 119393 119394      0      0      0      0      0      0 
    0    439     43     43    100     75      0      0      0      0   3201   1980      0      0 119393 119394      0      0      0      0      0      0 
    0    498     50     51    100     72      0      0      0      0   3201   1980     31      0 119393 119394      0      0      0      0     58     17 
    0    561     49     51    100     75      0      0      0      0   3201   1980      0      0 119393 119394      0      0      0      0      3      1 
    0    510     49     52    100     67      0      0      0      0   3201   1980      0      0 119393 119394      0      0      0      0     51     15 
    0    320     42     41      0      0      0      0      0      0   3201   1980      0      0 119393 119394      0      0      0      0      0      1 
    0    137     41     39      0      0      0      0      0      0   3201   1980      0      0 119393 119394      0      0      0      0      0      0 
    0    136     40     39      0      0      0      0      0      0   3201   1980      0      0 119393 119394      0      0      0      0      0      1 
    0    136     40     38      0      0      0      0      0      0   3201   1980      0      0 119393 119394      0      0      0      0     34     15 
    0    560     47     48    100     73      0      0      0      0   3201   1980     58      0 119393 119394      0      0      0      0     58     17 
    0    424     48     48    100     67      0      0      0      0   3201   1980      0      0 119393 119394      0      0      0      0     58     16 
    0    570     53     51    100     73      0      0      0      0   3201   1980      0      0 119393 119394      0      0      0      0     73     17 
    0    432     43     43      0      0      0      0      0      0   3201   1980      0      0 119393 119394      0      0      0      0     51     16 
    0    563     49     50    100     73      0      0      0      0   3201   1980     53      0 119393 119394      0      0      0      0     60     16 
    0    349     42     42      0      0      0      0      0      0   3201   1980      0      0 119393 119394      0      0      0      0      0      0 
    0    346     48     51    100     73      0      0      0      0   3201   1980     29      0 119393 119394      0      0      0      0     58     16 
    0    250     41     40      0      0      0      0      0      0   3201   1980      0      0 119393 119394      0      0      0      0      0      0 
    0    404     48     50    100     73      0      0      0      0   3201   1980      0      0 119393 119394      0      0      0      0     52     16 
    0    188     41     40      0      0      0      0      0      0   3201   1980      0      0 119393 119394      0      0      0      0      0      0 
    0    136     40     39      0      0      0      0      0      0   3201   1980      0      0 119393 119394      0      0      0      0      0      0 
    0    136     40     38      0      0      0      0      0      0   3201   1980      0      0 119393 119394      0      0      0      0      0      2 
    0    530     47     51    100     67      0      0      0      0   3201   1965     32      0 119393 119394      0      0      0      0     51     17 
    0    278     41     40      0      0      0      0      0      0   3201   1980      0      0 119393 119394      0      0      0      0      0      0 
    0    136     40     38      0      0      0      0      0      0   3201   1980      0      0 119393 119394      0      0      0      0      0      1 
    0    135     39     38      0      0      0      0      0      0   3201   1980      0      0 119393 119394      0      0      0      0      0      0 
    0    415     46     49    100     75      0      0      0      0   3201   1980      0      0 119393 119394      0      0      0      0      0      1 
    0    435     43     44     63     48      0      0      0      0   3201   1980      0      0 119393 119394      0      0      0      0      0      0 
    0    337     50     49    100     73      0      0      0      0   3201   1965     14      0 119393 119394      0      0      0      0     73     16 
# gpu    pwr  gtemp  mtemp     sm    mem    enc    dec    jpg    ofa   mclk   pclk  pviol  tviol     fb   bar1   ccpm  sbecc  dbecc    pci  rxpci  txpci 
# Idx      W      C      C      %      %      %      %      %      %    MHz    MHz      %   bool     MB     MB     MB   errs   errs   errs   MB/s   MB/s 
    0    554     48     51    100     73      0      0      0      0   3201   1965     33      0 119393 119394      0      0      0      0     66     16 
    0    562     48     52    100     73      0      0      0      0   3201   1980      7      0 119393 119394      0      0      0      0     50     15 
    0    372     48     52    100     75      0      0      0      0   3201   1980      0      0 119393 119394      0      0      0      0     46     16 
    0    501     48     52    100     73      0      0      0      0   3201   1980      0      0 119393 119394      0      0      0      0     49     16 
    0    552     49     52    100     73      0      0      0      0   3201   1980      0      0 119393 119394      0      0      0      0     51     16 
    0    507     49     52    100     75      0      0      0      0   3201   1980      0      0 119393 119394      0      0      0      0      0      0 
    0    138     41     40      0      0      0      0      0      0   3201   1980      0      0 119393 119394      0      0      0      0      0      0 
    0    180     44     43      6      3      0      0      0      0   3201   1980      0      0 119393 119394      0      0      0      0     51     16 
    0    529     45     48    100     75      0      0      0      0   3201   1980      0      0 119393 119394      0      0      0      0      0      0 
    0    427     48     50    100     73      0      0      0      0   3201   1980      0      0 119393 119394      0      0      0      0     51     16 
    0    335     47     51    100     75      0      0      0      0   3201   1980      2      0 119393 119394      0      0      0      0     50     16 
    0    535     46     48    100     75      0      0      0      0   3201   1980     28      0 119393 119394      0      0      0      0     53     20 
    0    452     43     43     22     17      0      0      0      0   3201   1980      0      0 119393 119394      0      0      0      0      0      0 
    0    224     46     48     15      6      0      0      0      0   3201   1965     27      0 119393 119394      0      0      0      0     51     16 
    0    386     46     47    100     75      0      0      0      0   3201   1980      4      0 119393 119394      0      0      0      0     51     16 
    0    520     45     46      0      0      0      0      0      0   3201   1980      0      0 119393 119394      0      0      0      0      0      0 
    0    379     48     52    100     75      0      0      0      0   3201   1980      0      0 119393 119394      0      0      0      0     50     16 
    0    199     41     40      0      0      0      0      0      0   3201   1980      0      0 119393 119394      0      0      0      0      0      0 
    0    136     40     39      0      0      0      0      0      0   3201   1980      0      0 119393 119394      0      0      0      0      0      0 
    0    290     47     49    100     68      0      0      0      0   3201   1950     12      0 119393 119394      0      0      0      0     57     16 
    0    500     47     50    100     76      0      0      0      0   3201   1980     19      0 119393 119394      0      0      0      0     48     15 
    0    474     48     52    100     75      0      0      0      0   3201   1980      0      0 119393 119394      0      0      0      0     51     17 
    0    497     48     52    100     73      0      0      0      0   3201   1980      0      0 119393 119394      0      0      0      0     58     15 
    0    294     42     41      0      0      0      0      0      0   3201   1980      0      0 119393 119394      0      0      0      0      0      1 
    0    136     41     39      0      0      0      0      0      0   3201   1980      0      0 119393 119394      0      0      0      0      0      0 
    0    291     46     49    100     75      0      0      0      0   3201   1980      0      0 119393 119394      0      0      0      0     51     17 
    0    501     44     44      0      0      0      0      0      0   3201   1980      0      0 119393 119394      0      0      0      0      0      0 
    0    137     41     39      0      0      0      0      0      0   3201   1980      0      0 119393 119394      0      0      0      0     51     17 
    0    413     42     41      0      0      0      0      0      0   3201   1980      0      0 119393 119394      0      0      0      0      0      0 
    0    489     48     52    100     74      0      0      0      0   3201   1980      0      0 119393 119394      0      0      0      0     46     17 
    0    203     41     40      0      0      0      0      0      0   3201   1980      0      0 119393 119394      0      0      0      0      0      0 
    0    506     48     52    100     75      0      0      0      0   3201   1980      0      0 119393 119394      0      0      0      0     52     16 
    0    251     41     40      0      0      0      0      0      0   3201   1980      0      0 119393 119394      0      0      0      0      0      0 
    0    265     46     49    100     75      0      0      0      0   3201   1980      0      0 119393 119394      0      0      0      0     51     17 
    0    485     48     51    100     75      0      0      0      0   3201   1980      0      0 119393 119394      0      0      0      0     51     16 
    0    222     41     40      0      0      0      0      0      0   3201   1980      0      0 119393 119394      0      0      0      0      0      0 
    0    325     47     48    100     74      0      0      0      0   3201   1980      0      0 119393 119394      0      0      0      0     49     16 
    0    360     46     48    100     75      0      0      0      0   3201   1980      0      0 119393 119394      0      0      0      0     52     15 
    0    303     41     40     55     37      0      0      0      0   3201   1980      0      0 119393 119394      0      0      0      0     51     16 
    0    560     48     50    100     75      0      0      0      0   3201   1965     32      0 119393 119394      0      0      0      0     53     16 
    0    250     41     40      0      0      0      0      0      0   3201   1980      0      0 119393 119394      0      0      0      0      0      0 
    0    136     40     39      0      0      0      0      0      0   3201   1980      0      0 119393 119394      0      0      0      0      0      1 
    0    298     46     48    100     75      0      0      0      0   3201   1980      0      0 119393 119394      0      0      0      0     52     15 
    0    420     47     49    100     75      0      0      0      0   3201   1980      0      0 119393 119394      0      0      0      0     51     18 
# gpu    pwr  gtemp  mtemp     sm    mem    enc    dec    jpg    ofa   mclk   pclk  pviol  tviol     fb   bar1   ccpm  sbecc  dbecc    pci  rxpci  txpci 
# Idx      W      C      C      %      %      %      %      %      %    MHz    MHz      %   bool     MB     MB     MB   errs   errs   errs   MB/s   MB/s 
    0    499     44     44     52     40      0      0      0      0   3201   1980      0      0 119393 119394      0      0      0      0      0      0 
    0    530     48     52    100     74      0      0      0      0   3201   1980      0      0 119393 119394      0      0      0      0     51     17 
    0    415     48     51    100     73      0      0      0      0   3201   1980      0      0 119393 119394      0      0      0      0     58     16 
    0    455     47     52    100     75      0      0      0      0   3201   1980      0      0 119393 119394      0      0      0      0     51     17 
    0    571     49     52    100     73      0      0      0      0   3201   1980     28      0 119393 119394      0      0      0      0     51     16 
    0    511     49     52    100     75      0      0      0      0   3201   1980      0      0 119393 119394      0      0      0      0     51     17 
    0    478     49     52    100     75      0      0      0      0   3201   1980      0      0 119393 119394      0      0      0      0     51     16 
    0    492     49     53     87     66      0      0      0      0   3201   1980      0      0 119393 119394      0      0      0      0      0      1 
    0    438     49     51    100     75      0      0      0      0   3201   1980      0      0 119393 119394      0      0      0      0      0      0 
    0    431     53     51    100     76      0      0      0      0   3201   1965     14      0 119393 119394      0      0      0      0     51     17 
    0    361     43     43      0      0      0      0      0      0   3201   1980     17      0 119393 119394      0      0      0      0      0      0 
    0    137     41     40      0      0      0      0      0      0   3201   1980      0      0 119393 119394      0      0      0      0      0      3 
    0    563     49     52    100     75      0      0      0      0   3201   1980      0      0 119393 119394      0      0      0      0     51     17 
    0    470     44     44      0      0      0      0      0      0   3201   1980      0      0 119393 119394      0      0      0      0      0      1 
    0    137     41     40      0      0      0      0      0      0   3201   1980      0      0 119393 119394      0      0      0      0      0      0 
    0    438     46     49     17     13      0      0      0      0   3201   1980      0      0 119393 119394      0      0      0      0      0      0 
    0    232     46     48    100     75      0      0      0      0   3201   1980      0      0 119393 119394      0      0      0      0     48     15 
    0    345     42     41      0      0      0      0      0      0   3201   1980      0      0 119393 119394      0      0      0      0     53     16 
    0    484     45     45     55     42      0      0      0      0   3201   1980     28      0 119393 119394      0      0      0      0      0      0 
    0    137     41     40      0      0      0      0      0      0   3201   1980      0      0 119393 119394      0      0      0      0      0      0 
    0    315     47     48    100     75      0      0      0      0   3201   1980      0      0 119393 119394      0      0      0      0     53     17 
    0    329     47     51    100     75      0      0      0      0   3201   1980      0      0 119393 119394      0      0      0      0     47     16 
    0    283     41     40      0      0      0      0      0      0   3201   1980      0      0 119393 119394      0      0      0      0      0      0 
    0    136     40     38      0      0      0      0      0      0   3201   1980      0      0 119393 119394      0      0      0      0      0      1 
    0    136     40     38      0      0      0      0      0      0   3201   1980      0      0 119393 119394      0      0      0      0      0      0 
    0    135     39     38      0      0      0      0      0      0   3201   1980      0      0 119393 119394      0      0      0      0      0      1 
    0    135     39     37      0      0      0      0      0      0   3201   1980      0      0 119393 119394      0      0      0      0      0      0 
    0    135     39     37      0      0      0      0      0      0   3201   1980      0      0 119393 119394      0      0      0      0      0      0 
    0    465     46     49    100     73      0      0      0      0   3201   1980     32      0 119393 119394      0      0      0      0     51     15 
    0    182     39     38      0      0      0      0      0      0   3201   1980      0      0 119393 119394      0      0      0      0      0      0 
    0    381     46     48    100     73      0      0      0      0   3201   1980     30      0 119393 119394      0      0      0      0     50     17 
    0    463     47     51    100     73      0      0      0      0   3201   1980      0      0 119393 119394      0      0      0      0     55     16 
    0    276     40     39      0      0      0      0      0      0   3201   1980      0      0 119393 119394      0      0      0      0      0      0 
    0    382     47     49    100     74      0      0      0      0   3201   1980      0      0 119393 119394      0      0      0      0     46     16 
    0    197     40     39      0      0      0      0      0      0   3201   1980      0      0 119393 119394      0      0      0      0     51     16 
    0    498     46     50    100     75      0      0      0      0   3201   1980      0      0 119393 119394      0      0      0      0     51     16 
    0    559     48     52    100     73      0      0      0      0   3201   1980      0      0 119393 119394      0      0      0      0     52     16 
    0    357     47     51    100     75      0      0      0      0   3201   1980      0      0 119393 119394      0      0      0      0     46     16 
    0    518     43     43    100     75      0      0      0      0   3201   1980      0      0 119393 119394      0      0      0      0      0      0 
    0    400     48     51    100     74      0      0      0      0   3201   1980      0      0 119393 119394      0      0      0      0     32      0 
    0    170     40     39      0      0      0      0      0      0   3201   1980      0      0 119393 119394      0      0      0      0      0      0 
    0    422     47     51    100     75      0      0      0      0   3201   1980      0      0 119393 119394      0      0      0      0      0      0 
    0    152     40     39      0      0      0      0      0      0   3201   1980      0      0 119393 119394      0      0      0      0      0      0 
    0    136     40     38      0      0      0      0      0      0   3201   1980      0      0 119393 119394      0      0      0      0      0      0 
# gpu    pwr  gtemp  mtemp     sm    mem    enc    dec    jpg    ofa   mclk   pclk  pviol  tviol     fb   bar1   ccpm  sbecc  dbecc    pci  rxpci  txpci 
# Idx      W      C      C      %      %      %      %      %      %    MHz    MHz      %   bool     MB     MB     MB   errs   errs   errs   MB/s   MB/s 
    0    144     43     41      0      0      0      0      0      0   3201   1980      0      0 119393 119394      0      0      0      0     51     16 
    0    387     40     40      0      0      0      0      0      0   3201   1980      0      0 119393 119394      0      0      0      0      0      0 
    0    208     45     47     27     13      0      0      0      0   3201   1980      0      0 119393 119394      0      0      0      0     58     16 
    0    526     43     44     62     47      0      0      0      0   3201   1980      0      0 119393 119394      0      0      0      0      0      0 
    0    329     47     49    100     73      0      0      0      0   3201   1980      0      0 119393 119394      0      0      0      0     58     16 
    0    559     48     52    100     72      0      0      0      0   3201   1965     57      0 119393 119394      0      0      0      0     72     17 
    0    325     41     40      0      0      0      0      0      0   3201   1980      0      0 119393 119394      0      0      0      0      0      0 
    0    478     48     50    100     67      0      0      0      0   3201   1980     27      0 119393 119394      0      0      0      0     51     16 
    0    388     41     41      0      0      0      0      0      0   3201   1980      0      0 119393 119394      0      0      0      0      0      0 
    0    136     40     39      0      0      0      0      0      0   3201   1980      0      0 119393 119394      0      0      0      0      0      0 
    0    383     47     51    100     75      0      0      0      0   3201   1980      0      0 119393 119394      0      0      0      0     51     12 
    0    345     47     50    100     73      0      0      0      0   3201   1980     29      0 119393 119394      0      0      0      0     57     17 
    0    453     47     49    100     75      0      0      0      0   3201   1980      0      0 119393 119394      0      0      0      0     51     15 
    0    492     48     50    100     69      0      0      0      0   3201   1980      0      0 119393 119394      0      0      0      0     58     16 
    0    367     42     41      0      0      0      0      0      0   3201   1980      0      0 119393 119394      0      0      0      0      0      0 
    0    136     40     39      0      0      0      0      0      0   3201   1980      0      0 119393 119394      0      0      0      0      0      0 
    0    357     47     49    100     74      0      0      0      0   3201   1980      0      0 119393 119394      0      0      0      0     51     16 
    0    457     48     52    100     75      0      0      0      0   3201   1980      0      0 119393 119394      0      0      0      0     19      0 
    0    458     43     43     77     58      0      0      0      0   3201   1980      0      0 119393 119394      0      0      0      0     51     17 
    0    407     42     42      0      0      0      0      0      0   3201   1980      0      0 119393 119394      0      0      0      0      0      0 
    0    457     48     51    100     73      0      0      0      0   3201   1980      0      0 119393 119394      0      0      0      0     51     16 
    0    568     49     52    100     73      0      0      0      0   3201   1980     30      0 119393 119394      0      0      0      0     54     16 
    0    242     41     41      0      0      0      0      0      0   3201   1980      0      0 119393 119394      0      0      0      0      0      1 
    0    136     40     39      0      0      0      0      0      0   3201   1980      0      0 119393 119394      0      0      0      0      0      0 
    0    423     47     52    100     76      0      0      0      0   3201   1980      0      0 119393 119394      0      0      0      0      0      1 
    0    308     47     50    100     75      0      0      0      0   3201   1980      0      0 119393 119394      0      0      0      0     51     16 
    0    571     49     52    100     71      0      0      0      0   3201   1980     27      0 119393 119394      0      0      0      0     57     18 
    0    568     49     52    100     75      0      0      0      0   3201   1980      0      0 119393 119394      0      0      0      0     51     16 
