# gpu    pwr  gtemp  mtemp     sm    mem    enc    dec    jpg    ofa   mclk   pclk  pviol  tviol     fb   bar1   ccpm  sbecc  dbecc    pci  rxpci  txpci 
# Idx      W      C      C      %      %      %      %      %      %    MHz    MHz      %   bool     MB     MB     MB   errs   errs   errs   MB/s   MB/s 
    0    157     39     37      0      0      0      0      0      0   3201   1980      0      0 119389 119390      0      0      0      0      0      1 
    0    134     39     37      0      0      0      0      0      0   3201   1980      0      0 119389 119390      0      0      0      0      0      0 
    0    134     38     37      0      0      0      0      0      0   3201   1980      0      0 119389 119390      0      0      0      0      0      0 
    0    133     38     36      0      0      0      0      0      0   3201   1980      0      0 119389 119390      0      0      0      0      0      0 
    0    133     38     36      0      0      0      0      0      0   3201   1980      0      0 119389 119390      0      0      0      0      0      0 
    0    133     38     36      0      0      0      0      0      0   3201   1980      0      0 119389 119390      0      0      0      0      0      0 
    0    133     38     36      0      0      0      0      0      0   3201   1980      0      0 119389 119390      0      0      0      0      0      0 
    0    133     37     36      0      0      0      0      0      0   3201   1980      0      0 119389 119390      0      0      0      0      0      0 
    0    133     37     35      0      0      0      0      0      0   3201   1980      0      0 119389 119390      0      0      0      0      0      0 
    0    133     37     35      0      0      0      0      0      0   3201   1980      0      0 119389 119390      0      0      0      0      0      0 
    0    133     37     35      0      0      0      0      0      0   3201   1980      0      0 119389 119390      0      0      0      0      0      0 
    0    133     37     35      0      0      0      0      0      0   3201   1980      0      0 119389 119390      0      0      0      0      0      0 
    0    132     37     35      0      0      0      0      0      0   3201   1980      0      0 119389 119390      0      0      0      0      0      0 
    0    217     39     38     58     44      0      0      0      0   3201   1980      0      0 119393 119394      0      0      0      0      0      0 
    0    302     39     38    100     75      0      0      0      0   3201   1980     32      0 119393 119394      0      0      0      0     58     16 
    0    374     43     45      0      0      0      0      0      0   3201   1980      0      0 119393 119394      0      0      0      0      0      5 
    0    218     38     37      0      0      0      0      0      0   3201   1980      0      0 119393 119394      0      0      0      0      0      0 
    0    217     38     36      0      0      0      0      0      0   3201   1980      0      0 119393 119394      0      0      0      0      0      0 
    0    224     41     43     72     48      0      0      0      0   3201   1965     27      0 119393 119394      0      0      0      0     47     16 
    0    291     43     46     31     18      0      0      0      0   3201   1965     34      0 119393 119394      0      0      0      0      0      0 
    0    305     39     38      0      0      0      0      0      0   3201   1980      5      0 119393 119394      0      0      0      0      0      0 
    0    236     50     42     99     54      0      0      0      0   3201   1920     21      0 119393 119394      0      0      0      0     58     12 
    0    233     40     41    100     70      0      0      0      0   3201   1980     22      0 119393 119394      0      0      0      0      0      0 
    0    218     39     37      0      0      0      0      0      0   3201   1980      0      0 119393 119394      0      0      0      0      0      1 
    0    219     38     37      0      0      0      0      0      0   3201   1980      0      0 119393 119394      0      0      0      0      0      0 
    0    134     37     36      0      0      0      0      0      0   3201   1980      0      0 119393 119394      0      0      0      0      0      1 
    0    218     38     36      0      0      0      0      0      0   3201   1980     32      0 119393 119394      0      0      0      0      0      0 
    0    302     38     37      0      0      0      0      0      0   3201   1980      0      0 119393 119394      0      0      0      0      0      1 
    0    380     42     43    100     74      0      0      0      0   3201   1965     71      0 119393 119394      0      0      0      0      0      0 
    0    134     38     36      0      0      0      0      0      0   3201   1980      4      0 119393 119394      0      0      0      0      0      1 
    0    430     46     46     75     51      0      0      0      0   3201   1950      8      0 119393 119394      0      0      0      0     52     16 
    0    282     40     40    100     76      0      0      0      0   3201   1980     28      0 119393 119394      0      0      0      0     48     17 
    0    341     44     45    100     74      0      0      0      0   3201   1965     58      0 119393 119394      0      0      0      0      0      0 
    0    302     43     46    100     74      0      0      0      0   3201   1980     44      0 119393 119394      0      0      0      0      0      1 
    0    134     38     36      0      0      0      0      0      0   3201   1980      0      0 119393 119394      0      0      0      0      0      0 
    0    340     45     43    100     75      0      0      0      0   3201   1980      0      0 119393 119394      0      0      0      0     51      4 
    0    332     45     45    100     74      0      0      0      0   3201   1980      0      0 119393 119394      0      0      0      0      0      0 
    0    277     43     46     43     27      0      0      0      0   3201   1980      5      0 119393 119394      0      0      0      0     66     17 
    0    452     45     48    100     70      0      0      0      0   3201   1980     76      0 119393 119394      0      0      0      0      0      0 
    0    223     39     38      0      0      0      0      0      0   3201   1980     32      0 119393 119394      0      0      0      0      0      1 
    0    134     38     37      0      0      0      0      0      0   3201   1980      0      0 119393 119394      0      0      0      0      0      0 
    0    352     40     39      0      0      0      0      0      0   3201   1980     43      0 119393 119394      0      0      0      0     64     17 
    0    500     44     46    100     74      0      0      0      0   3201   1965     94      0 119393 119394      0      0      0      0      0      0 
    0    393     42     43     56     42      0      0      0      0   3201   1965     83      0 119393 119394      0      0      0      0      0      1 
# gpu    pwr  gtemp  mtemp     sm    mem    enc    dec    jpg    ofa   mclk   pclk  pviol  tviol     fb   bar1   ccpm  sbecc  dbecc    pci  rxpci  txpci 
# Idx      W      C      C      %      %      %      %      %      %    MHz    MHz      %   bool     MB     MB     MB   errs   errs   errs   MB/s   MB/s 
    0    251     40     39      0      0      0      0      0      0   3201   1980     29      0 119393 119394      0      0      0      0      0      0 
    0    251     40     39      0      0      0      0      0      0   3201   1980     31      0 119393 119394      0      0      0      0      0      1 
    0    135     39     37      0      0      0      0      0      0   3201   1980      0      0 119393 119394      0      0      0      0      0      0 
    0    307     40     40      0      0      0      0      0      0   3201   1980      0      0 119393 119394      0      0      0      0      0      1 
    0    135     38     37      0      0      0      0      0      0   3201   1980      0      0 119393 119394      0      0      0      0      0      0 
    0    271     43     43     26     14      0      0      0      0   3201   1980      0      0 119393 119394      0      0      0      0      0      1 
    0    395     48     46    100     73      0      0      0      0   3201   1965     48      0 119393 119394      0      0      0      0     52     16 
    0    407     40     40      0      0      0      0      0      0   3201   1980     69      0 119393 119394      0      0      0      0     54     16 
    0    409     46     43     92     54      0      0      0      0   3201   1950     36      0 119393 119394      0      0      0      0     58     16 
    0    306     40     39      0      0      0      0      0      0   3201   1980     23      0 119393 119394      0      0      0      0      0      0 
    0    287     45     47     94     66      0      0      0      0   3201   1980      0      0 119393 119394      0      0      0      0      0      0 
    0    279     40     39      0      0      0      0      0      0   3201   1980     33      0 119393 119394      0      0      0      0      0     17 
    0    459     46     48     43     31      0      0      0      0   3201   1965     70      0 119393 119394      0      0      0      0      0      0 
    0    232     41     41      0      0      0      0      0      0   3201   1965     50      0 119393 119394      0      0      0      0      0      1 
    0    317     40     39      0      0      0      0      0      0   3201   1965     32      0 119393 119394      0      0      0      0     51     16 
    0    198     39     38      0      0      0      0      0      0   3201   1980     22      0 119393 119394      0      0      0      0      0      1 
    0    291     41     41      0      0      0      0      0      0   3201   1980     31      0 119393 119394      0      0      0      0      0      0 
    0    309     40     39     24     12      0      0      0      0   3201   1980     33      0 119393 119394      0      0      0      0     46     18 
    0    242     39     38      0      0      0      0      0      0   3201   1980     33      0 119393 119394      0      0      0      0      0      0 
    0    291     44     46     47     30      0      0      0      0   3201   1980      0      0 119393 119394      0      0      0      0      0      1 
    0    219     42     43      0      0      0      0      0      0   3201   1980      0      0 119393 119394      0      0      0      0      0      0 
    0    302     40     39      0      0      0      0      0      0   3201   1980     32      0 119393 119394      0      0      0      0      0      0 
    0    297     40     39      0      0      0      0      0      0   3201   1980     32      0 119393 119394      0      0      0      0      0      0 
    0    219     40     39      0      0      0      0      0      0   3201   1980     29      0 119393 119394      0      0      0      0     52     16 
    0    189     39     37      0      0      0      0      0      0   3201   1980     27      0 119393 119394      0      0      0      0     81     16 
    0    303     40     40      0      0      0      0      0      0   3201   1980     62      0 119393 119394      0      0      0      0      0      0 
    0    307     41     40      0      0      0      0      0      0   3201   1980      0      0 119393 119394      0      0      0      0      0      0 
    0    135     39     37      0      0      0      0      0      0   3201   1980      0      0 119393 119394      0      0      0      0      0      0 
    0    348     46     43     16     12      0      0      0      0   3201   1965     74      0 119393 119394      0      0      0      0      0      0 
    0    314     40     39      0      0      0      0      0      0   3201   1980     53      0 119393 119394      0      0      0      0     51     16 
    0    408     42     42     33     19      0      0      0      0   3201   1920     40      0 119393 119394      0      0      0      0     58     16 
    0    362     41     40      0      0      0      0      0      0   3201   1980     80      0 119393 119394      0      0      0      0     51     16 
    0    326     40     39      0      0      0      0      0      0   3201   1980      0      0 119393 119394      0      0      0      0     47     13 
    0    331     43     43      0      0      0      0      0      0   3201   1980     32      0 119393 119394      0      0      0      0      0      0 
    0    205     44     45    100     75      0      0      0      0   3201   1965     20      0 119393 119394      0      0      0      0     52     16 
    0    296     40     38      0      0      0      0      0      0   3201   1980     35      0 119393 119394      0      0      0      0      0      0 
    0    222     40     38      0      0      0      0      0      0   3201   1980      0      0 119393 119394      0      0      0      0     15      0 
    0    338     45     45    100     74      0      0      0      0   3201   1965     21      0 119393 119394      0      0      0      0      0      0 
    0    146     39     38      0      0      0      0      0      0   3201   1980     10      0 119393 119394      0      0      0      0     52     16 
    0    291     40     40      7      5      0      0      0      0   3201   1980     31      0 119393 119394      0      0      0      0      0      0 
    0    135     39     37      0      0      0      0      0      0   3201   1980      0      0 119393 119394      0      0      0      0      0      0 
    0    134     38     36      0      0      0      0      0      0   3201   1980      0      0 119393 119394      0      0      0      0      0      0 
    0    168     38     36     43     27      0      0      0      0   3201   1980      4      0 119393 119394      0      0      0      0     53     16 
    0    217     38     37      0      0      0      0      0      0   3201   1980     31      0 119393 119394      0      0      0      0     73     16 
# gpu    pwr  gtemp  mtemp     sm    mem    enc    dec    jpg    ofa   mclk   pclk  pviol  tviol     fb   bar1   ccpm  sbecc  dbecc    pci  rxpci  txpci 
# Idx      W      C      C      %      %      %      %      %      %    MHz    MHz      %   bool     MB     MB     MB   errs   errs   errs   MB/s   MB/s 
    0    360     40     40      7      5      0      0      0      0   3201   1980     61      0 119393 119394      0      0      0      0      0      0 
    0    219     39     38      0      0      0      0      0      0   3201   1980      0      0 119393 119394      0      0      0      0      0      0 
    0    325     42     44     23     14      0      0      0      0   3201   1965     35      0 119393 119394      0      0      0      0     58     16 
    0    354     44     46     58     38      0      0      0      0   3201   1980     29      0 119393 119394      0      0      0      0      0      0 
    0    230     40     39      0      0      0      0      0      0   3201   1980      0      0 119393 119394      0      0      0      0      0      1 
    0    221     39     38      0      0      0      0      0      0   3201   1980      0      0 119393 119394      0      0      0      0      0      0 
    0    134     38     36      0      0      0      0      0      0   3201   1980      0      0 119393 119394      0      0      0      0      0      1 
    0    220     38     37      0      0      0      0      0      0   3201   1980      0      0 119393 119394      0      0      0      0      0      0 
    0    316     39     38      0      0      0      0      0      0   3201   1980     52      0 119393 119394      0      0      0      0     52     17 
    0    422     41     41      0      0      0      0      0      0   3201   1980     83      0 119393 119394      0      0      0      0      0      0 
    0    362     45     49     27     21      0      0      0      0   3201   1980     36      0 119393 119394      0      0      0      0      0      0 
    0    158     39     37      0      0      0      0      0      0   3201   1980      0      0 119393 119394      0      0      0      0     51     16 
    0    344     43     44    100     73      0      0      0      0   3201   1965     48      0 119393 119394      0      0      0      0      0      0 
    0    370     42     43      0      0      0      0      0      0   3201   1980      0      0 119393 119394      0      0      0      0      0      0 
    0    134     39     37      0      0      0      0      0      0   3201   1980      0      0 119393 119394      0      0      0      0     51     15 
    0    355     44     46     75     51      0      0      0      0   3201   1965     21      0 119393 119394      0      0      0      0      0      0 
    0    261     39     38      0      0      0      0      0      0   3201   1980      8      0 119393 119394      0      0      0      0     59     17 
    0    421     41     40      0      0      0      0      0      0   3201   1980     56      0 119393 119394      0      0      0      0      0      0 
    0    156     39     37     16      8      0      0      0      0   3201   1980      0      0 119393 119394      0      0      0      0     52     16 
    0    291     45     42      0      0      0      0      0      0   3201   1965     13      0 119393 119394      0      0      0      0     56     16 
    0    404     40     40      0      0      0      0      0      0   3201   1980     77      0 119393 119394      0      0      0      0      0      0 
