# gpu    pwr  gtemp  mtemp     sm    mem    enc    dec    jpg    ofa   mclk   pclk  pviol  tviol     fb   bar1   ccpm  sbecc  dbecc    pci  rxpci  txpci 
# Idx      W      C      C      %      %      %      %      %      %    MHz    MHz      %   bool     MB     MB     MB   errs   errs   errs   MB/s   MB/s 
    0    138     39     37      2      1      0      0      0      0   3201   1980      0      0 119389 119390      0      0      0      0      0      0 
    0    135     38     37      0      0      0      0      0      0   3201   1980      0      0 119389 119390      0      0      0      0      0      0 
    0    134     38     36      0      0      0      0      0      0   3201   1980      0      0 119389 119390      0      0      0      0      0      5 
    0    133     38     36      0      0      0      0      0      0   3201   1980      0      0 119389 119390      0      0      0      0      0      0 
    0    133     38     36      0      0      0      0      0      0   3201   1980      0      0 119389 119390      0      0      0      0      0      0 
    0    133     37     36      0      0      0      0      0      0   3201   1980      0      0 119389 119390      0      0      0      0      0      0 
    0    133     37     35      0      0      0      0      0      0   3201   1980      0      0 119389 119390      0      0      0      0      0      0 
    0    133     37     35      0      0      0      0      0      0   3201   1980      0      0 119389 119390      0      0      0      0      0      0 
    0    133     37     35      0      0      0      0      0      0   3201   1980      0      0 119389 119390      0      0      0      0      0      0 
    0    133     37     35      0      0      0      0      0      0   3201   1980      0      0 119389 119390      0      0      0      0      0      0 
    0    132     37     35      0      0      0      0      0      0   3201   1980      0      0 119389 119390      0      0      0      0      0      0 
    0    132     37     35      0      0      0      0      0      0   3201   1980      0      0 119389 119390      0      0      0      0      0      0 
    0    132     37     35      0      0      0      0      0      0   3201   1980      0      0 119389 119390      0      0      0      0      0      0 
    0    513     45     46    100     66      0      0      0      0   3201   1980     31      0 119393 119394      0      0      0      0     72     16 
    0    570     46     50    100     73      0      0      0      0   3201   1980     31      0 119393 119394      0      0      0      0     54     17 
    0    513     46     50    100     73      0      0      0      0   3201   1980      0      0 119393 119394      0      0      0      0     59     16 
    0    556     46     49    100     73      0      0      0      0   3201   1980     29      0 119393 119394      0      0      0      0     59     18 
    0    568     47     52    100     72      0      0      0      0   3201   1980     40      0 119393 119394      0      0      0      0     78     16 
    0    563     47     52    100     75      0      0      0      0   3201   1980      0      0 119393 119394      0      0      0      0     50     17 
    0    458     51     50    100     73      0      0      0      0   3201   1980      0      0 119393 119394      0      0      0      0     66     16 
    0    571     48     51    100     73      0      0      0      0   3201   1980      0      0 119393 119394      0      0      0      0     72     19 
    0    567     48     51    100     72      0      0      0      0   3201   1965     62      0 119393 119394      0      0      0      0     72     16 
    0    578     51     50    100     72      0      0      0      0   3201   1965     91      0 119393 119394      0      0      0      0     72     18 
    0    555     49     52    100     75      0      0      0      0   3201   1980     48      0 119393 119394      0      0      0      0     53     16 
    0    575     49     53    100     72      0      0      0      0   3201   1965     91      0 119393 119394      0      0      0      0     61     18 
    0    586     50     52    100     65      0      0      0      0   3201   1965     90      0 119393 119394      0      0      0      0     73     19 
    0    407     46     44      0      0      0      0      0      0   3201   1980      3      0 119393 119394      0      0      0      0    100     16 
    0    592     52     51    100     65      0      0      0      0   3201   1965     67      0 119393 119394      0      0      0      0     98     18 
    0    563     49     53    100     73      0      0      0      0   3201   1980     84      0 119393 119394      0      0      0      0     72     16 
    0    473     48     49      0      0      0      0      0      0   3201   1980     30      0 119393 119394      0      0      0      0     52     19 
    0    482     44     43     49     37      0      0      0      0   3201   1980      0      0 119393 119394      0      0      0      0     49     16 
    0    586     51     52    100     67      0      0      0      0   3201   1965     49      0 119393 119394      0      0      0      0     97     20 
    0    584     51     52    100     72      0      0      0      0   3201   1965    100      0 119393 119394      0      0      0      0     83     17 
    0    564     50     52    100     73      0      0      0      0   3201   1965     48      0 119393 119394      0      0      0      0     72     18 
    0    578     51     53    100     72      0      0      0      0   3201   1980     89      0 119393 119394      0      0      0      0     79     18 
    0    579     51     53    100     73      0      0      0      0   3201   1965     97      0 119393 119394      0      0      0      0     57     18 
    0    525     51     52    100     67      0      0      0      0   3201   1980     30      0 119393 119394      0      0      0      0     83     17 
    0    576     50     53    100     73      0      0      0      0   3201   1980     37      0 119393 119394      0      0      0      0     52     16 
    0    569     51     52    100     68      0      0      0      0   3201   1980     35      0 119393 119394      0      0      0      0     66     16 
    0    565     51     54    100     73      0      0      0      0   3201   1980     34      0 119393 119394      0      0      0      0     64     18 
    0    564     51     54    100     71      0      0      0      0   3201   1965     52      0 119393 119394      0      0      0      0     46     18 
    0    563     51     55    100     73      0      0      0      0   3201   1980     68      0 119393 119394      0      0      0      0     59     16 
    0    554     53     54    100     70      0      0      0      0   3201   1965     34      0 119393 119394      0      0      0      0     80     17 
    0    585     52     54    100     66      0      0      0      0   3201   1965     88      0 119393 119394      0      0      0      0    106     17 
# gpu    pwr  gtemp  mtemp     sm    mem    enc    dec    jpg    ofa   mclk   pclk  pviol  tviol     fb   bar1   ccpm  sbecc  dbecc    pci  rxpci  txpci 
# Idx      W      C      C      %      %      %      %      %      %    MHz    MHz      %   bool     MB     MB     MB   errs   errs   errs   MB/s   MB/s 
    0    572     51     54    100     72      0      0      0      0   3201   1980     64      0 119393 119394      0      0      0      0     57     17 
    0    563     52     54    100     67      0      0      0      0   3201   1950     79      0 119393 119394      0      0      0      0     57     17 
    0    564     52     53    100     75      0      0      0      0   3201   1965     40      0 119393 119394      0      0      0      0     59     16 
    0    564     51     55    100     74      0      0      0      0   3201   1965     71      0 119393 119394      0      0      0      0     49     18 
    0    487     46     46      0      0      0      0      0      0   3201   1980      2      0 119393 119394      0      0      0      0      0      0 
    0    267     50     51    100     67      0      0      0      0   3201   1980      0      0 119393 119394      0      0      0      0     51     16 
    0    568     51     52    100     72      0      0      0      0   3201   1980     30      0 119393 119394      0      0      0      0     57     17 
    0    567     52     52    100     72      0      0      0      0   3201   1965     96      0 119393 119394      0      0      0      0     87     18 
    0    573     52     53    100     73      0      0      0      0   3201   1980      4      0 119393 119394      0      0      0      0     58     16 
    0    471     50     52      0      0      0      0      0      0   3201   1980     27      0 119393 119394      0      0      0      0     52     16 
    0    568     52     54    100     66      0      0      0      0   3201   1965     61      0 119393 119394      0      0      0      0     94     22 
    0    582     52     55    100     73      0      0      0      0   3201   1980     75      0 119393 119394      0      0      0      0     57     18 
    0    586     52     53    100     66      0      0      0      0   3201   1965     50      0 119393 119394      0      0      0      0     94     17 
    0    568     52     54    100     68      0      0      0      0   3201   1965     61      0 119393 119394      0      0      0      0     56     16 
    0    579     53     56    100     66      0      0      0      0   3201   1965     94      0 119393 119394      0      0      0      0     88     17 
    0    566     52     56    100     75      0      0      0      0   3201   1965     58      0 119393 119394      0      0      0      0     72     18 
    0    584     53     53    100     72      0      0      0      0   3201   1980     67      0 119393 119394      0      0      0      0     58     17 
    0    232     45     43      0      0      0      0      0      0   3201   1980      0      0 119393 119394      0      0      0      0      0      0 
