# gpu    pwr  gtemp  mtemp     sm    mem    enc    dec    jpg    ofa   mclk   pclk  pviol  tviol     fb   bar1   ccpm  sbecc  dbecc    pci  rxpci  txpci 
# Idx      W      C      C      %      %      %      %      %      %    MHz    MHz      %   bool     MB     MB     MB   errs   errs   errs   MB/s   MB/s 
    0    165     41     41     82     65      0      0      0      0   3201   1980      0      0 119389 119390      0      0      0      0      0      0 
    0    139     38     36      0      0      0      0      0      0   3201   1980      0      0 119389 119390      0      0      0      0      0      1 
    0    134     38     36      0      0      0      0      0      0   3201   1980      0      0 119389 119390      0      0      0      0      0      0 
    0    134     38     36      0      0      0      0      0      0   3201   1980      0      0 119389 119390      0      0      0      0      1      1 
    0    134     38     36      0      0      0      0      0      0   3201   1980      0      0 119389 119390      0      0      0      0      0      0 
    0    134     37     36      0      0      0      0      0      0   3201   1980      0      0 119389 119390      0      0      0      0      4      1 
    0    134     37     35      0      0      0      0      0      0   3201   1980      0      0 119389 119390      0      0      0      0      0      0 
    0    133     37     35      0      0      0      0      0      0   3201   1980      0      0 119389 119390      0      0      0      0      0      1 
    0    133     37     35      0      0      0      0      0      0   3201   1980      0      0 119389 119390      0      0      0      0      0      0 
    0    133     37     35      0      0      0      0      0      0   3201   1980      0      0 119389 119390      0      0      0      0      0      1 
    0    133     37     35      0      0      0      0      0      0   3201   1980      0      0 119389 119390      0      0      0      0      0      0 
    0    133     37     35      0      0      0      0      0      0   3201   1980      0      0 119389 119390      0      0      0      0      0      0 
    0    145     37     35     15      6      0      0      0      0   3201   1980      0      0 119393 119394      0      0      0      0     88     17 
    0    594     46     46    100     73      0      0      0      0   3201   1965     54      0 119393 119394      0      0      0      0     80     20 
    0    598     47     47    100     59      0      0      0      0   3201   1965     86      0 119393 119394      0      0      0      0    110     19 
    0    644     49     46    100     60      0      0      0      0   3201   1905     94      0 119393 119394      0      0      0      0    130     19 
    0    654     52     47    100     67      0      0      0      0   3201   1950    100      0 119393 119394      0      0      0      0    144     26 
    0    640     55     48    100     53      0      0      0      0   3201   1935     85      0 119393 119394      0      0      0      0    132     22 
    0    644     54     51    100     55      0      0      0      0   3201   1965    100      0 119393 119394      0      0      0      0    149     24 
    0    620     53     50    100     73      0      0      0      0   3201   1965     99      0 119393 119394      0      0      0      0     92     21 
    0    638     52     50    100     59      0      0      0      0   3201   1965    100      0 119393 119394      0      0      0      0    127     21 
    0    613     50     53    100     73      0      0      0      0   3201   1965    100      0 119393 119394      0      0      0      0     86     17 
    0    613     52     52    100     75      0      0      0      0   3201   1965     95      0 119393 119394      0      0      0      0    102     22 
    0    639     54     50    100     58      0      0      0      0   3201   1965     78      0 119393 119394      0      0      0      0    174     22 
    0    644     53     52    100     44      0      0      0      0   3201   1965    100      0 119393 119394      0      0      0      0    114     21 
