# gpu    pwr  gtemp  mtemp     sm    mem    enc    dec    jpg    ofa   mclk   pclk  pviol  tviol     fb   bar1   ccpm  sbecc  dbecc    pci  rxpci  txpci 
# Idx      W      C      C      %      %      %      %      %      %    MHz    MHz      %   bool     MB     MB     MB   errs   errs   errs   MB/s   MB/s 
    0    161     41     43     19     15      0      0      0      0   3201   1980      0      0 119389 119390      0      0      0      0      0      0 
    0    134     38     36      0      0      0      0      0      0   3201   1980      0      0 119389 119390      0      0      0      0      0      0 
    0    133     38     36      0      0      0      0      0      0   3201   1980      0      0 119389 119390      0      0      0      0      0      0 
    0    133     37     36      0      0      0      0      0      0   3201   1980      0      0 119389 119390      0      0      0      0      0      0 
    0    133     37     35      0      0      0      0      0      0   3201   1980      0      0 119389 119390      0      0      0      0      0      0 
    0    133     37     35      0      0      0      0      0      0   3201   1980      0      0 119389 119390      0      0      0      0      0      0 
    0    133     37     35      0      0      0      0      0      0   3201   1980      0      0 119389 119390      0      0      0      0      0      0 
    0    132     37     35      0      0      0      0      0      0   3201   1980      0      0 119389 119390      0      0      0      0      0      0 
    0    132     37     35      0      0      0      0      0      0   3201   1980      0      0 119389 119390      0      0      0      0      0      0 
    0    132     37     35      0      0      0      0      0      0   3201   1980      0      0 119389 119390      0      0      0      0      0      0 
    0    132     36     35      0      0      0      0      0      0   3201   1980      0      0 119389 119390      0      0      0      0      0      0 
    0    132     36     34      0      0      0      0      0      0   3201   1980      0      0 119389 119390      0      0      0      0      0      0 
    0    132     36     34      0      0      0      0      0      0   3201   1980      0      0 119389 119390      0      0      0      0      0      0 
    0    462     43     45    100     73      0      0      0      0   3201   1980      0      0 119393 119394      0      0      0      0     58     15 
    0    558     45     48    100     71      0      0      0      0   3201   1980      0      0 119393 119394      0      0      0      0     79     17 
    0    559     46     48    100     72      0      0      0      0   3201   1980      0      0 119393 119394      0      0      0      0     87     18 
    0    558     47     50    100     72      0      0      0      0   3201   1980      0      0 119393 119394      0      0      0      0     67     18 
    0    557     47     51    100     73      0      0      0      0   3201   1980      0      0 119393 119394      0      0      0      0     58     17 
    0    548     47     50    100     72      0      0      0      0   3201   1980      0      0 119393 119394      0      0      0      0     66     17 
    0    556     47     52    100     73      0      0      0      0   3201   1980      0      0 119393 119394      0      0      0      0     72     20 
    0    555     48     52    100     72      0      0      0      0   3201   1980      0      0 119393 119394      0      0      0      0     68     18 
    0    561     48     52    100     72      0      0      0      0   3201   1980      0      0 119393 119394      0      0      0      0     78     20 
    0    559     48     52    100     72      0      0      0      0   3201   1980      0      0 119393 119394      0      0      0      0     87     17 
    0    561     49     52    100     72      0      0      0      0   3201   1980      0      0 119393 119394      0      0      0      0     77     18 
    0    560     49     52    100     73      0      0      0      0   3201   1980      0      0 119393 119394      0      0      0      0     66     17 
    0    558     49     52    100     73      0      0      0      0   3201   1980      0      0 119393 119394      0      0      0      0     53     16 
    0    554     49     52    100     73      0      0      0      0   3201   1980      0      0 119393 119394      0      0      0      0     57     17 
    0    562     50     52    100     72      0      0      0      0   3201   1980      0      0 119393 119394      0      0      0      0     67     19 
    0    564     50     52    100     72      0      0      0      0   3201   1980      0      0 119393 119394      0      0      0      0     72     19 
    0    563     50     53    100     72      0      0      0      0   3201   1980      0      0 119393 119394      0      0      0      0     86     20 
    0    562     50     52    100     72      0      0      0      0   3201   1980      0      0 119393 119394      0      0      0      0     69     18 
    0    569     51     54    100     72      0      0      0      0   3201   1980      0      0 119393 119394      0      0      0      0     91     18 
    0    575     51     52    100     74      0      0      0      0   3201   1980      0      0 119393 119394      0      0      0      0     75     18 
    0    566     51     52    100     72      0      0      0      0   3201   1980      0      0 119393 119394      0      0      0      0     84     20 
    0    566     50     54    100     72      0      0      0      0   3201   1980      0      0 119393 119394      0      0      0      0     72     17 
    0    569     51     54    100     72      0      0      0      0   3201   1980      0      0 119393 119394      0      0      0      0     80     18 
    0    566     51     54    100     72      0      0      0      0   3201   1980      0      0 119393 119394      0      0      0      0     77     19 
    0    569     52     55    100     75      0      0      0      0   3201   1980      0      0 119393 119394      0      0      0      0     87     21 
    0    588     52     53    100     75      0      0      0      0   3201   1980      0      0 119393 119394      0      0      0      0     87     19 
    0    579     51     53    100     71      0      0      0      0   3201   1980      0      0 119393 119394      0      0      0      0     94     19 
    0    566     52     53    100     73      0      0      0      0   3201   1980      0      0 119393 119394      0      0      0      0     84     18 
    0    565     52     55    100     71      0      0      0      0   3201   1980      0      0 119393 119394      0      0      0      0     77     20 
    0    572     54     54    100     73      0      0      0      0   3201   1980      0      0 119393 119394      0      0      0      0    102     21 
    0    579     52     55    100     74      0      0      0      0   3201   1980      0      0 119393 119394      0      0      0      0    114     19 
# gpu    pwr  gtemp  mtemp     sm    mem    enc    dec    jpg    ofa   mclk   pclk  pviol  tviol     fb   bar1   ccpm  sbecc  dbecc    pci  rxpci  txpci 
# Idx      W      C      C      %      %      %      %      %      %    MHz    MHz      %   bool     MB     MB     MB   errs   errs   errs   MB/s   MB/s 
    0    579     53     54    100     76      0      0      0      0   3201   1980      0      0 119393 119394      0      0      0      0     98     19 
    0    572     52     55    100     72      0      0      0      0   3201   1980      0      0 119393 119394      0      0      0      0     70     19 
    0    564     52     55    100     72      0      0      0      0   3201   1980      0      0 119393 119394      0      0      0      0     66     17 
    0    574     52     56    100     73      0      0      0      0   3201   1980      0      0 119393 119394      0      0      0      0     51     17 
    0    560     52     55    100     72      0      0      0      0   3201   1980      0      0 119393 119394      0      0      0      0     59     17 
    0    561     52     53    100     73      0      0      0      0   3201   1980      0      0 119393 119394      0      0      0      0     70     20 
    0    582     53     53    100     75      0      0      0      0   3201   1980      0      0 119393 119394      0      0      0      0    112     20 
    0    583     53     54    100     75      0      0      0      0   3201   1980      0      0 119393 119394      0      0      0      0     95     22 
    0    580     53     55    100     72      0      0      0      0   3201   1980      0      0 119393 119394      0      0      0      0     96     55 
    0    574     52     55    100     72      0      0      0      0   3201   1980      0      0 119393 119394      0      0      0      0     86     20 
    0    572     53     56    100     72      0      0      0      0   3201   1980      0      0 119393 119394      0      0      0      0     93     18 
    0    570     53     54    100     71      0      0      0      0   3201   1980      0      0 119393 119394      0      0      0      0     94     19 
    0    582     53     56    100     76      0      0      0      0   3201   1980      0      0 119393 119394      0      0      0      0     90     17 
    0    594     53     56    100     73      0      0      0      0   3201   1980      0      0 119393 119394      0      0      0      0     98     21 
    0    584     53     54    100     72      0      0      0      0   3201   1980      0      0 119393 119394      0      0      0      0     77     18 
    0    568     53     54    100     72      0      0      0      0   3201   1980      0      0 119393 119394      0      0      0      0     67     18 
    0    565     53     54    100     73      0      0      0      0   3201   1980      0      0 119393 119394      0      0      0      0     61     17 
    0    574     53     54    100     72      0      0      0      0   3201   1980      0      0 119393 119394      0      0      0      0     72     19 
    0    567     53     56    100     72      0      0      0      0   3201   1980      0      0 119393 119394      0      0      0      0     72     17 
    0    574     53     55    100     72      0      0      0      0   3201   1980      0      0 119393 119394      0      0      0      0     72     17 
    0    557     53     55    100     73      0      0      0      0   3201   1980      0      0 119393 119394      0      0      0      0     82     18 
    0    567     53     55    100     71      0      0      0      0   3201   1980      0      0 119393 119394      0      0      0      0     68     18 
    0    568     53     56    100     72      0      0      0      0   3201   1980      0      0 119393 119394      0      0      0      0     67     19 
    0    571     53     55    100     72      0      0      0      0   3201   1980      0      0 119393 119394      0      0      0      0     84     17 
    0    562     53     55    100     72      0      0      0      0   3201   1980      0      0 119393 119394      0      0      0      0     64     17 
    0    585     53     55    100     72      0      0      0      0   3201   1980      0      0 119393 119394      0      0      0      0     70     17 
    0    567     53     57    100     72      0      0      0      0   3201   1980      0      0 119393 119394      0      0      0      0     62     18 
    0    563     53     56    100     73      0      0      0      0   3201   1980      0      0 119393 119394      0      0      0      0     57     17 
    0    583     53     56    100     72      0      0      0      0   3201   1980      0      0 119393 119394      0      0      0      0     87     17 
    0    573     53     55    100     74      0      0      0      0   3201   1980      0      0 119393 119394      0      0      0      0     90     19 
    0    590     54     57    100     75      0      0      0      0   3201   1980      0      0 119393 119394      0      0      0      0    106     18 
    0    581     55     56    100     75      0      0      0      0   3201   1980      0      0 119393 119394      0      0      0      0     99     18 
    0    582     54     58    100     74      0      0      0      0   3201   1980      0      0 119393 119394      0      0      0      0     75     18 
    0    572     53     54    100     72      0      0      0      0   3201   1980      0      0 119393 119394      0      0      0      0     80     18 
    0    571     53     55    100     70      0      0      0      0   3201   1980      0      0 119393 119394      0      0      0      0     72     19 
    0    564     53     55    100     72      0      0      0      0   3201   1980      0      0 119393 119394      0      0      0      0     62     18 
    0    559     53     55    100     71      0      0      0      0   3201   1980      0      0 119393 119394      0      0      0      0     80     17 
    0    572     53     55    100     72      0      0      0      0   3201   1980      0      0 119393 119394      0      0      0      0     61     17 
    0    573     53     56    100     72      0      0      0      0   3201   1980      0      0 119393 119394      0      0      0      0     73     18 
    0    559     53     56    100     73      0      0      0      0   3201   1980      0      0 119393 119394      0      0      0      0     70     16 
    0    559     53     55    100     73      0      0      0      0   3201   1980      0      0 119393 119394      0      0      0      0     50     16 
    0    524     49     50     61     46      0      0      0      0   3201   1980      0      0 119393 119394      0      0      0      0      0      0 
    0    358     52     54    100     73      0      0      0      0   3201   1980      0      0 119393 119394      0      0      0      0     58     15 
    0    554     53     55    100     72      0      0      0      0   3201   1980      0      0 119393 119394      0      0      0      0     78     18 
# gpu    pwr  gtemp  mtemp     sm    mem    enc    dec    jpg    ofa   mclk   pclk  pviol  tviol     fb   bar1   ccpm  sbecc  dbecc    pci  rxpci  txpci 
# Idx      W      C      C      %      %      %      %      %      %    MHz    MHz      %   bool     MB     MB     MB   errs   errs   errs   MB/s   MB/s 
    0    565     53     55    100     72      0      0      0      0   3201   1980      0      0 119393 119394      0      0      0      0     94     18 
    0    564     53     56    100     72      0      0      0      0   3201   1980      0      0 119393 119394      0      0      0      0     87     17 
    0    574     53     54    100     72      0      0      0      0   3201   1980      0      0 119393 119394      0      0      0      0     68     18 
    0    568     53     55    100     72      0      0      0      0   3201   1980      0      0 119393 119394      0      0      0      0     94     18 
    0    569     53     55    100     72      0      0      0      0   3201   1980      0      0 119393 119394      0      0      0      0     74     18 
    0    568     53     54    100     72      0      0      0      0   3201   1980      0      0 119393 119394      0      0      0      0     57     17 
    0    560     53     57    100     73      0      0      0      0   3201   1980      0      0 119393 119394      0      0      0      0     55     16 
    0    560     53     55    100     73      0      0      0      0   3201   1980      0      0 119393 119394      0      0      0      0     62     17 
    0    570     53     56    100     71      0      0      0      0   3201   1980      0      0 119393 119394      0      0      0      0     91     18 
    0    588     54     57    100     74      0      0      0      0   3201   1980      0      0 119393 119394      0      0      0      0     91     18 
    0    584     54     57    100     76      0      0      0      0   3201   1980      0      0 119393 119394      0      0      0      0     99     19 
    0    577     54     55    100     73      0      0      0      0   3201   1980      0      0 119393 119394      0      0      0      0     73     17 
    0    571     54     55    100     72      0      0      0      0   3201   1980      0      0 119393 119394      0      0      0      0     80     18 
    0    568     54     55    100     72      0      0      0      0   3201   1980      0      0 119393 119394      0      0      0      0     94     18 
    0    571     54     56    100     71      0      0      0      0   3201   1980      0      0 119393 119394      0      0      0      0     69     24 
    0    568     54     56    100     71      0      0      0      0   3201   1980      0      0 119393 119394      0      0      0      0     72     17 
    0    565     54     56    100     72      0      0      0      0   3201   1980      0      0 119393 119394      0      0      0      0     76     22 
    0    580     54     57    100     72      0      0      0      0   3201   1980      0      0 119393 119394      0      0      0      0     77     19 
    0    574     54     57    100     72      0      0      0      0   3201   1980      0      0 119393 119394      0      0      0      0     73     19 
    0    575     54     56    100     71      0      0      0      0   3201   1980      0      0 119393 119394      0      0      0      0     93     18 
    0    571     54     55    100     72      0      0      0      0   3201   1980      0      0 119393 119394      0      0      0      0     94     18 
    0    574     54     57    100     71      0      0      0      0   3201   1980      0      0 119393 119394      0      0      0      0     80     17 
    0    504     49     49     22     17      0      0      0      0   3201   1980      0      0 119393 119394      0      0      0      0      2      0 
