# gpu    pwr  gtemp  mtemp     sm    mem    enc    dec    jpg    ofa   mclk   pclk  pviol  tviol     fb   bar1   ccpm  sbecc  dbecc    pci  rxpci  txpci 
# Idx      W      C      C      %      %      %      %      %      %    MHz    MHz      %   bool     MB     MB     MB   errs   errs   errs   MB/s   MB/s 
    0    152     45     40     37     24      0      0      0      0   3201   1980      0      0 130369 130370      0      0      0      0      0      0 
    0    144     42     39      0      0      0      0      0      0   3201   1980      0      0 130369 130370      0      0      0      0      0      0 
    0    133     41     38      0      0      0      0      0      0   3201   1980      0      0 130369 130370      0      0      0      0      0      0 
    0    133     41     38      0      0      0      0      0      0   3201   1980      0      0 130369 130370      0      0      0      0      0      0 
    0    133     41     38      0      0      0      0      0      0   3201   1980      0      0 130369 130370      0      0      0      0      0      0 
    0    133     41     38      0      0      0      0      0      0   3201   1980      0      0 130369 130370      0      0      0      0      0      0 
    0    133     41     38      0      0      0      0      0      0   3201   1980      0      0 130369 130370      0      0      0      0      0      0 
    0    133     41     38      0      0      0      0      0      0   3201   1980      0      0 130369 130370      0      0      0      0      0      0 
    0    133     41     38      0      0      0      0      0      0   3201   1980      0      0 130369 130370      0      0      0      0      0      0 
    0    132     41     38      0      0      0      0      0      0   3201   1980      0      0 130369 130370      0      0      0      0      0      0 
    0    132     41     38      0      0      0      0      0      0   3201   1980      0      0 130369 130370      0      0      0      0      0      0 
    0    132     41     38      0      0      0      0      0      0   3201   1980      0      0 130369 130370      0      0      0      0      0      0 
    0    132     41     38      0      0      0      0      0      0   3201   1980      0      0 130369 130370      0      0      0      0      0      0 
    0    347     47     45     95     58      0      0      0      0   3201   1980      0      0 130373 130374      0      0      0      0    134     31 
    0    396     43     42      0      0      0      0      0      0   3201   1980      0      0 130373 130374      0      0      0      0    115     30 
    0    275     46     44      0      0      0      0      0      0   3201   1980      0      0 130373 130374      0      0      0      0    122     32 
    0    461     49     48     93     57      0      0      0      0   3201   1980      0      0 130373 130374      0      0      0      0    142     28 
    0    442     50     48     98     55      0      0      0      0   3201   1980     30      0 130373 130374      0      0      0      0    150     32 
    0    372     49     48     96     60      0      0      0      0   3201   1980      0      0 130373 130374      0      0      0      0    122     30 
    0    264     46     47     95     59      0      0      0      0   3201   1980      0      0 130373 130374      0      0      0      0    149     30 
    0    455     51     48     98     61      0      0      0      0   3201   1980      0      0 130373 130374      0      0      0      0    135     29 
    0    380     52     48     92     51      0      0      0      0   3201   1980      0      0 130373 130374      0      0      0      0    154     29 
    0    452     51     50     95     55      0      0      0      0   3201   1980     36      0 130373 130374      0      0      0      0    151     30 
    0    352     45     43      0      0      0      0      0      0   3201   1980      0      0 130373 130374      0      0      0      0    122     32 
    0    478     51     49     98     61      0      0      0      0   3201   1965     16      0 130373 130374      0      0      0      0    153     28 
    0    504     52     51     92     51      0      0      0      0   3201   1980     44      0 130373 130374      0      0      0      0    161     31 
    0    227     45     43      0      0      0      0      0      0   3201   1980      0      0 130373 130374      0      0      0      0      0      0 
    0    483     52     49     98     50      0      0      0      0   3201   1965     17      0 130373 130374      0      0      0      0    142     10 
    0    489     51     51     93     59      0      0      0      0   3201   1980     40      0 130373 130374      0      0      0      0     41      0 
    0    278     45     43      0      0      0      0      0      0   3201   1980      0      0 130373 130374      0      0      0      0      0      1 
    0    285     45     43      0      0      0      0      0      0   3201   1980      0      0 130373 130374      0      0      0      0      0      0 
    0    422     54     49     98     50      0      0      0      0   3201   1965     17      0 130373 130374      0      0      0      0    152     25 
    0    509     54     51     96     50      0      0      0      0   3201   1980     54      0 130373 130374      0      0      0      0    158     29 
    0    363     51     48     95     54      0      0      0      0   3201   1980      0      0 130373 130374      0      0      0      0    120     31 
    0    502     52     50     96     52      0      0      0      0   3201   1965     45      0 130373 130374      0      0      0      0    128     30 
    0    257     51     47     41     16      0      0      0      0   3201   1965     42      0 130373 130374      0      0      0      0    130     33 
    0    339     51     49     96     61      0      0      0      0   3201   1980     22      0 130373 130374      0      0      0      0    137     30 
    0    434     47     51     20     12      0      0      0      0   3201   1980     28      0 130373 130374      0      0      0      0      0      0 
    0    305     50     45     43     23      0      0      0      0   3201   1980      0      0 130373 130374      0      0      0      0    127     29 
    0    426     51     50     97     54      0      0      0      0   3201   1980      0      0 130373 130374      0      0      0      0     15      0 
    0    334     47     49     85     52      0      0      0      0   3201   1980      0      0 130373 130374      0      0      0      0    117     31 
    0    436     51     50     96     59      0      0      0      0   3201   1980      0      0 130373 130374      0      0      0      0      0      0 
    0    302     53     49     96     59      0      0      0      0   3201   1980      0      0 130373 130374      0      0      0      0    134     30 
    0    512     55     51     96     54      0      0      0      0   3201   1980     31      0 130373 130374      0      0      0      0     95     27 
# gpu    pwr  gtemp  mtemp     sm    mem    enc    dec    jpg    ofa   mclk   pclk  pviol  tviol     fb   bar1   ccpm  sbecc  dbecc    pci  rxpci  txpci 
# Idx      W      C      C      %      %      %      %      %      %    MHz    MHz      %   bool     MB     MB     MB   errs   errs   errs   MB/s   MB/s 
    0    488     52     51     96     59      0      0      0      0   3201   1980      0      0 130373 130374      0      0      0      0    149     28 
    0    361     50     48     67     38      0      0      0      0   3201   1980      0      0 130373 130374      0      0      0      0    120     31 
    0    434     51     51     95     59      0      0      0      0   3201   1980      0      0 130373 130374      0      0      0      0    119     23 
    0    321     46     44      0      0      0      0      0      0   3201   1980      0      0 130373 130374      0      0      0      0    126     31 
    0    310     46     43      0      0      0      0      0      0   3201   1980      0      0 130373 130374      0      0      0      0      0      0 
    0    165     52     43     19      8      0      0      0      0   3201   1980      0      0 130373 130374      0      0      0      0    152     28 
    0    418     51     49     96     60      0      0      0      0   3201   1980      0      0 130373 130374      0      0      0      0    150     28 
    0    430     57     50     95     52      0      0      0      0   3201   1980      6      0 130373 130374      0      0      0      0    160     29 
    0    461     51     51     91     53      0      0      0      0   3201   1980     21      0 130373 130374      0      0      0      0    122     30 
    0    262     45     44      0      0      0      0      0      0   3201   1980      0      0 130373 130374      0      0      0      0      0      0 
    0    397     51     50     95     59      0      0      0      0   3201   1980      0      0 130373 130374      0      0      0      0    140     33 
    0    513     52     52     92     51      0      0      0      0   3201   1980     38      0 130373 130374      0      0      0      0    149     11 
    0    344     52     49     83     42      0      0      0      0   3201   1965     21      0 130373 130374      0      0      0      0    121     34 
    0    355     47     44      0      0      0      0      0      0   3201   1980      6      0 130373 130374      0      0      0      0    135     31 
    0    473     55     51     89     54      0      0      0      0   3201   1980      0      0 130373 130374      0      0      0      0    152     32 
    0    364     50     44      0      0      0      0      0      0   3201   1980      0      0 130373 130374      0      0      0      0    141     28 
    0    482     52     51     98     54      0      0      0      0   3201   1980     33      0 130373 130374      0      0      0      0     25      0 
