# gpu    pwr  gtemp  mtemp     sm    mem    enc    dec    jpg    ofa   mclk   pclk  pviol  tviol     fb   bar1   ccpm  sbecc  dbecc    pci  rxpci  txpci 
# Idx      W      C      C      %      %      %      %      %      %    MHz    MHz      %   bool     MB     MB     MB   errs   errs   errs   MB/s   MB/s 
    0    143     42     39      0      0      0      0      0      0   3201   1980      0      0 130369 130370      0      0      0      0      0      0 
    0    134     42     38      0      0      0      0      0      0   3201   1980      0      0 130369 130370      0      0      0      0      0      0 
    0    133     41     38      0      0      0      0      0      0   3201   1980      0      0 130369 130370      0      0      0      0      0      0 
    0    133     41     38      0      0      0      0      0      0   3201   1980      0      0 130369 130370      0      0      0      0      0      0 
    0    133     41     38      0      0      0      0      0      0   3201   1980      0      0 130369 130370      0      0      0      0      0      0 
    0    133     41     38      0      0      0      0      0      0   3201   1980      0      0 130369 130370      0      0      0      0      0      0 
    0    133     41     38      0      0      0      0      0      0   3201   1980      0      0 130369 130370      0      0      0      0      0      0 
    0    133     41     38      0      0      0      0      0      0   3201   1980      0      0 130369 130370      0      0      0      0      0      0 
    0    133     41     38      0      0      0      0      0      0   3201   1980      0      0 130369 130370      0      0      0      0      0      0 
    0    132     41     38      0      0      0      0      0      0   3201   1980      0      0 130369 130370      0      0      0      0      1      0 
    0    132     41     38      0      0      0      0      0      0   3201   1980      0      0 130369 130370      0      0      0      0      0      0 
    0    132     41     38      0      0      0      0      0      0   3201   1980      0      0 130369 130370      0      0      0      0      0      0 
    0    132     41     38      0      0      0      0      0      0   3201   1980      0      0 130369 130370      0      0      0      0      0      1 
    0    290     47     44     94     59      0      0      0      0   3201   1980      0      0 130371 130372      0      0      0      0    117     31 
    0    413     44     47     43     27      0      0      0      0   3201   1980      0      0 130373 130374      0      0      0      0    147     31 
    0    359     45     44     95     58      0      0      0      0   3201   1980      0      0 130373 130374      0      0      0      0    148     29 
    0    278     43     41      0      0      0      0      0      0   3201   1980      0      0 130373 130374      0      0      0      0    109     28 
    0    202     42     40      0      0      0      0      0      0   3201   1980      0      0 130373 130374      0      0      0      0      0      0 
    0    242     50     45     94     58      0      0      0      0   3201   1980      0      0 130373 130374      0      0      0      0    143     32 
    0    336     44     43     95     59      0      0      0      0   3201   1980      0      0 130373 130374      0      0      0      0    150     29 
    0    330     44     43     52     32      0      0      0      0   3201   1980      0      0 130373 130374      0      0      0      0      0      1 
    0    271     49     45     96     60      0      0      0      0   3201   1965     28      0 130373 130374      0      0      0      0    147     31 
    0    285     45     46     59     36      0      0      0      0   3201   1980      8      0 130373 130374      0      0      0      0      0      1 
    0    254     44     42      0      0      0      0      0      0   3201   1980      0      0 130373 130374      0      0      0      0      0      0 
    0    249     44     42      0      0      0      0      0      0   3201   1980      0      0 130373 130374      0      0      0      0      0      1 
    0    134     42     39      0      0      0      0      0      0   3201   1980      0      0 130373 130374      0      0      0      0      0      0 
    0    239     43     41      0      0      0      0      0      0   3201   1980      0      0 130373 130374      0      0      0      0    118     32 
    0    282     43     41      0      0      0      0      0      0   3201   1980      0      0 130373 130374      0      0      0      0    133     26 
    0    421     49     47     96     60      0      0      0      0   3201   1980      0      0 130373 130374      0      0      0      0      0      1 
    0    134     43     40      0      0      0      0      0      0   3201   1980      0      0 130373 130374      0      0      0      0    104     26 
    0    438     50     48     97     55      0      0      0      0   3201   1980      0      0 130373 130374      0      0      0      0    119     31 
    0    308     49     46     32     16      0      0      0      0   3201   1980      0      0 130373 130374      0      0      0      0     93      0 
    0    341     49     47     95     56      0      0      0      0   3201   1980      0      0 130373 130374      0      0      0      0      0      0 
    0    316     45     48     24     15      0      0      0      0   3201   1980      0      0 130373 130374      0      0      0      0      0      0 
    0    134     43     41      0      0      0      0      0      0   3201   1980      0      0 130373 130374      0      0      0      0    149     27 
    0    333     49     46     96     54      0      0      0      0   3201   1980      0      0 130373 130374      0      0      0      0    133     25 
    0    380     49     47     95     60      0      0      0      0   3201   1980      0      0 130373 130374      0      0      0      0      0      1 
    0    339     51     46     98     60      0      0      0      0   3201   1980      0      0 130373 130374      0      0      0      0    126     31 
    0    413     49     48     95     58      0      0      0      0   3201   1980      0      0 130373 130374      0      0      0      0    131     31 
    0    204     44     42      0      0      0      0      0      0   3201   1980      0      0 130373 130374      0      0      0      0      0      0 
    0    134     43     40      0      0      0      0      0      0   3201   1980      0      0 130373 130374      0      0      0      0      0      0 
    0    366     48     42     94     59      0      0      0      0   3201   1980      0      0 130373 130374      0      0      0      0    134     21 
    0    483     50     49     94     58      0      0      0      0   3201   1980      0      0 130373 130374      0      0      0      0      0      1 
    0    398     47     49     59     36      0      0      0      0   3201   1980      0      0 130373 130374      0      0      0      0      0      0 
# gpu    pwr  gtemp  mtemp     sm    mem    enc    dec    jpg    ofa   mclk   pclk  pviol  tviol     fb   bar1   ccpm  sbecc  dbecc    pci  rxpci  txpci 
# Idx      W      C      C      %      %      %      %      %      %    MHz    MHz      %   bool     MB     MB     MB   errs   errs   errs   MB/s   MB/s 
    0    268     45     43      0      0      0      0      0      0   3201   1980      0      0 130373 130374      0      0      0      0      0      0 
    0    235     44     42      0      0      0      0      0      0   3201   1980      0      0 130373 130374      0      0      0      0      0      0 
    0    134     43     41      0      0      0      0      0      0   3201   1980      0      0 130373 130374      0      0      0      0      0      0 
    0    299     45     43      0      0      0      0      0      0   3201   1980      0      0 130373 130374      0      0      0      0      4      0 
    0    134     43     40      0      0      0      0      0      0   3201   1980      0      0 130373 130374      0      0      0      0      0      0 
    0    282     48     44     84     49      0      0      0      0   3201   1980      0      0 130373 130374      0      0      0      0      0      0 
    0    361     51     47     99     61      0      0      0      0   3201   1980     27      0 130373 130374      0      0      0      0    132     27 
    0    404     46     47     19      8      0      0      0      0   3201   1980      0      0 130373 130374      0      0      0      0    140     31 
    0    388     51     47     59     32      0      0      0      0   3201   1980      0      0 130373 130374      0      0      0      0    137     29 
    0    297     45     43      0      0      0      0      0      0   3201   1980      0      0 130373 130374      0      0      0      0      0      0 
    0    273     49     47     95     58      0      0      0      0   3201   1980      0      0 130373 130374      0      0      0      0    119     30 
    0    313     45     43      0      0      0      0      0      0   3201   1980      0      0 130373 130374      0      0      0      0    140     28 
    0    412     49     48     95     61      0      0      0      0   3201   1980      0      0 130373 130374      0      0      0      0      0      0 
    0    267     49     48     96     59      0      0      0      0   3201   1980      0      0 130373 130374      0      0      0      0      0      0 
    0    321     48     43     95     59      0      0      0      0   3201   1980      0      0 130373 130374      0      0      0      0    111     28 
    0    217     44     42      0      0      0      0      0      0   3201   1980      0      0 130373 130374      0      0      0      0      0      0 
    0    270     46     46     49     30      0      0      0      0   3201   1980      0      0 130373 130374      0      0      0      0    139     28 
    0    382     49     47     92     51      0      0      0      0   3201   1980      0      0 130373 130374      0      0      0      0    139     31 
    0    204     44     42      0      0      0      0      0      0   3201   1980      0      0 130373 130374      0      0      0      0      0      1 
    0    323     49     47     95     58      0      0      0      0   3201   1980      0      0 130373 130374      0      0      0      0    139     20 
    0    251     48     47     95     58      0      0      0      0   3201   1980      0      0 130373 130374      0      0      0      0      0      1 
    0    319     45     43      0      0      0      0      0      0   3201   1980      0      0 130373 130374      0      0      0      0      0      0 
    0    299     45     43      0      0      0      0      0      0   3201   1980      0      0 130373 130374      0      0      0      0      0      0 
    0    264     48     46     40     21      0      0      0      0   3201   1980      0      0 130373 130374      0      0      0      0    135     29 
    0    204     43     41      0      0      0      0      0      0   3201   1980      0      0 130373 130374      0      0      0      0    119     30 
    0    283     45     44     12      7      0      0      0      0   3201   1980      0      0 130373 130374      0      0      0      0      0      0 
    0    341     45     46      0      0      0      0      0      0   3201   1980      0      0 130373 130374      0      0      0      0      0      0 
    0    134     43     41      0      0      0      0      0      0   3201   1980      0      0 130373 130374      0      0      0      0    133     29 
    0    360     49     47     96     60      0      0      0      0   3201   1980      0      0 130373 130374      0      0      0      0      0      0 
    0    345     45     44      0      0      0      0      0      0   3201   1980      0      0 130373 130374      0      0      0      0    151     19 
    0    401     51     48     98     61      0      0      0      0   3201   1980      0      0 130373 130374      0      0      0      0    117     34 
    0    415     46     46     61     34      0      0      0      0   3201   1980      0      0 130373 130374      0      0      0      0    152     28 
    0    363     49     47     90     53      0      0      0      0   3201   1980      0      0 130373 130374      0      0      0      0    120     30 
    0    345     47     47     73     45      0      0      0      0   3201   1980      0      0 130373 130374      0      0      0      0      0      0 
    0    242     53     47     90     50      0      0      0      0   3201   1980      0      0 130373 130374      0      0      0      0    132     29 
    0    294     45     43      0      0      0      0      0      0   3201   1980      0      0 130373 130374      0      0      0      0      0      0 
    0    337     47     49     82     51      0      0      0      0   3201   1980      0      0 130373 130374      0      0      0      0     70     30 
    0    320     49     47     90     56      0      0      0      0   3201   1980      0      0 130373 130374      0      0      0      0    124     31 
    0    206     49     43     83     48      0      0      0      0   3201   1980      0      0 130373 130374      0      0      0      0    150     28 
    0    324     45     47      0      0      0      0      0      0   3201   1980      0      0 130373 130374      0      0      0      0      0      0 
    0    134     43     41      0      0      0      0      0      0   3201   1980      0      0 130373 130374      0      0      0      0      0      0 
    0    134     43     40      0      0      0      0      0      0   3201   1980      0      0 130373 130374      0      0      0      0      0      0 
    0    211     48     44     96     60      0      0      0      0   3201   1980      0      0 130373 130374      0      0      0      0    151     28 
    0    247     47     42     89     50      0      0      0      0   3201   1980      0      0 130373 130374      0      0      0      0    136     21 
# gpu    pwr  gtemp  mtemp     sm    mem    enc    dec    jpg    ofa   mclk   pclk  pviol  tviol     fb   bar1   ccpm  sbecc  dbecc    pci  rxpci  txpci 
# Idx      W      C      C      %      %      %      %      %      %    MHz    MHz      %   bool     MB     MB     MB   errs   errs   errs   MB/s   MB/s 
    0    314     44     43      0      0      0      0      0      0   3201   1980      0      0 130373 130374      0      0      0      0      0      0 
    0    325     49     48     94     58      0      0      0      0   3201   1980      0      0 130373 130374      0      0      0      0    137      1 
    0    404     51     48     88     56      0      0      0      0   3201   1980      0      0 130373 130374      0      0      0      0    122     31 
    0    339     49     48     95     59      0      0      0      0   3201   1980      0      0 130373 130374      0      0      0      0      0      0 
    0    229     44     43      0      0      0      0      0      0   3201   1980      0      0 130373 130374      0      0      0      0      0      0 
    0    237     44     43      0      0      0      0      0      0   3201   1980      0      0 130373 130374      0      0      0      0      0      0 
    0    134     43     41      0      0      0      0      0      0   3201   1980      0      0 130373 130374      0      0      0      0      0      0 
    0    246     43     42      0      0      0      0      0      0   3201   1980      0      0 130373 130374      0      0      0      0    114     31 
    0    359     48     42      0      0      0      0      0      0   3201   1980     27      0 130373 130374      0      0      0      0    140     29 
    0    438     47     47     80     49      0      0      0      0   3201   1980     44      0 130373 130374      0      0      0      0      0      0 
    0    358     47     49      0      0      0      0      0      0   3201   1980      0      0 130373 130374      0      0      0      0      0      0 
    0    175     48     42     86     50      0      0      0      0   3201   1980      0      0 130373 130374      0      0      0      0    118     31 
    0    384     50     48     95     59      0      0      0      0   3201   1980      0      0 130373 130374      0      0      0      0    128     29 
    0    417     50     49     95     59      0      0      0      0   3201   1980      0      0 130373 130374      0      0      0      0      0      0 
    0    181     47     43     95     59      0      0      0      0   3201   1980      0      0 130373 130374      0      0      0      0    139     30 
    0    371     50     48     93     58      0      0      0      0   3201   1980      0      0 130373 130374      0      0      0      0      0      0 
    0    311     49     47     89     55      0      0      0      0   3201   1980      0      0 130373 130374      0      0      0      0    125     31 
    0    422     47     50     61     38      0      0      0      0   3201   1980      0      0 130373 130374      0      0      0      0      0      1 
    0    207     48     45     95     59      0      0      0      0   3201   1980      0      0 130373 130374      0      0      0      0    119     30 
    0    346     49     47     95     54      0      0      0      0   3201   1980      0      0 130373 130374      0      0      0      0    126     25 
    0    373     45     44      0      0      0      0      0      0   3201   1980      0      0 130373 130374      0      0      0      0      0      0 
