# gpu    pwr  gtemp  mtemp     sm    mem    enc    dec    jpg    ofa   mclk   pclk  pviol  tviol     fb   bar1   ccpm  sbecc  dbecc    pci  rxpci  txpci 
# Idx      W      C      C      %      %      %      %      %      %    MHz    MHz      %   bool     MB     MB     MB   errs   errs   errs   MB/s   MB/s 
    0    152     41     38      0      0      0      0      0      0   3201   1980      0      0 130369 130370      0      0      0      0      0      1 
    0    133     41     38      0      0      0      0      0      0   3201   1980      0      0 130369 130370      0      0      0      0      0      0 
    0    132     41     38      0      0      0      0      0      0   3201   1980      0      0 130369 130370      0      0      0      0      0      1 
    0    132     41     38      0      0      0      0      0      0   3201   1980      0      0 130369 130370      0      0      0      0      0      0 
    0    132     41     38      0      0      0      0      0      0   3201   1980      0      0 130369 130370      0      0      0      0      0      1 
    0    132     41     38      0      0      0      0      0      0   3201   1980      0      0 130369 130370      0      0      0      0      0      0 
    0    132     41     38      0      0      0      0      0      0   3201   1980      0      0 130369 130370      0      0      0      0      0      1 
    0    132     41     38      0      0      0      0      0      0   3201   1980      0      0 130369 130370      0      0      0      0      0      0 
    0    132     41     37      0      0      0      0      0      0   3201   1980      0      0 130369 130370      0      0      0      0      0      0 
    0    132     41     37      0      0      0      0      0      0   3201   1980      0      0 130369 130370      0      0      0      0      0      0 
    0    132     41     37      0      0      0      0      0      0   3201   1980      0      0 130369 130370      0      0      0      0      0      0 
    0    132     40     37      0      0      0      0      0      0   3201   1980      0      0 130369 130370      0      0      0      0      0      0 
    0    132     40     37      0      0      0      0      0      0   3201   1980      0      0 130369 130370      0      0      0      0      0      0 
    0    140     40     37      0      0      0      0      0      0   3201   1980      0      0 130373 130374      0      0      0      0      0      0 
    0    367     49     45     96     59      0      0      0      0   3201   1980      0      0 130373 130374      0      0      0      0    119     30 
    0    373     47     47     88     54      0      0      0      0   3201   1980      0      0 130373 130374      0      0      0      0      0      0 
    0    194     46     43     32     19      0      0      0      0   3201   1980      0      0 130373 130374      0      0      0      0      0      0 
    0    134     41     39      0      0      0      0      0      0   3201   1980      0      0 130373 130374      0      0      0      0      0      0 
    0    302     45     44     88     54      0      0      0      0   3201   1980      0      0 130373 130374      0      0      0      0      0      0 
    0    319     48     46     96     59      0      0      0      0   3201   1980      0      0 130373 130374      0      0      0      0    117     29 
    0    249     42     41      0      0      0      0      0      0   3201   1980      0      0 130373 130374      0      0      0      0      0      0 
    0    264     44     44     95     59      0      0      0      0   3201   1980      0      0 130373 130374      0      0      0      0      0      0 
    0    232     43     40      0      0      0      0      0      0   3201   1980      0      0 130373 130374      0      0      0      0      0      0 
    0    222     42     40      0      0      0      0      0      0   3201   1980      0      0 130373 130374      0      0      0      0      0      0 
    0    206     42     40      0      0      0      0      0      0   3201   1980      0      0 130373 130374      0      0      0      0      0      0 
    0    139     42     39      0      0      0      0      0      0   3201   1980      0      0 130373 130374      0      0      0      0    143     22 
    0    252     47     45     95     60      0      0      0      0   3201   1980      0      0 130373 130374      0      0      0      0    144     30 
    0    336     47     45     94     57      0      0      0      0   3201   1980      0      0 130373 130374      0      0      0      0    150     29 
    0    278     43     42      0      0      0      0      0      0   3201   1980      0      0 130373 130374      0      0      0      0      0      0 
    0    193     47     43      1      0      0      0      0      0   3201   1980      0      0 130373 130374      0      0      0      0      0      1 
    0    349     44     44      0      0      0      0      0      0   3201   1980      0      0 130373 130374      0      0      0      0      0      0 
    0    274     44     44      0      0      0      0      0      0   3201   1980      0      0 130373 130374      0      0      0      0    154     30 
    0    342     47     45      0      0      0      0      0      0   3201   1980      0      0 130373 130374      0      0      0      0    108     31 
    0    248     44     42      0      0      0      0      0      0   3201   1980      0      0 130373 130374      0      0      0      0      0      1 
    0    212     47     45     94     58      0      0      0      0   3201   1980      0      0 130373 130374      0      0      0      0      0      0 
    0    342     49     47     78     47      0      0      0      0   3201   1980      0      0 130373 130374      0      0      0      0    128     32 
    0    287     47     43      0      0      0      0      0      0   3201   1980      0      0 130373 130374      0      0      0      0    149     28 
    0    344     50     48     96     59      0      0      0      0   3201   1980      0      0 130373 130374      0      0      0      0    119     32 
    0    385     50     49     94     59      0      0      0      0   3201   1980      0      0 130373 130374      0      0      0      0      0      0 
    0    136     44     41      0      0      0      0      0      0   3201   1980      0      0 130373 130374      0      0      0      0      0      0 
    0    170     46     42      0      0      0      0      0      0   3201   1980      0      0 130373 130374      0      0      0      0     98     31 
    0    384     49     47     95     59      0      0      0      0   3201   1980      0      0 130373 130374      0      0      0      0    116     31 
    0    360     45     43      0      0      0      0      0      0   3201   1980      0      0 130373 130374      0      0      0      0    119     31 
    0    313     45     43      0      0      0      0      0      0   3201   1980      0      0 130373 130374      0      0      0      0      0      0 
# gpu    pwr  gtemp  mtemp     sm    mem    enc    dec    jpg    ofa   mclk   pclk  pviol  tviol     fb   bar1   ccpm  sbecc  dbecc    pci  rxpci  txpci 
# Idx      W      C      C      %      %      %      %      %      %    MHz    MHz      %   bool     MB     MB     MB   errs   errs   errs   MB/s   MB/s 
    0    243     45     43      0      0      0      0      0      0   3201   1980      0      0 130373 130374      0      0      0      0      0      2 
    0    280     45     43      0      0      0      0      0      0   3201   1980      0      0 130373 130374      0      0      0      0      0      0 
    0    135     44     41      0      0      0      0      0      0   3201   1980      0      0 130373 130374      0      0      0      0    123     31 
    0    295     44     42      0      0      0      0      0      0   3201   1980      0      0 130373 130374      0      0      0      0      0      0 
    0    135     44     41      0      0      0      0      0      0   3201   1980      0      0 130373 130374      0      0      0      0      0     18 
    0    264     45     42      0      0      0      0      0      0   3201   1980      0      0 130373 130374      0      0      0      0      0      0 
    0    405     51     49     94     58      0      0      0      0   3201   1980      0      0 130373 130374      0      0      0      0    120     30 
    0    349     50     48     95     60      0      0      0      0   3201   1980      0      0 130373 130374      0      0      0      0    149     10 
    0    393     50     49     37     23      0      0      0      0   3201   1980      0      0 130373 130374      0      0      0      0     15     25 
    0    208     45     43      0      0      0      0      0      0   3201   1980      0      0 130373 130374      0      0      0      0      0      0 
    0    288     47     48     53     33      0      0      0      0   3201   1980      0      0 130373 130374      0      0      0      0     23     30 
    0    313     50     46     93     57      0      0      0      0   3201   1980      0      0 130373 130374      0      0      0      0    127     31 
    0    330     46     44      0      0      0      0      0      0   3201   1980      0      0 130373 130374      0      0      0      0      0      0 
    0    289     49     47     62     38      0      0      0      0   3201   1980      0      0 130373 130374      0      0      0      0    134     31 
    0    316     50     48     88     55      0      0      0      0   3201   1980      0      0 130373 130374      0      0      0      0      0      0 
    0    135     44     42      0      0      0      0      0      0   3201   1980      0      0 130373 130374      0      0      0      0      0      0 
    0    320     49     48     94     59      0      0      0      0   3201   1980      0      0 130373 130374      0      0      0      0      0      0 
    0    325     50     49     95     59      0      0      0      0   3201   1980      0      0 130373 130374      0      0      0      0      0      0 
    0    136     45     42      0      0      0      0      0      0   3201   1980      0      0 130373 130374      0      0      0      0      0      0 
    0    288     46     43      0      0      0      0      0      0   3201   1980      0      0 130373 130374      0      0      0      0      0      0 
    0    251     46     47      0      0      0      0      0      0   3201   1980      0      0 130373 130374      0      0      0      0    129     32 
    0    282     45     43      0      0      0      0      0      0   3201   1980      0      0 130373 130374      0      0      0      0    120     31 
    0    286     45     43      0      0      0      0      0      0   3201   1980      0      0 130373 130374      0      0      0      0      0      1 
    0    277     47     46      0      0      0      0      0      0   3201   1980      0      0 130373 130374      0      0      0      0      0      0 
    0    204     49     46     47     29      0      0      0      0   3201   1980      0      0 130373 130374      0      0      0      0      0      1 
    0    238     47     44     13      8      0      0      0      0   3201   1980      0      0 130373 130374      0      0      0      0    149     28 
    0    259     45     43      0      0      0      0      0      0   3201   1980      0      0 130373 130374      0      0      0      0      0      1 
    0    195     49     46     34     20      0      0      0      0   3201   1980      0      0 130373 130374      0      0      0      0      0      0 
    0    294     46     44      0      0      0      0      0      0   3201   1980      0      0 130373 130374      0      0      0      0    122     32 
    0    361     50     48     94     57      0      0      0      0   3201   1980      0      0 130373 130374      0      0      0      0    145     29 
    0    379     51     50     95     57      0      0      0      0   3201   1980      0      0 130373 130374      0      0      0      0    149     28 
    0    342     48     50      0      0      0      0      0      0   3201   1980      0      0 130373 130374      0      0      0      0      0      4 
    0    292     47     48      0      0      0      0      0      0   3201   1980      0      0 130373 130374      0      0      0      0      0      1 
    0    284     46     43      0      0      0      0      0      0   3201   1980      0      0 130373 130374      0      0      0      0      0      0 
    0    282     50     49     95     59      0      0      0      0   3201   1980      0      0 130373 130374      0      0      0      0    128     31 
    0    177     45     43      0      0      0      0      0      0   3201   1980      0      0 130373 130374      0      0      0      0     72     29 
    0    246     48     44     95     59      0      0      0      0   3201   1980      0      0 130373 130374      0      0      0      0    135      0 
    0    290     47     49      0      0      0      0      0      0   3201   1980      0      0 130373 130374      0      0      0      0      0      0 
    0    226     50     48     95     59      0      0      0      0   3201   1980      0      0 130373 130374      0      0      0      0    125     31 
    0    309     46     43      0      0      0      0      0      0   3201   1980      0      0 130373 130374      0      0      0      0      0      0 
    0    135     45     42      0      0      0      0      0      0   3201   1980      0      0 130373 130374      0      0      0      0      0      0 
    0    135     44     42      0      0      0      0      0      0   3201   1980      0      0 130373 130374      0      0      0      0      0      0 
    0    242     49     47     95     60      0      0      0      0   3201   1980      0      0 130373 130374      0      0      0      0      0      0 
    0    235     50     47     96     59      0      0      0      0   3201   1980      0      0 130373 130374      0      0      0      0    121      5 
# gpu    pwr  gtemp  mtemp     sm    mem    enc    dec    jpg    ofa   mclk   pclk  pviol  tviol     fb   bar1   ccpm  sbecc  dbecc    pci  rxpci  txpci 
# Idx      W      C      C      %      %      %      %      %      %    MHz    MHz      %   bool     MB     MB     MB   errs   errs   errs   MB/s   MB/s 
    0    319     46     44      0      0      0      0      0      0   3201   1980      0      0 130373 130374      0      0      0      0      0      0 
    0    204     45     43      0      0      0      0      0      0   3201   1980      0      0 130373 130374      0      0      0      0    131     31 
    0    377     51     49     95     60      0      0      0      0   3201   1980      0      0 130373 130374      0      0      0      0      0      0 
    0    274     46     45      0      0      0      0      0      0   3201   1980      0      0 130373 130374      0      0      0      0      0      0 
    0    222     45     43      0      0      0      0      0      0   3201   1980      0      0 130373 130374      0      0      0      0      0      0 
    0    199     45     42      0      0      0      0      0      0   3201   1980      0      0 130373 130374      0      0      0      0      0      0 
    0    169     47     42      0      0      0      0      0      0   3201   1980      0      0 130373 130374      0      0      0      0    149     27 
    0    218     48     42      0      0      0      0      0      0   3201   1980      0      0 130373 130374      0      0      0      0    147     27 
    0    325     50     48     95     59      0      0      0      0   3201   1980      0      0 130373 130374      0      0      0      0    139     30 
    0    419     49     48      0      0      0      0      0      0   3201   1980      0      0 130373 130374      0      0      0      0    135     28 
    0    323     46     44      0      0      0      0      0      0   3201   1980      0      0 130373 130374      0      0      0      0      0      0 
    0    202     48     48     94     60      0      0      0      0   3201   1980      0      0 130373 130374      0      0      0      0      0      0 
    0    385     51     49     90     55      0      0      0      0   3201   1980      0      0 130373 130374      0      0      0      0      0      0 
    0    327     47     48      0      0      0      0      0      0   3201   1980      0      0 130373 130374      0      0      0      0      0      0 
    0    229     50     47     94     59      0      0      0      0   3201   1980      0      0 130373 130374      0      0      0      0      0      0 
    0    337     47     46      3      1      0      0      0      0   3201   1980      0      0 130373 130374      0      0      0      0    128     29 
    0    317     51     49     84     52      0      0      0      0   3201   1980      0      0 130373 130374      0      0      0      0    128     29 
    0    293     46     44      0      0      0      0      0      0   3201   1980      0      0 130373 130374      0      0      0      0      0      0 
    0    211     47     47     42     26      0      0      0      0   3201   1980      0      0 130373 130374      0      0      0      0      0      0 
    0    352     52     49     95     59      0      0      0      0   3201   1980      0      0 130373 130374      0      0      0      0    154     28 
    0    250     46     43      0      0      0      0      0      0   3201   1980      0      0 130373 130374      0      0      0      0      0      0 
    0    135     45     42      0      0      0      0      0      0   3201   1980      0      0 130373 130374      0      0      0      0      0      0 
    0    135     45     42      0      0      0      0      0      0   3201   1980      0      0 130373 130374      0      0      0      0      0      0 
    0    135     44     42      0      0      0      0      0      0   3201   1980      0      0 130373 130374      0      0      0      0      0      1 
    0    135     44     41      0      0      0      0      0      0   3201   1980      0      0 130373 130374      0      0      0      0      0      0 
    0    135     44     41      0      0      0      0      0      0   3201   1980      0      0 130373 130374      0      0      0      0      0      1 
    0    134     44     41      0      0      0      0      0      0   3201   1980      0      0 130373 130374      0      0      0      0      0      0 
    0    134     44     41      0      0      0      0      0      0   3201   1980      0      0 130373 130374      0      0      0      0     20     24 
