# gpu    pwr  gtemp  mtemp     sm    mem    enc    dec    jpg    ofa   mclk   pclk  pviol  tviol     fb   bar1   ccpm  sbecc  dbecc    pci  rxpci  txpci 
# Idx      W      C      C      %      %      %      %      %      %    MHz    MHz      %   bool     MB     MB     MB   errs   errs   errs   MB/s   MB/s 
    0    167     44     43     69     47      0      0      0      0   3201   1980      0      0 130369 130370      0      0      0      0      0      0 
    0    134     42     39      0      0      0      0      0      0   3201   1980      0      0 130369 130370      0      0      0      0      0      1 
    0    133     41     39      0      0      0      0      0      0   3201   1980      0      0 130369 130370      0      0      0      0      0      0 
    0    133     41     38      0      0      0      0      0      0   3201   1980      0      0 130369 130370      0      0      0      0      0      1 
    0    133     41     38      0      0      0      0      0      0   3201   1980      0      0 130369 130370      0      0      0      0      1      0 
    0    133     41     38      0      0      0      0      0      0   3201   1980      0      0 130369 130370      0      0      0      0      0      1 
    0    132     41     38      0      0      0      0      0      0   3201   1980      0      0 130369 130370      0      0      0      0      0      0 
    0    132     41     38      0      0      0      0      0      0   3201   1980      0      0 130369 130370      0      0      0      0      0      1 
    0    132     41     38      0      0      0      0      0      0   3201   1980      0      0 130369 130370      0      0      0      0      0      0 
    0    132     41     38      0      0      0      0      0      0   3201   1980      0      0 130369 130370      0      0      0      0      0      1 
    0    132     41     38      0      0      0      0      0      0   3201   1980      0      0 130369 130370      0      0      0      0      0      0 
    0    132     41     38      0      0      0      0      0      0   3201   1980      0      0 130369 130370      0      0      0      0      0      1 
    0    132     41     38      0      0      0      0      0      0   3201   1980      0      0 130369 130370      0      0      0      0      0      0 
    0    191     45     43     93     58      0      0      0      0   3201   1980      0      0 130371 130372      0      0      0      0    147     29 
    0    424     47     46     63     35      0      0      0      0   3201   1980     27      0 130373 130374      0      0      0      0    118     31 
    0    392     44     43     52     32      0      0      0      0   3201   1980      0      0 130373 130374      0      0      0      0    120     31 
    0    320     43     42      0      0      0      0      0      0   3201   1980      0      0 130373 130374      0      0      0      0      0      0 
    0    243     43     41      0      0      0      0      0      0   3201   1980      0      0 130373 130374      0      0      0      0      0      1 
    0    164     46     43      0      0      0      0      0      0   3201   1965      9      0 130373 130374      0      0      0      0    118     31 
    0    331     47     41      0      0      0      0      0      0   3201   1965     53      0 130373 130374      0      0      0      0    118     32 
    0    447     49     48     95     59      0      0      0      0   3201   1980     52      0 130373 130374      0      0      0      0    145     28 
    0    181     49     42      0      0      0      0      0      0   3201   1980      0      0 130373 130374      0      0      0      0    108     30 
    0    349     48     45      0      0      0      0      0      0   3201   1980     37      0 130373 130374      0      0      0      0    117     31 
    0    328     48     47     89     54      0      0      0      0   3201   1980      0      0 130373 130374      0      0      0      0     82      1 
    0    263     46     47     86     53      0      0      0      0   3201   1980      0      0 130373 130374      0      0      0      0      0      0 
    0    135     43     40      0      0      0      0      0      0   3201   1980      0      0 130373 130374      0      0      0      0      0      1 
    0    270     44     44     80     49      0      0      0      0   3201   1980     31      0 130373 130374      0      0      0      0      0      0 
    0    374     46     48     95     60      0      0      0      0   3201   1980     27      0 130373 130374      0      0      0      0      0      1 
    0    414     51     48     99     51      0      0      0      0   3201   1950     45      0 130373 130374      0      0      0      0    150     30 
    0    222     43     42      0      0      0      0      0      0   3201   1980     24      0 130373 130374      0      0      0      0      0      1 
    0    398     50     48     97     62      0      0      0      0   3201   1950     35      0 130373 130374      0      0      0      0    122     31 
    0    385     49     46     50     27      0      0      0      0   3201   1980     35      0 130373 130374      0      0      0      0    122     33 
    0    448     50     45     14      7      0      0      0      0   3201   1980     74      0 130373 130374      0      0      0      0    145     28 
    0    394     49     47     49     26      0      0      0      0   3201   1980     58      0 130373 130374      0      0      0      0    149     30 
    0    199     44     42      0      0      0      0      0      0   3201   1980      0      0 130373 130374      0      0      0      0      0      0 
    0    315     49     47      2      1      0      0      0      0   3201   1980      0      0 130373 130374      0      0      0      0    122     21 
    0    425     50     44     78     36      0      0      0      0   3201   1950     60      0 130373 130374      0      0      0      0    137     32 
    0    362     45     44      0      0      0      0      0      0   3201   1980     57      0 130373 130374      0      0      0      0    128     31 
    0    479     54     50     95     60      0      0      0      0   3201   1980     75      0 130373 130374      0      0      0      0    147     28 
    0    341     45     43      0      0      0      0      0      0   3201   1980     34      0 130373 130374      0      0      0      0      0      0 
    0    135     44     41      0      0      0      0      0      0   3201   1980      0      0 130373 130374      0      0      0      0      0      0 
    0    357     50     48     96     60      0      0      0      0   3201   1965     59      0 130373 130374      0      0      0      0    118     31 
    0    472     52     50     98     50      0      0      0      0   3201   1935     85      0 130373 130374      0      0      0      0    143     31 
    0    479     51     50     98     56      0      0      0      0   3201   1965     86      0 130373 130374      0      0      0      0    120     32 
# gpu    pwr  gtemp  mtemp     sm    mem    enc    dec    jpg    ofa   mclk   pclk  pviol  tviol     fb   bar1   ccpm  sbecc  dbecc    pci  rxpci  txpci 
# Idx      W      C      C      %      %      %      %      %      %    MHz    MHz      %   bool     MB     MB     MB   errs   errs   errs   MB/s   MB/s 
    0    307     50     49     96     61      0      0      0      0   3201   1980     14      0 130373 130374      0      0      0      0     16      0 
    0    289     50     48     96     61      0      0      0      0   3201   1980     32      0 130373 130374      0      0      0      0      0      0 
    0    135     44     42      0      0      0      0      0      0   3201   1980      0      0 130373 130374      0      0      0      0      0      0 
    0    323     50     48     97     53      0      0      0      0   3201   1980      0      0 130373 130374      0      0      0      0    117     31 
    0    192     44     42      0      0      0      0      0      0   3201   1980      0      0 130373 130374      0      0      0      0      0      0 
    0    257     46     48     77     48      0      0      0      0   3201   1980      0      0 130373 130374      0      0      0      0    109     33 
    0    408     51     47     92     49      0      0      0      0   3201   1965     32      0 130373 130374      0      0      0      0    164     29 
    0    517     51     50     97     61      0      0      0      0   3201   1965     99      0 130373 130374      0      0      0      0     83     29 
    0    472     51     51     96     51      0      0      0      0   3201   1965     44      0 130373 130374      0      0      0      0    153     31 
    0    466     48     51     84     53      0      0      0      0   3201   1980     74      0 130373 130374      0      0      0      0      0      0 
    0    172     49     44     41     21      0      0      0      0   3201   1980      0      0 130373 130374      0      0      0      0     77     32 
    0    431     50     49     96     59      0      0      0      0   3201   1965     65      0 130373 130374      0      0      0      0      1      1 
    0    429     52     48     57     23      0      0      0      0   3201   1920     43      0 130373 130374      0      0      0      0    156     29 
    0    313     50     48     99     61      0      0      0      0   3201   1965     50      0 130373 130374      0      0      0      0    121     32 
    0    369     47     47     90     57      0      0      0      0   3201   1980     63      0 130373 130374      0      0      0      0      0      0 
    0    250     45     43      0      0      0      0      0      0   3201   1980      0      0 130373 130374      0      0      0      0      0      0 
    0    222     51     47     70     39      0      0      0      0   3201   1980      0      0 130373 130374      0      0      0      0    123     31 
    0    432     50     50     95     59      0      0      0      0   3201   1980     29      0 130373 130374      0      0      0      0    150     28 
    0    333     45     43      0      0      0      0      0      0   3201   1980     34      0 130373 130374      0      0      0      0      0      0 
    0    228     49     48     96     60      0      0      0      0   3201   1980      0      0 130373 130374      0      0      0      0    159     30 
    0    300     50     43      0      0      0      0      0      0   3201   1980      0      0 130373 130374      0      0      0      0    131     31 
    0    391     51     50     96     61      0      0      0      0   3201   1980      0      0 130373 130374      0      0      0      0      0      0 
    0    303     50     49     96     60      0      0      0      0   3201   1980     34      0 130373 130374      0      0      0      0    151     28 
    0    242     48     47     94     54      0      0      0      0   3201   1965     27      0 130373 130374      0      0      0      0    145     30 
    0    316     45     43      0      0      0      0      0      0   3201   1980     38      0 130373 130374      0      0      0      0      0      0 
    0    348     50     49     95     59      0      0      0      0   3201   1965     57      0 130373 130374      0      0      0      0    127     20 
    0    361     50     49     95     59      0      0      0      0   3201   1980      2      0 130373 130374      0      0      0      0    122     31 
    0    189     44     42      0      0      0      0      0      0   3201   1980      0      0 130373 130374      0      0      0      0      0      0 
    0    337     49     49     59     31      0      0      0      0   3201   1965     53      0 130373 130374      0      0      0      0    151     32 
    0    489     51     50     95     60      0      0      0      0   3201   1980     74      0 130373 130374      0      0      0      0      0      0 
    0    420     51     50     96     56      0      0      0      0   3201   1965     51      0 130373 130374      0      0      0      0    151     26 
    0    475     51     51     96     59      0      0      0      0   3201   1965     96      0 130373 130374      0      0      0      0    128     19 
    0    455     51     52     96     60      0      0      0      0   3201   1980     27      0 130373 130374      0      0      0      0      0      6 
    0    428     52     50     98     53      0      0      0      0   3201   1980     29      0 130373 130374      0      0      0      0    150     29 
    0    200     45     43      0      0      0      0      0      0   3201   1980      5      0 130373 130374      0      0      0      0    151     28 
    0    463     51     51     95     58      0      0      0      0   3201   1980     56      0 130373 130374      0      0      0      0    118     31 
    0    352     48     51     95     58      0      0      0      0   3201   1980      0      0 130373 130374      0      0      0      0      0      0 
    0    321     53     46     33     16      0      0      0      0   3201   1905     11      0 130373 130374      0      0      0      0    106     30 
    0    254     45     43      0      0      0      0      0      0   3201   1980     29      0 130373 130374      0      0      0      0      0      0 
    0    336     50     48     64     36      0      0      0      0   3201   1980     28      0 130373 130374      0      0      0      0    117     31 
    0    189     44     43      0      0      0      0      0      0   3201   1980      0      0 130373 130374      0      0      0      0      0      0 
    0    134     44     42      0      0      0      0      0      0   3201   1980      0      0 130373 130374      0      0      0      0      0      0 
    0    134     43     41      0      0      0      0      0      0   3201   1980      0      0 130373 130374      0      0      0      0     38     27 
    0    305     44     42      0      0      0      0      0      0   3201   1980     29      0 130373 130374      0      0      0      0      0      0 
# gpu    pwr  gtemp  mtemp     sm    mem    enc    dec    jpg    ofa   mclk   pclk  pviol  tviol     fb   bar1   ccpm  sbecc  dbecc    pci  rxpci  txpci 
# Idx      W      C      C      %      %      %      %      %      %    MHz    MHz      %   bool     MB     MB     MB   errs   errs   errs   MB/s   MB/s 
    0    435     50     49     98     51      0      0      0      0   3201   1965     30      0 130373 130374      0      0      0      0     90      0 
    0    269     49     48     95     58      0      0      0      0   3201   1980      8      0 130373 130374      0      0      0      0    150     30 
    0    332     50     47     56     31      0      0      0      0   3201   1980      0      0 130373 130374      0      0      0      0    118     31 
    0    417     50     49     95     60      0      0      0      0   3201   1980     29      0 130373 130374      0      0      0      0    144     32 
    0    402     50     49     96     59      0      0      0      0   3201   1980     60      0 130373 130374      0      0      0      0      0      0 
    0    255     47     47     95     60      0      0      0      0   3201   1980      0      0 130373 130374      0      0      0      0     20      0 
    0    135     44     42      0      0      0      0      0      0   3201   1980      0      0 130373 130374      0      0      0      0      0      0 
    0    277     45     43     49     30      0      0      0      0   3201   1980      0      0 130373 130374      0      0      0      0      0      0 
    0    375     50     49     97     61      0      0      0      0   3201   1980     34      0 130373 130374      0      0      0      0      0      0 
    0    474     52     50     98     61      0      0      0      0   3201   1965     41      0 130373 130374      0      0      0      0    155     31 
    0    369     52     49     97     52      0      0      0      0   3201   1965     39      0 130373 130374      0      0      0      0    153     31 
    0    194     44     43      0      0      0      0      0      0   3201   1980      0      0 130373 130374      0      0      0      0      0      0 
    0    373     51     47     86     41      0      0      0      0   3201   1965     28      0 130373 130374      0      0      0      0    137     32 
    0    478     52     50    100     57      0      0      0      0   3201   1965     47      0 130373 130374      0      0      0      0    133     31 
    0    269     45     43      0      0      0      0      0      0   3201   1980     14      0 130373 130374      0      0      0      0      0      0 
    0    424     50     50     95     59      0      0      0      0   3201   1980      0      0 130373 130374      0      0      0      0    140     31 
    0    401     46     46     60     37      0      0      0      0   3201   1980     31      0 130373 130374      0      0      0      0    109     34 
    0    506     52     51     99     60      0      0      0      0   3201   1965     82      0 130373 130374      0      0      0      0    133     30 
    0    208     45     43      0      0      0      0      0      0   3201   1980      0      0 130373 130374      0      0      0      0      0      5 
    0    451     51     51     97     60      0      0      0      0   3201   1980      0      0 130373 130374      0      0      0      0    125     21 
    0    503     51     52     97     59      0      0      0      0   3201   1965     94      0 130373 130374      0      0      0      0      0      0 
