# gpu    pwr  gtemp  mtemp     sm    mem    enc    dec    jpg    ofa   mclk   pclk  pviol  tviol     fb   bar1   ccpm  sbecc  dbecc    pci  rxpci  txpci 
# Idx      W      C      C      %      %      %      %      %      %    MHz    MHz      %   bool     MB     MB     MB   errs   errs   errs   MB/s   MB/s 
    0    158     44     39      6      4      0      0      0      0   3201   1980      0      0 130369 130370      0      0      0      0      0      0 
    0    142     42     39      0      0      0      0      0      0   3201   1980      0      0 130369 130370      0      0      0      0      0      0 
    0    133     42     39      0      0      0      0      0      0   3201   1980      0      0 130369 130370      0      0      0      0      0      0 
    0    133     41     38      0      0      0      0      0      0   3201   1980      0      0 130369 130370      0      0      0      0      0     11 
    0    133     41     38      0      0      0      0      0      0   3201   1980      0      0 130369 130370      0      0      0      0      0      0 
    0    133     41     38      0      0      0      0      0      0   3201   1980      0      0 130369 130370      0      0      0      0      0      0 
    0    133     41     38      0      0      0      0      0      0   3201   1980      0      0 130369 130370      0      0      0      0      0      0 
    0    133     41     38      0      0      0      0      0      0   3201   1980      0      0 130369 130370      0      0      0      0      0      0 
    0    133     41     38      0      0      0      0      0      0   3201   1980      0      0 130369 130370      0      0      0      0      0      0 
    0    132     41     38      0      0      0      0      0      0   3201   1980      0      0 130369 130370      0      0      0      0      0      0 
    0    132     41     38      0      0      0      0      0      0   3201   1980      0      0 130369 130370      0      0      0      0      0      0 
    0    132     41     38      0      0      0      0      0      0   3201   1980      0      0 130369 130370      0      0      0      0      0      1 
    0    132     41     38      0      0      0      0      0      0   3201   1980      0      0 130369 130370      0      0      0      0      0      0 
    0    445     51     45     98     59      0      0      0      0   3201   1980     27      0 130373 130374      0      0      0      0    126     34 
    0    538     52     48     98     54      0      0      0      0   3201   1980     84      0 130373 130374      0      0      0      0    140     24 
    0    593     54     49     98     48      0      0      0      0   3201   1980     87      0 130373 130374      0      0      0      0    143     22 
    0    628     58     49    100     39      0      0      0      0   3201   1830    100      0 130373 130374      0      0      0      0    112      1 
    0    584     58     49     98     37      0      0      0      0   3201   1800     74      0 130373 130374      0      0      0      0    135     29 
    0    622     54     51     98     60      0      0      0      0   3201   1965    100      0 130373 130374      0      0      0      0    126     23 
    0    569     54     51    100     53      0      0      0      0   3201   1965    100      0 130373 130374      0      0      0      0    134     31 
    0    580     59     51    100     42      0      0      0      0   3201   1950     81      0 130373 130374      0      0      0      0    166     32 
    0    574     55     52     97     55      0      0      0      0   3201   1965     83      0 130373 130374      0      0      0      0    143     32 
    0    527     57     51    100     49      0      0      0      0   3201   1965     70      0 130373 130374      0      0      0      0    155     31 
    0    574     58     51    100     55      0      0      0      0   3201   1965     82      0 130373 130374      0      0      0      0    129     19 
    0    599     58     52     99     54      0      0      0      0   3201   1950     93      0 130373 130374      0      0      0      0    127     32 
