# gpu    pwr  gtemp  mtemp     sm    mem    enc    dec    jpg    ofa   mclk   pclk  pviol  tviol     fb   bar1   ccpm  sbecc  dbecc    pci  rxpci  txpci 
# Idx      W      C      C      %      %      %      %      %      %    MHz    MHz      %   bool     MB     MB     MB   errs   errs   errs   MB/s   MB/s 
    0    152     45     43      5      4      0      0      0      0   3201   1980      0      0 130369 130370      0      0      0      0      0      1 
    0    136     45     42      0      0      0      0      0      0   3201   1980      0      0 130369 130370      0      0      0      0      0      0 
    0    135     45     42      0      0      0      0      0      0   3201   1980      0      0 130369 130370      0      0      0      0      0      1 
    0    135     45     42      0      0      0      0      0      0   3201   1980      0      0 130369 130370      0      0      0      0      0      0 
    0    135     44     42      0      0      0      0      0      0   3201   1980      0      0 130369 130370      0      0      0      0      0      1 
    0    135     44     41      0      0      0      0      0      0   3201   1980      0      0 130369 130370      0      0      0      0      0      0 
    0    135     44     41      0      0      0      0      0      0   3201   1980      0      0 130369 130370      0      0      0      0      0      1 
    0    134     44     41      0      0      0      0      0      0   3201   1980      0      0 130369 130370      0      0      0      0      0      0 
    0    134     44     41      0      0      0      0      0      0   3201   1980      0      0 130369 130370      0      0      0      0      0      1 
    0    134     44     41      0      0      0      0      0      0   3201   1980      0      0 130369 130370      0      0      0      0      0      0 
    0    134     43     41      0      0      0      0      0      0   3201   1980      0      0 130369 130370      0      0      0      0      0      0 
    0    134     43     40      0      0      0      0      0      0   3201   1980      0      0 130369 130370      0      0      0      0      0      0 
    0    134     43     40      0      0      0      0      0      0   3201   1980      0      0 130369 130370      0      0      0      0      0      0 
    0    412     50     48     96     60      0      0      0      0   3201   1980      0      0 130373 130374      0      0      0      0    120     31 
    0    461     50     50     97     61      0      0      0      0   3201   1980      0      0 130373 130374      0      0      0      0    143     33 
    0    450     51     51     95     59      0      0      0      0   3201   1980      0      0 130373 130374      0      0      0      0    123     31 
    0    394     50     50     95     59      0      0      0      0   3201   1980      0      0 130373 130374      0      0      0      0    149     28 
    0    292     45     43      0      0      0      0      0      0   3201   1980      0      0 130373 130374      0      0      0      0      0      0 
    0    376     51     50     96     60      0      0      0      0   3201   1980      0      0 130373 130374      0      0      0      0    150     28 
    0    451     51     51     96     59      0      0      0      0   3201   1980      0      0 130373 130374      0      0      0      0    158     28 
    0    371     47     47     24     15      0      0      0      0   3201   1980      0      0 130373 130374      0      0      0      0      0      0 
    0    385     52     51     95     59      0      0      0      0   3201   1980      0      0 130373 130374      0      0      0      0    125     32 
    0    443     51     51     89     56      0      0      0      0   3201   1980      0      0 130373 130374      0      0      0      0    121     30 
    0    407     48     52     43     27      0      0      0      0   3201   1980      0      0 130373 130374      0      0      0      0    121     31 
    0    329     46     44      0      0      0      0      0      0   3201   1980      0      0 130373 130374      0      0      0      0      0      0 
    0    183     49     43      0      0      0      0      0      0   3201   1980      0      0 130373 130374      0      0      0      0    147     29 
    0    442     51     51     94     57      0      0      0      0   3201   1980      0      0 130373 130374      0      0      0      0    139     32 
    0    457     52     52     97     59      0      0      0      0   3201   1980      0      0 130373 130374      0      0      0      0    159     28 
    0    455     52     52     96     61      0      0      0      0   3201   1980      0      0 130373 130374      0      0      0      0      0      0 
    0    241     50     50     94     58      0      0      0      0   3201   1980      0      0 130373 130374      0      0      0      0    139     29 
    0    462     52     52     96     60      0      0      0      0   3201   1980      0      0 130373 130374      0      0      0      0    124     31 
    0    457     52     52     93     56      0      0      0      0   3201   1980      0      0 130373 130374      0      0      0      0    156     29 
    0    458     52     52     94     57      0      0      0      0   3201   1980      0      0 130373 130374      0      0      0      0    138     29 
    0    447     52     52     95     58      0      0      0      0   3201   1980      0      0 130373 130374      0      0      0      0      0      0 
    0    263     51     49     95     59      0      0      0      0   3201   1980      0      0 130373 130374      0      0      0      0    117     31 
    0    456     52     52     97     59      0      0      0      0   3201   1980      0      0 130373 130374      0      0      0      0    146     31 
    0    465     53     52     94     57      0      0      0      0   3201   1980      0      0 130373 130374      0      0      0      0    136     32 
    0    471     53     52     94     57      0      0      0      0   3201   1980      0      0 130373 130374      0      0      0      0    130     33 
    0    463     52     52     95     59      0      0      0      0   3201   1980      0      0 130373 130374      0      0      0      0    123     31 
    0    241     46     44      0      0      0      0      0      0   3201   1980      0      0 130373 130374      0      0      0      0      0      1 
    0    220     50     49     64     38      0      0      0      0   3201   1980      0      0 130373 130374      0      0      0      0    134     31 
    0    480     52     51     96     59      0      0      0      0   3201   1980      0      0 130373 130374      0      0      0      0    147     30 
    0    494     54     52     95     57      0      0      0      0   3201   1980      0      0 130373 130374      0      0      0      0    109     30 
    0    467     52     52     95     59      0      0      0      0   3201   1980      0      0 130373 130374      0      0      0      0    157     30 
# gpu    pwr  gtemp  mtemp     sm    mem    enc    dec    jpg    ofa   mclk   pclk  pviol  tviol     fb   bar1   ccpm  sbecc  dbecc    pci  rxpci  txpci 
# Idx      W      C      C      %      %      %      %      %      %    MHz    MHz      %   bool     MB     MB     MB   errs   errs   errs   MB/s   MB/s 
    0    425     51     47     81     50      0      0      0      0   3201   1980      0      0 130373 130374      0      0      0      0    148     31 
    0    363     47     46      6      4      0      0      0      0   3201   1980      0      0 130373 130374      0      0      0      0      0      0 
    0    204     50     48     94     59      0      0      0      0   3201   1980      0      0 130373 130374      0      0      0      0    146     27 
    0    425     49     52      8      5      0      0      0      0   3201   1980      0      0 130373 130374      0      0      0      0      0      0 
    0    170     48     44     19     11      0      0      0      0   3201   1980      0      0 130373 130374      0      0      0      0    134     28 
    0    441     51     51     94     58      0      0      0      0   3201   1980      0      0 130373 130374      0      0      0      0    131     32 
    0    489     54     51     84     50      0      0      0      0   3201   1980      0      0 130373 130374      0      0      0      0    138     30 
    0    483     52     52     96     57      0      0      0      0   3201   1980      0      0 130373 130374      0      0      0      0    131     27 
    0    475     52     52     93     57      0      0      0      0   3201   1980      0      0 130373 130374      0      0      0      0    159     28 
    0    362     47     46      0      0      0      0      0      0   3201   1980      0      0 130373 130374      0      0      0      0      0      0 
    0    406     52     52     87     52      0      0      0      0   3201   1980      0      0 130373 130374      0      0      0      0    159     30 
    0    459     52     52     95     59      0      0      0      0   3201   1980      0      0 130373 130374      0      0      0      0    124     32 
    0    461     52     52     94     59      0      0      0      0   3201   1980      0      0 130373 130374      0      0      0      0      0      0 
    0    419     53     52     95     56      0      0      0      0   3201   1980      0      0 130373 130374      0      0      0      0    151     30 
    0    444     52     52     95     58      0      0      0      0   3201   1980      0      0 130373 130374      0      0      0      0    122     31 
    0    230     46     44      0      0      0      0      0      0   3201   1980      0      0 130373 130374      0      0      0      0    145     27 
    0    451     51     52     96     59      0      0      0      0   3201   1980      0      0 130373 130374      0      0      0      0    116     24 
    0    459     52     52     95     60      0      0      0      0   3201   1980      0      0 130373 130374      0      0      0      0    131     30 
    0    249     46     44      0      0      0      0      0      0   3201   1980      0      0 130373 130374      0      0      0      0    116     31 
    0    435     51     52     95     59      0      0      0      0   3201   1980      0      0 130373 130374      0      0      0      0     95      0 
    0    395     52     52     95     59      0      0      0      0   3201   1980      0      0 130373 130374      0      0      0      0    123     31 
    0    414     51     51     73     45      0      0      0      0   3201   1980      0      0 130373 130374      0      0      0      0    125     31 
    0    383     48     50      0      0      0      0      0      0   3201   1980      0      0 130373 130374      0      0      0      0     11     27 
    0    430     52     52     95     59      0      0      0      0   3201   1980      0      0 130373 130374      0      0      0      0    151     30 
    0    444     52     52     94     58      0      0      0      0   3201   1980      0      0 130373 130374      0      0      0      0    146     27 
    0    441     52     52     95     58      0      0      0      0   3201   1980      0      0 130373 130374      0      0      0      0    131     28 
    0    379     47     48      0      0      0      0      0      0   3201   1980      0      0 130373 130374      0      0      0      0      0      0 
    0    266     51     50     94     58      0      0      0      0   3201   1980      0      0 130373 130374      0      0      0      0    127     30 
    0    464     52     52     98     59      0      0      0      0   3201   1980      0      0 130373 130374      0      0      0      0    163     28 
    0    486     53     52     97     59      0      0      0      0   3201   1980      0      0 130373 130374      0      0      0      0    157     30 
    0    486     53     52     95     59      0      0      0      0   3201   1980      0      0 130373 130374      0      0      0      0    155     29 
    0    479     53     52     95     57      0      0      0      0   3201   1980      0      0 130373 130374      0      0      0      0    120     32 
    0    462     52     52     93     56      0      0      0      0   3201   1980      0      0 130373 130374      0      0      0      0    136     24 
    0    430     52     52     94     59      0      0      0      0   3201   1980      0      0 130373 130374      0      0      0      0      0      1 
    0    378     52     52     89     55      0      0      0      0   3201   1980      0      0 130373 130374      0      0      0      0    132     31 
    0    347     50     49     94     58      0      0      0      0   3201   1980      0      0 130373 130374      0      0      0      0    147     30 
    0    423     52     52     95     58      0      0      0      0   3201   1980      0      0 130373 130374      0      0      0      0    143     22 
    0    449     52     52     94     59      0      0      0      0   3201   1980      0      0 130373 130374      0      0      0      0      0      1 
    0    302     51     51     95     58      0      0      0      0   3201   1980      0      0 130373 130374      0      0      0      0    118     31 
    0    450     52     52     94     58      0      0      0      0   3201   1980      0      0 130373 130374      0      0      0      0    120     32 
    0    165     46     44      0      0      0      0      0      0   3201   1980      0      0 130373 130374      0      0      0      0      0      0 
    0    135     45     43      0      0      0      0      0      0   3201   1980      0      0 130373 130374      0      0      0      0      0      1 
    0    342     51     49     94     58      0      0      0      0   3201   1980      0      0 130373 130374      0      0      0      0    153     29 
    0    390     51     51     94     59      0      0      0      0   3201   1980      0      0 130373 130374      0      0      0      0    150     28 
# gpu    pwr  gtemp  mtemp     sm    mem    enc    dec    jpg    ofa   mclk   pclk  pviol  tviol     fb   bar1   ccpm  sbecc  dbecc    pci  rxpci  txpci 
# Idx      W      C      C      %      %      %      %      %      %    MHz    MHz      %   bool     MB     MB     MB   errs   errs   errs   MB/s   MB/s 
    0    459     51     51     94     59      0      0      0      0   3201   1980      0      0 130373 130374      0      0      0      0    125     24 
    0    440     52     52     95     59      0      0      0      0   3201   1980      0      0 130373 130374      0      0      0      0    130     31 
    0    467     52     52     95     59      0      0      0      0   3201   1980      0      0 130373 130374      0      0      0      0    124     32 
    0    456     52     52     87     52      0      0      0      0   3201   1980      0      0 130373 130374      0      0      0      0    149     31 
    0    359     49     47      9      5      0      0      0      0   3201   1980      0      0 130373 130374      0      0      0      0    117     30 
    0    328     46     46      0      0      0      0      0      0   3201   1980      0      0 130373 130374      0      0      0      0      2      0 
    0    232     50     49     88     54      0      0      0      0   3201   1980      0      0 130373 130374      0      0      0      0    119     31 
    0    386     51     50     97     59      0      0      0      0   3201   1980      0      0 130373 130374      0      0      0      0    133     30 
    0    461     53     52     95     60      0      0      0      0   3201   1980      0      0 130373 130374      0      0      0      0    126     31 
    0    491     52     52     94     56      0      0      0      0   3201   1980      0      0 130373 130374      0      0      0      0    144     30 
    0    468     52     52     94     59      0      0      0      0   3201   1980      0      0 130373 130374      0      0      0      0      4      0 
    0    304     51     51     94     58      0      0      0      0   3201   1980      0      0 130373 130374      0      0      0      0    125     26 
    0    476     52     52     89     54      0      0      0      0   3201   1980      0      0 130373 130374      0      0      0      0    125     31 
    0    427     50     52     93     58      0      0      0      0   3201   1980      0      0 130373 130374      0      0      0      0      0      0 
    0    309     52     51     93     57      0      0      0      0   3201   1980      0      0 130373 130374      0      0      0      0    139     31 
    0    449     52     52     95     59      0      0      0      0   3201   1980      0      0 130373 130374      0      0      0      0    119     30 
    0    463     53     52     92     56      0      0      0      0   3201   1980      0      0 130373 130374      0      0      0      0    138     30 
    0    393     48     49      0      0      0      0      0      0   3201   1980      0      0 130373 130374      0      0      0      0      0      0 
    0    328     51     51     94     59      0      0      0      0   3201   1980      0      0 130373 130374      0      0      0      0    137     28 
    0    463     53     52     94     57      0      0      0      0   3201   1980      0      0 130373 130374      0      0      0      0    191     57 
    0    363     47     46      0      0      0      0      0      0   3201   1980      0      0 130373 130374      0      0      0      0      0      0 
