# gpu    pwr  gtemp  mtemp     sm    mem    enc    dec    jpg    ofa   mclk   pclk  pviol  tviol     fb   bar1   ccpm  sbecc  dbecc    pci  rxpci  txpci 
# Idx      W      C      C      %      %      %      %      %      %    MHz    MHz      %   bool     MB     MB     MB   errs   errs   errs   MB/s   MB/s 
    0    145     44     39     18     10      0      0      0      0   3201   1980      0      0 130369 130370      0      0      0      0      0      0 
    0    133     41     38      0      0      0      0      0      0   3201   1980      0      0 130369 130370      0      0      0      0      0      0 
    0    132     41     38      0      0      0      0      0      0   3201   1980      0      0 130369 130370      0      0      0      0      1      1 
    0    132     41     38      0      0      0      0      0      0   3201   1980      0      0 130369 130370      0      0      0      0      0      0 
    0    132     41     38      0      0      0      0      0      0   3201   1980      0      0 130369 130370      0      0      0      0      0      1 
    0    132     40     37      0      0      0      0      0      0   3201   1980      0      0 130369 130370      0      0      0      0      0      0 
    0    132     40     37      0      0      0      0      0      0   3201   1980      0      0 130369 130370      0      0      0      0      0      1 
    0    132     40     37      0      0      0      0      0      0   3201   1980      0      0 130369 130370      0      0      0      0      0      0 
    0    132     40     37      0      0      0      0      0      0   3201   1980      0      0 130369 130370      0      0      0      0      0      1 
    0    132     40     37      0      0      0      0      0      0   3201   1980      0      0 130369 130370      0      0      0      0      0      0 
    0    132     40     37      0      0      0      0      0      0   3201   1980      0      0 130369 130370      0      0      0      0      0      1 
    0    132     40     37      0      0      0      0      0      0   3201   1980      0      0 130369 130370      0      0      0      0      0      0 
    0    132     40     37      0      0      0      0      0      0   3201   1980      0      0 130369 130370      0      0      0      0      0      0 
    0    146     42     37     19      9      0      0      0      0   3201   1980      0      0 130371 130372      0      0      0      0    122     27 
    0    324     43     44     89     51      0      0      0      0   3201   1965     26      0 130371 130372      0      0      0      0      0      1 
    0    316     44     43     82     47      0      0      0      0   3201   1980      5      0 130371 130372      0      0      0      0      0      0 
    0    209     41     39      0      0      0      0      0      0   3201   1980     28      0 130371 130372      0      0      0      0      0      0 
    0    201     41     38      0      0      0      0      0      0   3201   1980      0      0 130371 130372      0      0      0      0      0      0 
    0    173     44     40      0      0      0      0      0      0   3201   1980      0      0 130371 130372      0      0      0      0      1      1 
    0    240     46     43     94     59      0      0      0      0   3201   1980      0      0 130371 130372      0      0      0      0     41      0 
    0    263     42     40      0      0      0      0      0      0   3201   1980     29      0 130371 130372      0      0      0      0      0      1 
    0    201     53     41     12      6      0      0      0      0   3201   1965     11      0 130373 130374      0      0      0      0    165     29 
    0    258     46     43     10      5      0      0      0      0   3201   1965     55      0 130373 130374      0      0      0      0    120     31 
    0    194     41     39      0      0      0      0      0      0   3201   1980      8      0 130373 130374      0      0      0      0      0      0 
    0    201     42     40      0      0      0      0      0      0   3201   1980     32      0 130373 130374      0      0      0      0      0      1 
    0    133     41     38      0      0      0      0      0      0   3201   1980      0      0 130373 130374      0      0      0      0      0      0 
    0    179     41     39      0      0      0      0      0      0   3201   1980     30      0 130373 130374      0      0      0      0      0      1 
    0    268     41     39      0      0      0      0      0      0   3201   1980     29      0 130373 130374      0      0      0      0      0      0 
    0    315     47     43     98     53      0      0      0      0   3201   1965     52      0 130373 130374      0      0      0      0      0      1 
    0    133     41     39      0      0      0      0      0      0   3201   1980     15      0 130373 130374      0      0      0      0      0      0 
    0    321     47     44     22     13      0      0      0      0   3201   1980     27      0 130373 130374      0      0      0      0    134     30 
    0    222     42     41      0      0      0      0      0      0   3201   1965     28      0 130373 130374      0      0      0      0    141     28 
    0    316     46     42     40     20      0      0      0      0   3201   1980     35      0 130373 130374      0      0      0      0    130     32 
    0    271     47     44     71     40      0      0      0      0   3201   1965     20      0 130373 130374      0      0      0      0      5      0 
    0    147     41     39      0      0      0      0      0      0   3201   1980      6      0 130373 130374      0      0      0      0      0      1 
    0    260     47     42      6      3      0      0      0      0   3201   1965     26      0 130373 130374      0      0      0      0    117     30 
    0    330     47     43     99     51      0      0      0      0   3201   1965     44      0 130373 130374      0      0      0      0      0      1 
    0    211     46     43      0      0      0      0      0      0   3201   1965     28      0 130373 130374      0      0      0      0    101     31 
    0    384     47     43      0      0      0      0      0      0   3201   1950     71      0 130373 130374      0      0      0      0      0      1 
    0    207     42     40      0      0      0      0      0      0   3201   1980     22      0 130373 130374      0      0      0      0      0      0 
    0    133     41     39      0      0      0      0      0      0   3201   1980      0      0 130373 130374      0      0      0      0      0      1 
    0    297     43     41      0      0      0      0      0      0   3201   1980     63      0 130373 130374      0      0      0      0      0      0 
    0    432     50     46     96     51      0      0      0      0   3201   1965     49      0 130373 130374      0      0      0      0      0      1 
    0    334     45     47     18     11      0      0      0      0   3201   1980     49      0 130373 130374      0      0      0      0      0      0 
# gpu    pwr  gtemp  mtemp     sm    mem    enc    dec    jpg    ofa   mclk   pclk  pviol  tviol     fb   bar1   ccpm  sbecc  dbecc    pci  rxpci  txpci 
# Idx      W      C      C      %      %      %      %      %      %    MHz    MHz      %   bool     MB     MB     MB   errs   errs   errs   MB/s   MB/s 
    0    221     43     43      0      0      0      0      0      0   3201   1965     33      0 130373 130374      0      0      0      0      0      1 
    0    213     43     41      0      0      0      0      0      0   3201   1980     38      0 130373 130374      0      0      0      0      0      0 
    0    133     42     39      0      0      0      0      0      0   3201   1980      0      0 130373 130374      0      0      0      0      0      1 
    0    255     43     41      0      0      0      0      0      0   3201   1980     35      0 130373 130374      0      0      0      0      0      0 
    0    133     42     39      0      0      0      0      0      0   3201   1980      0      0 130373 130374      0      0      0      0      0      1 
    0    231     46     40      0      0      0      0      0      0   3201   1980      0      0 130373 130374      0      0      0      0    125     29 
    0    343     48     45     95     51      0      0      0      0   3201   1965     39      0 130373 130374      0      0      0      0    147     27 
    0    340     43     43      0      0      0      0      0      0   3201   1980     83      0 130373 130374      0      0      0      0      0      0 
    0    297     44     43      0      0      0      0      0      0   3201   1965     46      0 130373 130374      0      0      0      0    129     30 
    0    264     43     41      0      0      0      0      0      0   3201   1980     32      0 130373 130374      0      0      0      0      0      0 
    0    191     48     44     67     38      0      0      0      0   3201   1980      5      0 130373 130374      0      0      0      0    148     27 
    0    271     43     42      0      0      0      0      0      0   3201   1980     55      0 130373 130374      0      0      0      0      0      0 
    0    318     48     45     81     38      0      0      0      0   3201   1965     44      0 130373 130374      0      0      0      0    147     28 
    0    238     45     44     98     61      0      0      0      0   3201   1965     50      0 130373 130374      0      0      0      0      0      0 
    0    229     43     41      0      0      0      0      0      0   3201   1980      6      0 130373 130374      0      0      0      0     29     27 
    0    183     43     40      0      0      0      0      0      0   3201   1980      0      0 130373 130374      0      0      0      0      0      0 
    0    239     46     45     95     59      0      0      0      0   3201   1965     20      0 130373 130374      0      0      0      0      0      1 
    0    259     44     43     46     28      0      0      0      0   3201   1980      8      0 130373 130374      0      0      0      0    103     32 
    0    224     43     41      0      0      0      0      0      0   3201   1980     31      0 130373 130374      0      0      0      0      0      1 
    0    215     48     44     58     32      0      0      0      0   3201   1980     33      0 130373 130374      0      0      0      0    134     28 
    0    208     46     43     97     57      0      0      0      0   3201   1980      0      0 130373 130374      0      0      0      0      0      0 
    0    220     44     41      0      0      0      0      0      0   3201   1980     50      0 130373 130374      0      0      0      0      0      0 
    0    264     45     42     74     46      0      0      0      0   3201   1980      0      0 130373 130374      0      0      0      0      0      0 
    0    208     44     43      0      0      0      0      0      0   3201   1980      0      0 130373 130374      0      0      0      0      0      0 
    0    208     43     41      0      0      0      0      0      0   3201   1980      0      0 130373 130374      0      0      0      0      0      0 
    0    243     45     44     33     19      0      0      0      0   3201   1980      0      0 130373 130374      0      0      0      0      0      0 
    0    232     44     42     16      9      0      0      0      0   3201   1965     31      0 130373 130374      0      0      0      0      0      0 
    0    134     44     41      0      0      0      0      0      0   3201   1980      0      0 130373 130374      0      0      0      0      0      0 
    0    282     50     43      0      0      0      0      0      0   3201   1980      0      0 130373 130374      0      0      0      0    132     31 
    0    310     45     43      0      0      0      0      0      0   3201   1980     49      0 130373 130374      0      0      0      0      0      0 
    0    323     46     46     96     60      0      0      0      0   3201   1980     32      0 130373 130374      0      0      0      0    123     25 
    0    301     46     43      0      0      0      0      0      0   3201   1980     27      0 130373 130374      0      0      0      0      0     20 
    0    261     45     43      0      0      0      0      0      0   3201   1980     31      0 130373 130374      0      0      0      0    123     32 
    0    282     47     47     97     58      0      0      0      0   3201   1965     54      0 130373 130374      0      0      0      0      0      0 
    0    175     49     45      0      0      0      0      0      0   3201   1965     20      0 130373 130374      0      0      0      0      0      0 
    0    255     45     43      0      0      0      0      0      0   3201   1980     15      0 130373 130374      0      0      0      0      0      0 
    0    223     46     43      0      0      0      0      0      0   3201   1980      0      0 130373 130374      0      0      0      0      0      0 
    0    261     54     46     56     29      0      0      0      0   3201   1965     51      0 130373 130374      0      0      0      0     90      0 
    0    152     45     43      0      0      0      0      0      0   3201   1980     14      0 130373 130374      0      0      0      0      0      0 
    0    252     47     48     87     50      0      0      0      0   3201   1965     27      0 130373 130374      0      0      0      0      0      0 
    0    136     45     42      0      0      0      0      0      0   3201   1980      0      0 130373 130374      0      0      0      0      0      0 
    0    135     45     42      0      0      0      0      0      0   3201   1980      0      0 130373 130374      0      0      0      0      0      0 
    0    135     45     42      0      0      0      0      0      0   3201   1980      3      0 130373 130374      0      0      0      0    121     20 
    0    223     45     42      0      0      0      0      0      0   3201   1980     32      0 130373 130374      0      0      0      0    106     31 
# gpu    pwr  gtemp  mtemp     sm    mem    enc    dec    jpg    ofa   mclk   pclk  pviol  tviol     fb   bar1   ccpm  sbecc  dbecc    pci  rxpci  txpci 
# Idx      W      C      C      %      %      %      %      %      %    MHz    MHz      %   bool     MB     MB     MB   errs   errs   errs   MB/s   MB/s 
    0    347     47     44      0      0      0      0      0      0   3201   1965     73      0 130373 130374      0      0      0      0      0      0 
    0    177     46     43      0      0      0      0      0      0   3201   1980      0      0 130373 130374      0      0      0      0      0      0 
    0    242     48     48     80     46      0      0      0      0   3201   1980     28      0 130373 130374      0      0      0      0    149     19 
    0    287     47     44     88     54      0      0      0      0   3201   1965     74      0 130373 130374      0      0      0      0    137     28 
    0    250     47     45      0      0      0      0      0      0   3201   1980     29      0 130373 130374      0      0      0      0      0      0 
    0    194     47     43      0      0      0      0      0      0   3201   1980     31      0 130373 130374      0      0      0      0      0      0 
    0    136     46     43      0      0      0      0      0      0   3201   1980      0      0 130373 130374      0      0      0      0      0      0 
    0    178     46     43      0      0      0      0      0      0   3201   1980     31      0 130373 130374      0      0      0      0      0      0 
    0    308     47     44      0      0      0      0      0      0   3201   1980     33      0 130373 130374      0      0      0      0      0      0 
    0    410     53     50     91     56      0      0      0      0   3201   1965     88      0 130373 130374      0      0      0      0      0      0 
    0    279     49     49     67     38      0      0      0      0   3201   1980     53      0 130373 130374      0      0      0      0      0      0 
    0    137     47     43      0      0      0      0      0      0   3201   1980      0      0 130373 130374      0      0      0      0     94     28 
    0    292     49     49     60     37      0      0      0      0   3201   1965     67      0 130373 130374      0      0      0      0     15      0 
    0    303     52     50     91     56      0      0      0      0   3201   1965     75      0 130373 130374      0      0      0      0      0      0 
    0    137     47     43      0      0      0      0      0      0   3201   1980      8      0 130373 130374      0      0      0      0      0     14 
    0    275     54     44      0      0      0      0      0      0   3201   1980     32      0 130373 130374      0      0      0      0    136     30 
    0    269     47     44      0      0      0      0      0      0   3201   1980      0      0 130373 130374      0      0      0      0    149     28 
    0    347     49     46      0      0      0      0      0      0   3201   1965     80      0 130373 130374      0      0      0      0      0      0 
    0    137     47     43      0      0      0      0      0      0   3201   1980      0      0 130373 130374      0      0      0      0    121     30 
    0    278     50     49     95     58      0      0      0      0   3201   1980      0      0 130373 130374      0      0      0      0    150     28 
    0    350     48     45      0      0      0      0      0      0   3201   1980     54      0 130373 130374      0      0      0      0      0      0 
