# gpu    pwr  gtemp  mtemp     sm    mem    enc    dec    jpg    ofa   mclk   pclk  pviol  tviol     fb   bar1   ccpm  sbecc  dbecc    pci  rxpci  txpci 
# Idx      W      C      C      %      %      %      %      %      %    MHz    MHz      %   bool     MB     MB     MB   errs   errs   errs   MB/s   MB/s 
    0    154     44     39      9      5      0      0      0      0   3201   1980      0      0 130369 130370      0      0      0      0      0      1 
    0    133     42     39      0      0      0      0      0      0   3201   1980      0      0 130369 130370      0      0      0      0      0      0 
    0    133     42     39      0      0      0      0      0      0   3201   1980      0      0 130369 130370      0      0      0      0      0      0 
    0    133     41     38      0      0      0      0      0      0   3201   1980      0      0 130369 130370      0      0      0      0      0      0 
    0    133     41     38      0      0      0      0      0      0   3201   1980      0      0 130369 130370      0      0      0      0      0      0 
    0    133     41     38      0      0      0      0      0      0   3199   1980      0      0 130369 130370      0      0      0      0      0      0 
    0    133     41     38      0      0      0      0      0      0   3201   1980      0      0 130369 130370      0      0      0      0      0      0 
    0    133     41     38      0      0      0      0      0      0   3201   1980      0      0 130369 130370      0      0      0      0      0      0 
    0    133     41     38      0      0      0      0      0      0   3201   1980      0      0 130369 130370      0      0      0      0      0      0 
    0    132     41     38      0      0      0      0      0      0   3201   1980      0      0 130369 130370      0      0      0      0      0      0 
    0    132     41     38      0      0      0      0      0      0   3201   1980      0      0 130369 130370      0      0      0      0      0      0 
    0    132     41     38      0      0      0      0      0      0   3201   1980      0      0 130369 130370      0      0      0      0      0      0 
    0    132     41     38      0      0      0      0      0      0   3201   1980      0      0 130369 130370      0      0      0      0      0      0 
    0    437     49     46     97     59      0      0      0      0   3201   1980     28      0 130373 130374      0      0      0      0    143     32 
    0    435     49     47     98     60      0      0      0      0   3201   1980      0      0 130373 130374      0      0      0      0    137     30 
    0    480     50     48     94     58      0      0      0      0   3201   1980     33      0 130373 130374      0      0      0      0    149     29 
    0    495     51     49     98     48      0      0      0      0   3201   1965     27      0 130373 130374      0      0      0      0    140     31 
    0    488     54     49    100     52      0      0      0      0   3201   1965     42      0 130373 130374      0      0      0      0    135     33 
    0    467     53     50     98     55      0      0      0      0   3201   1950     21      0 130373 130374      0      0      0      0    151     32 
    0    488     47     50     95     58      0      0      0      0   3201   1980     56      0 130373 130374      0      0      0      0    114     25 
    0    569     53     50     99     53      0      0      0      0   3201   1980     96      0 130373 130374      0      0      0      0    135     23 
    0    428     51     50     96     60      0      0      0      0   3201   1980     35      0 130373 130374      0      0      0      0     24     27 
    0    571     57     50     99     55      0      0      0      0   3201   1875     69      0 130373 130374      0      0      0      0    162     25 
    0    542     58     50     94     44      0      0      0      0   3201   1920     94      0 130373 130374      0      0      0      0    166     30 
    0    467     52     50     94     50      0      0      0      0   3201   1980     47      0 130373 130374      0      0      0      0    138     33 
    0    484     55     51     95     60      0      0      0      0   3201   1980     28      0 130373 130374      0      0      0      0    108     34 
    0    501     52     52     96     60      0      0      0      0   3201   1980      0      0 130373 130374      0      0      0      0    154     28 
    0    471     53     51     69     39      0      0      0      0   3201   1980      0      0 130373 130374      0      0      0      0     75     33 
    0    561     55     52     96     58      0      0      0      0   3201   1980     62      0 130373 130374      0      0      0      0    136     22 
    0    491     53     52     96     54      0      0      0      0   3201   1980      0      0 130373 130374      0      0      0      0    149     29 
    0    454     49     52     96     61      0      0      0      0   3201   1980     28      0 130373 130374      0      0      0      0      0     17 
    0    349     54     51     99     52      0      0      0      0   3201   1950     14      0 130373 130374      0      0      0      0    137     29 
    0    515     53     52     96     60      0      0      0      0   3201   1980     51      0 130373 130374      0      0      0      0    151     24 
    0    445     53     52     99     55      0      0      0      0   3201   1965     28      0 130373 130374      0      0      0      0    169     28 
    0    535     54     52     94     58      0      0      0      0   3201   1965     74      0 130373 130374      0      0      0      0    164     28 
    0    514     53     52     97     54      0      0      0      0   3201   1980     24      0 130373 130374      0      0      0      0    118     26 
    0    543     55     52    100     60      0      0      0      0   3201   1965     61      0 130373 130374      0      0      0      0    156     29 
