# gpu    pwr  gtemp  mtemp     sm    mem    enc    dec    jpg    ofa   mclk   pclk  pviol  tviol     fb   bar1   ccpm  sbecc  dbecc    pci  rxpci  txpci 
# Idx      W      C      C      %      %      %      %      %      %    MHz    MHz      %   bool     MB     MB     MB   errs   errs   errs   MB/s   MB/s 
    0    158     44     40      9      5      0      0      0      0   3201   1980      0      0 130369 130370      0      0      0      0      0      0 
    0    133     42     39      0      0      0      0      0      0   3201   1980      0      0 130369 130370      0      0      0      0      0      0 
    0    133     42     39      0      0      0      0      0      0   3201   1980      0      0 130369 130370      0      0      0      0      0      0 
    0    133     41     39      0      0      0      0      0      0   3201   1980      0      0 130369 130370      0      0      0      0      0      0 
    0    133     41     38      0      0      0      0      0      0   3201   1980      0      0 130369 130370      0      0      0      0      0      0 
    0    133     41     38      0      0      0      0      0      0   3201   1980      0      0 130369 130370      0      0      0      0      0      0 
    0    133     41     38      0      0      0      0      0      0   3201   1980      0      0 130369 130370      0      0      0      0      0      0 
    0    133     41     38      0      0      0      0      0      0   3201   1980      0      0 130369 130370      0      0      0      0      0      0 
    0    133     41     38      0      0      0      0      0      0   3201   1980      0      0 130369 130370      0      0      0      0      0      0 
    0    133     41     38      0      0      0      0      0      0   3201   1980      0      0 130369 130370      0      0      0      0      0      0 
    0    133     41     38      0      0      0      0      0      0   3201   1980      0      0 130369 130370      0      0      0      0      0      0 
    0    132     41     38      0      0      0      0      0      0   3201   1980      0      0 130369 130370      0      0      0      0      0      0 
    0    132     41     38      0      0      0      0      0      0   3201   1980      0      0 130369 130370      0      0      0      0      0      0 
    0    133     41     38      0      0      0      0      0      0   3201   1980      0      0 130371 130372      0      0      0      0    123     30 
    0    420     46     46     96     59      0      0      0      0   3201   1980      0      0 130371 130372      0      0      0      0      0      0 
    0    215     42     40      0      0      0      0      0      0   3201   1980      0      0 130371 130372      0      0      0      0      0     22 
    0    285     46     44     96     57      0      0      0      0   3201   1980      0      0 130371 130372      0      0      0      0    122     31 
    0    282     43     41      0      0      0      0      0      0   3201   1980      0      0 130371 130372      0      0      0      0      0      1 
    0    252     46     40      0      0      0      0      0      0   3201   1980      0      0 130371 130372      0      0      0      0    139     30 
    0    211     42     40      0      0      0      0      0      0   3201   1980      0      0 130371 130372      0      0      0      0      0      1 
    0    133     42     39      0      0      0      0      0      0   3201   1980      0      0 130371 130372      0      0      0      0      0      6 
    0    234     42     40      0      0      0      0      0      0   3201   1980      0      0 130371 130372      0      0      0      0      0      1 
    0    133     42     39      0      0      0      0      0      0   3201   1980      0      0 130371 130372      0      0      0      0      0      0 
    0    133     42     39      0      0      0      0      0      0   3201   1980      0      0 130371 130372      0      0      0      0      0      1 
    0    287     46     45     95     59      0      0      0      0   3201   1980      0      0 130371 130372      0      0      0      0      0      0 
    0    133     42     39      0      0      0      0      0      0   3201   1980      0      0 130371 130372      0      0      0      0      0      1 
    0    310     43     42     17     10      0      0      0      0   3201   1980      0      0 130371 130372      0      0      0      0    150     29 
    0    257     46     44      0      0      0      0      0      0   3201   1980      0      0 130371 130372      0      0      0      0     92      1 
    0    135     42     40      0      0      0      0      0      0   3201   1980      0      0 130371 130372      0      0      0      0      0      0 
    0    133     42     39      0      0      0      0      0      0   3201   1980      0      0 130371 130372      0      0      0      0      0      1 
    0    353     45     46     96     60      0      0      0      0   3201   1980      0      0 130373 130374      0      0      0      0      0      0 
    0    134     42     39      0      0      0      0      0      0   3201   1980      0      0 130373 130374      0      0      0      0      0      1 
    0    251     42     40      0      0      0      0      0      0   3201   1980      0      0 130373 130374      0      0      0      0      0      0 
    0    231     47     44     95     58      0      0      0      0   3201   1980      0      0 130373 130374      0      0      0      0      0      1 
    0    134     42     39      0      0      0      0      0      0   3201   1980      0      0 130373 130374      0      0      0      0      0      0 
    0    222     46     45     96     59      0      0      0      0   3201   1980      0      0 130373 130374      0      0      0      0      0      1 
    0    133     42     39      0      0      0      0      0      0   3201   1980      0      0 130373 130374      0      0      0      0      0      0 
    0    133     42     39      0      0      0      0      0      0   3201   1980      0      0 130373 130374      0      0      0      0      0      0 
    0    133     41     38      0      0      0      0      0      0   3201   1980      0      0 130373 130374      0      0      0      0      0      0 
    0    266     43     42     72     43      0      0      0      0   3201   1980      0      0 130373 130374      0      0      0      0      0      0 
    0    133     42     39      0      0      0      0      0      0   3201   1980      0      0 130373 130374      0      0      0      0    129     31 
    0    293     43     46      4      2      0      0      0      0   3201   1980      0      0 130373 130374      0      0      0      0      0      0 
    0    133     42     39      0      0      0      0      0      0   3201   1980      0      0 130373 130374      0      0      0      0    146     30 
    0    272     42     40      0      0      0      0      0      0   3201   1980      0      0 130373 130374      0      0      0      0      0      0 
# gpu    pwr  gtemp  mtemp     sm    mem    enc    dec    jpg    ofa   mclk   pclk  pviol  tviol     fb   bar1   ccpm  sbecc  dbecc    pci  rxpci  txpci 
# Idx      W      C      C      %      %      %      %      %      %    MHz    MHz      %   bool     MB     MB     MB   errs   errs   errs   MB/s   MB/s 
    0    272     43     41      0      0      0      0      0      0   3201   1980      0      0 130373 130374      0      0      0      0      0      0 
    0    133     42     39      0      0      0      0      0      0   3201   1980      0      0 130373 130374      0      0      0      0      0      0 
    0    133     42     39      0      0      0      0      0      0   3201   1980      0      0 130373 130374      0      0      0      0     13     22 
    0    438     48     47     96     59      0      0      0      0   3201   1980      0      0 130373 130374      0      0      0      0      0      0 
    0    310     45     44     57     34      0      0      0      0   3201   1980      0      0 130373 130374      0      0      0      0      0      0 
    0    134     42     40      0      0      0      0      0      0   3201   1980      0      0 130373 130374      0      0      0      0    125     31 
    0    300     45     46      0      0      0      0      0      0   3201   1980      0      0 130373 130374      0      0      0      0      0      0 
    0    224     43     41      0      0      0      0      0      0   3201   1980      0      0 130373 130374      0      0      0      0      0      0 
    0    230     43     42      0      0      0      0      0      0   3201   1980      0      0 130373 130374      0      0      0      0      0      0 
    0    213     43     40      0      0      0      0      0      0   3201   1980      0      0 130373 130374      0      0      0      0      0      0 
    0    220     43     40      0      0      0      0      0      0   3201   1980      0      0 130373 130374      0      0      0      0      0      0 
    0    133     42     39      0      0      0      0      0      0   3201   1980      0      0 130373 130374      0      0      0      0      0      0 
    0    133     42     39      0      0      0      0      0      0   3201   1980      0      0 130373 130374      0      0      0      0    137     31 
    0    222     42     40      0      0      0      0      0      0   3201   1980      0      0 130373 130374      0      0      0      0      0      0 
    0    342     48     47     67     41      0      0      0      0   3201   1980      0      0 130373 130374      0      0      0      0      0      1 
    0    217     43     40      0      0      0      0      0      0   3201   1980      0      0 130373 130374      0      0      0      0      0      0 
    0    285     44     42      0      0      0      0      0      0   3201   1980      0      0 130373 130374      0      0      0      0      0      1 
    0    251     43     41      0      0      0      0      0      0   3201   1980      0      0 130373 130374      0      0      0      0      0      0 
    0    308     49     46     90     56      0      0      0      0   3201   1980      0      0 130373 130374      0      0      0      0    148     29 
    0    338     45     44     12      7      0      0      0      0   3201   1980      0      0 130373 130374      0      0      0      0      0      0 
    0    279     46     45     96     59      0      0      0      0   3201   1980      0      0 130373 130374      0      0      0      0    124     31 
    0    200     43     41      0      0      0      0      0      0   3201   1980      0      0 130373 130374      0      0      0      0      0      0 
    0    134     42     40      0      0      0      0      0      0   3201   1980      0      0 130373 130374      0      0      0      0      0      1 
    0    133     42     40      0      0      0      0      0      0   3201   1980      0      0 130373 130374      0      0      0      0      0      0 
    0    133     42     39      0      0      0      0      0      0   3201   1980      0      0 130373 130374      0      0      0      0      0      0 
    0    390     49     47     96     60      0      0      0      0   3201   1980      0      0 130373 130374      0      0      0      0    134     26 
    0    203     46     41     95     58      0      0      0      0   3201   1980      0      0 130373 130374      0      0      0      0    139     30 
    0    331     48     46     96     59      0      0      0      0   3201   1980      0      0 130373 130374      0      0      0      0    151     32 
    0    323     44     43      0      0      0      0      0      0   3201   1980      0      0 130373 130374      0      0      0      0      2      0 
    0    350     49     47     97     60      0      0      0      0   3201   1980      0      0 130373 130374      0      0      0      0      0      0 
    0    224     43     41      0      0      0      0      0      0   3201   1980      0      0 130373 130374      0      0      0      0      0      0 
    0    193     47     43     97     54      0      0      0      0   3201   1980      0      0 130373 130374      0      0      0      0    127     31 
    0    284     43     42      0      0      0      0      0      0   3201   1980      0      0 130373 130374      0      0      0      0      0      0 
    0    239     48     46     97     54      0      0      0      0   3201   1980      0      0 130373 130374      0      0      0      0    123     28 
    0    153     43     40      0      0      0      0      0      0   3201   1980      0      0 130373 130374      0      0      0      0      0      0 
    0    133     42     40      0      0      0      0      0      0   3201   1980      0      0 130373 130374      0      0      0      0      0      0 
    0    133     42     40      0      0      0      0      0      0   3201   1980      0      0 130373 130374      0      0      0      0      0      0 
    0    217     43     41      0      0      0      0      0      0   3201   1980      0      0 130373 130374      0      0      0      0    150     29 
    0    234     43     40      0      0      0      0      0      0   3201   1980      0      0 130373 130374      0      0      0      0      0      0 
    0    133     42     39      0      0      0      0      0      0   3201   1980      0      0 130373 130374      0      0      0      0      0      0 
    0    133     42     39      0      0      0      0      0      0   3201   1980      0      0 130373 130374      0      0      0      0      0      0 
    0    216     45     44     96     60      0      0      0      0   3201   1980      0      0 130373 130374      0      0      0      0      0      0 
    0    207     43     41      0      0      0      0      0      0   3201   1980      0      0 130373 130374      0      0      0      0      0      0 
    0    187     50     41     98     55      0      0      0      0   3201   1980      0      0 130373 130374      0      0      0      0    121     31 
# gpu    pwr  gtemp  mtemp     sm    mem    enc    dec    jpg    ofa   mclk   pclk  pviol  tviol     fb   bar1   ccpm  sbecc  dbecc    pci  rxpci  txpci 
# Idx      W      C      C      %      %      %      %      %      %    MHz    MHz      %   bool     MB     MB     MB   errs   errs   errs   MB/s   MB/s 
    0    447     49     47     97     60      0      0      0      0   3201   1980      0      0 130373 130374      0      0      0      0      0      0 
    0    332     48     47     91     57      0      0      0      0   3201   1980      0      0 130373 130374      0      0      0      0    133     33 
    0    200     47     41     95     58      0      0      0      0   3201   1980      0      0 130373 130374      0      0      0      0    127     31 
    0    263     48     45     80     48      0      0      0      0   3201   1980      0      0 130373 130374      0      0      0      0    116     31 
    0    320     49     46     97     60      0      0      0      0   3201   1980      0      0 130373 130374      0      0      0      0    145     30 
    0    242     45     46     85     52      0      0      0      0   3201   1980      0      0 130373 130374      0      0      0      0      0      1 
    0    134     43     40      0      0      0      0      0      0   3201   1980      0      0 130373 130374      0      0      0      0      0      0 
    0    133     42     40      0      0      0      0      0      0   3201   1980      0      0 130373 130374      0      0      0      0      0      1 
    0    412     48     48     95     58      0      0      0      0   3201   1980      0      0 130373 130374      0      0      0      0    147     30 
    0    290     49     47     98     57      0      0      0      0   3201   1980      0      0 130373 130374      0      0      0      0    120     32 
    0    192     43     41     31     16      0      0      0      0   3201   1980      0      0 130373 130374      0      0      0      0    130     32 
    0    387     45     43      0      0      0      0      0      0   3201   1980      0      0 130373 130374      0      0      0      0      0      1 
    0    245     44     43      0      0      0      0      0      0   3201   1980      0      0 130373 130374      0      0      0      0      0      0 
    0    134     43     40      0      0      0      0      0      0   3201   1980      0      0 130373 130374      0      0      0      0      0      1 
    0    252     43     41      0      0      0      0      0      0   3201   1980      0      0 130373 130374      0      0      0      0      0      0 
    0    301     44     43      0      0      0      0      0      0   3201   1980      0      0 130373 130374      0      0      0      0      0      0 
    0    215     47     45     96     60      0      0      0      0   3201   1980      0      0 130373 130374      0      0      0      0    138     30 
    0    162     43     40      0      0      0      0      0      0   3201   1980      0      0 130373 130374      0      0      0      0      0      0 
    0    133     42     39      0      0      0      0      0      0   3201   1980      0      0 130373 130374      0      0      0      0      0      0 
    0    147     42     39     22     10      0      0      0      0   3201   1980      0      0 130373 130374      0      0      0      0    131     32 
    0    309     43     41      0      0      0      0      0      0   3201   1980      0      0 130373 130374      0      0      0      0      0     21 
    0    302     43     41      0      0      0      0      0      0   3201   1980      0      0 130373 130374      0      0      0      0    150     28 
    0    265     47     44     80     47      0      0      0      0   3201   1980      0      0 130373 130374      0      0      0      0    120     30 
    0    222     43     41      0      0      0      0      0      0   3201   1980      0      0 130373 130374      0      0      0      0      0      0 
    0    134     42     40      0      0      0      0      0      0   3201   1980      0      0 130373 130374      0      0      0      0      0      0 
    0    155     46     42      0      0      0      0      0      0   3201   1980      0      0 130373 130374      0      0      0      0    115     31 
    0    270     43     41      0      0      0      0      0      0   3201   1980      0      0 130373 130374      0      0      0      0      0      0 
    0    133     42     40      0      0      0      0      0      0   3201   1980      0      0 130373 130374      0      0      0      0      0      0 
    0    224     43     40      0      0      0      0      0      0   3201   1980      0      0 130373 130374      0      0      0      0      0      0 
    0    280     48     46     46     25      0      0      0      0   3201   1980      0      0 130373 130374      0      0      0      0     99     21 
    0    167     42     40      0      0      0      0      0      0   3201   1980      0      0 130373 130374      0      0      0      0      2      0 
    0    297     48     44     42     22      0      0      0      0   3201   1980      0      0 130373 130374      0      0      0      0    122     30 
    0    284     43     41      0      0      0      0      0      0   3201   1980      0      0 130373 130374      0      0      0      0      0      0 
    0    134     44     40      0      0      0      0      0      0   3201   1980      0      0 130373 130374      0      0      0      0    120     30 
    0    289     47     44      0      0      0      0      0      0   3201   1980      0      0 130373 130374      0      0      0      0    134     31 
    0    184     42     40      0      0      0      0      0      0   3201   1980      0      0 130373 130374      0      0      0      0      0      0 
    0    151     46     41     19      9      0      0      0      0   3201   1980      0      0 130373 130374      0      0      0      0    120     31 
    0    180     42     40      0      0      0      0      0      0   3201   1980      0      0 130373 130374      0      0      0      0     74     22 
    0    208     42     40      0      0      0      0      0      0   3201   1980      0      0 130373 130374      0      0      0      0      0      1 
    0    227     46     40      6      2      0      0      0      0   3201   1980      0      0 130373 130374      0      0      0      0    136     28 
    0    198     42     40      0      0      0      0      0      0   3201   1980      0      0 130373 130374      0      0      0      0      0      1 
    0    133     42     39      0      0      0      0      0      0   3201   1980      0      0 130373 130374      0      0      0      0      0      0 
    0    133     42     39      0      0      0      0      0      0   3201   1980      0      0 130373 130374      0      0      0      0    128     32 
    0    239     48     40      0      0      0      0      0      0   3201   1980      0      0 130373 130374      0      0      0      0    128     31 
# gpu    pwr  gtemp  mtemp     sm    mem    enc    dec    jpg    ofa   mclk   pclk  pviol  tviol     fb   bar1   ccpm  sbecc  dbecc    pci  rxpci  txpci 
# Idx      W      C      C      %      %      %      %      %      %    MHz    MHz      %   bool     MB     MB     MB   errs   errs   errs   MB/s   MB/s 
    0    361     48     47     95     59      0      0      0      0   3201   1980      0      0 130373 130374      0      0      0      0      0      1 
    0    309     48     46     91     53      0      0      0      0   3201   1980      0      0 130373 130374      0      0      0      0      0      0 
    0    186     47     43      0      0      0      0      0      0   3201   1980      0      0 130373 130374      0      0      0      0    132     33 
    0    307     43     41      0      0      0      0      0      0   3201   1980      0      0 130373 130374      0      0      0      0      0      0 
    0    374     49     47     96     60      0      0      0      0   3201   1980      0      0 130373 130374      0      0      0      0      0      1 
    0    245     47     43      0      0      0      0      0      0   3201   1980      0      0 130373 130374      0      0      0      0    130     22 
    0    243     47     46     32     16      0      0      0      0   3201   1980      0      0 130373 130374      0      0      0      0    143     30 
    0    343     45     44     31     19      0      0      0      0   3201   1980      0      0 130373 130374      0      0      0      0      0      0 
    0    219     45     45     64     39      0      0      0      0   3201   1980      0      0 130373 130374      0      0      0      0      0      0 
    0    224     45     46     95     58      0      0      0      0   3201   1980      0      0 130373 130374      0      0      0      0      0      0 
    0    223     43     41      0      0      0      0      0      0   3201   1980      0      0 130373 130374      0      0      0      0      0      0 
    0    134     43     40      0      0      0      0      0      0   3201   1980      0      0 130373 130374      0      0      0      0      0      0 
    0    261     47     44     76     43      0      0      0      0   3201   1980      0      0 130373 130374      0      0      0      0    126     30 
    0    317     44     42      0      0      0      0      0      0   3201   1980      0      0 130373 130374      0      0      0      0      0      0 
    0    134     43     40      0      0      0      0      0      0   3201   1980      0      0 130373 130374      0      0      0      0      0      0 
    0    222     44     46     96     60      0      0      0      0   3201   1980      0      0 130373 130374      0      0      0      0      0      0 
    0    134     42     40      0      0      0      0      0      0   3201   1980      0      0 130373 130374      0      0      0      0      0      0 
    0    218     43     40      0      0      0      0      0      0   3201   1980      0      0 130373 130374      0      0      0      0      0      0 
    0    271     43     41      0      0      0      0      0      0   3201   1980      0      0 130373 130374      0      0      0      0      0      0 
    0    134     42     40      0      0      0      0      0      0   3201   1980      0      0 130373 130374      0      0      0      0      0      0 
    0    174     46     43     69     39      0      0      0      0   3201   1980      0      0 130373 130374      0      0      0      0    128     29 
    0    225     42     40      0      0      0      0      0      0   3201   1980      0      0 130373 130374      0      0      0      0      0      0 
    0    225     42     40      0      0      0      0      0      0   3201   1980      0      0 130373 130374      0      0      0      0      0      0 
    0    133     42     39      0      0      0      0      0      0   3201   1980      0      0 130373 130374      0      0      0      0      0      0 
    0    133     42     39      0      0      0      0      0      0   3201   1980      0      0 130373 130374      0      0      0      0      0      0 
    0    133     42     39      0      0      0      0      0      0   3201   1980      0      0 130373 130374      0      0      0      0      1      0 
    0    133     42     39      0      0      0      0      0      0   3201   1980      0      0 130373 130374      0      0      0      0      0      0 
    0    133     41     39      0      0      0      0      0      0   3201   1980      0      0 130373 130374      0      0      0      0      0      1 
    0    259     47     45     95     60      0      0      0      0   3201   1980      0      0 130373 130374      0      0      0      0      0      0 
    0    147     42     39      0      0      0      0      0      0   3201   1980      0      0 130373 130374      0      0      0      0      0      1 
    0    223     48     43     95     58      0      0      0      0   3201   1980      0      0 130373 130374      0      0      0      0    134     31 
    0    246     46     41      0      0      0      0      0      0   3201   1980      0      0 130373 130374      0      0      0      0    141     29 
    0    239     42     40      0      0      0      0      0      0   3201   1980      0      0 130373 130374      0      0      0      0      0      0 
    0    187     46     43     95     58      0      0      0      0   3201   1980      0      0 130373 130374      0      0      0      0    122     31 
    0    156     42     39      0      0      0      0      0      0   3201   1980      0      0 130373 130374      0      0      0      0      0      0 
    0    207     42     40      0      0      0      0      0      0   3201   1980      0      0 130373 130374      0      0      0      0      0      1 
    0    322     48     45     96     60      0      0      0      0   3201   1980      0      0 130373 130374      0      0      0      0    122     19 
    0    164     43     40      0      0      0      0      0      0   3201   1980      0      0 130373 130374      0      0      0      0    150     29 
    0    251     43     41      0      0      0      0      0      0   3201   1980      0      0 130373 130374      0      0      0      0      0      0 
    0    200     47     44     55     30      0      0      0      0   3201   1980      0      0 130373 130374      0      0      0      0    150     30 
    0    169     42     40      0      0      0      0      0      0   3201   1980      0      0 130373 130374      0      0      0      0      0      0 
    0    212     46     44     95     60      0      0      0      0   3201   1980      0      0 130373 130374      0      0      0      0      0      1 
    0    134     42     39      0      0      0      0      0      0   3201   1980      0      0 130373 130374      0      0      0      0      0      0 
    0    133     42     39      0      0      0      0      0      0   3201   1980      0      0 130373 130374      0      0      0      0      0      1 
# gpu    pwr  gtemp  mtemp     sm    mem    enc    dec    jpg    ofa   mclk   pclk  pviol  tviol     fb   bar1   ccpm  sbecc  dbecc    pci  rxpci  txpci 
# Idx      W      C      C      %      %      %      %      %      %    MHz    MHz      %   bool     MB     MB     MB   errs   errs   errs   MB/s   MB/s 
    0    133     42     39      0      0      0      0      0      0   3201   1980      0      0 130373 130374      0      0      0      0      0      0 
    0    235     42     40      0      0      0      0      0      0   3201   1980      0      0 130373 130374      0      0      0      0      0      1 
    0    133     42     39      0      0      0      0      0      0   3201   1980      0      0 130373 130374      0      0      0      0      0      0 
    0    334     44     44     95     58      0      0      0      0   3201   1980     25      0 130373 130374      0      0      0      0      0      0 
    0    181     46     43     84     48      0      0      0      0   3201   1980      0      0 130373 130374      0      0      0      0    132     31 
    0    322     48     43     92     52      0      0      0      0   3201   1980      0      0 130373 130374      0      0      0      0    139     23 
    0    277     43     41      0      0      0      0      0      0   3201   1980     29      0 130373 130374      0      0      0      0      0      0 
    0    265     48     45     95     58      0      0      0      0   3201   1980      0      0 130373 130374      0      0      0      0    133     31 
    0    296     44     43      0      0      0      0      0      0   3201   1980      0      0 130373 130374      0      0      0      0      0      0 
    0    134     42     40      0      0      0      0      0      0   3201   1980      0      0 130373 130374      0      0      0      0      0      0 
    0    178     46     43     82     48      0      0      0      0   3201   1980      0      0 130373 130374      0      0      0      0    143     24 
    0    155     42     39      0      0      0      0      0      0   3201   1980      0      0 130373 130374      0      0      0      0    139     32 
    0    349     43     41      0      0      0      0      0      0   3201   1980      0      0 130373 130374      0      0      0      0      0      0 
    0    344     46     43      0      0      0      0      0      0   3201   1980      0      0 130373 130374      0      0      0      0    149     28 
    0    312     43     42      0      0      0      0      0      0   3201   1980      0      0 130373 130374      0      0      0      0      0      0 
    0    134     42     40      0      0      0      0      0      0   3201   1980      0      0 130373 130374      0      0      0      0      0      0 
    0    160     45     40      0      0      0      0      0      0   3201   1980      0      0 130373 130374      0      0      0      0    150     28 
    0    238     47     44     95     59      0      0      0      0   3201   1980      0      0 130373 130374      0      0      0      0      0      0 
    0    235     44     43      0      0      0      0      0      0   3201   1980      0      0 130373 130374      0      0      0      0      0      0 
    0    330     48     47     95     58      0      0      0      0   3201   1980      0      0 130373 130374      0      0      0      0      0      0 
    0    226     47     45     95     58      0      0      0      0   3201   1980      0      0 130373 130374      0      0      0      0    151     28 
    0    368     51     47     95     58      0      0      0      0   3201   1980      0      0 130373 130374      0      0      0      0    120     31 
    0    305     44     42      0      0      0      0      0      0   3201   1980      0      0 130373 130374      0      0      0      0      0      0 
    0    134     43     40      0      0      0      0      0      0   3201   1980      0      0 130373 130374      0      0      0      0      0      0 
    0    210     47     45     72     41      0      0      0      0   3201   1980      0      0 130373 130374      0      0      0      0      0      0 
    0    134     42     40      0      0      0      0      0      0   3201   1980      0      0 130373 130374      0      0      0      0    121     31 
    0    308     47     45     95     59      0      0      0      0   3201   1980      0      0 130373 130374      0      0      0      0    153     28 
    0    433     49     48     27     14      0      0      0      0   3201   1980      0      0 130373 130374      0      0      0      0     28      0 
    0    158     43     41      0      0      0      0      0      0   3201   1980      0      0 130373 130374      0      0      0      0      0      0 
