# gpu    pwr  gtemp  mtemp     sm    mem    enc    dec    jpg    ofa   mclk   pclk  pviol  tviol     fb   bar1   ccpm  sbecc  dbecc    pci  rxpci  txpci 
# Idx      W      C      C      %      %      %      %      %      %    MHz    MHz      %   bool     MB     MB     MB   errs   errs   errs   MB/s   MB/s 
    0    169     42     42     10      8      0      0      0      0   3201   1980      0      0 119389 119390      0      0      0      0      0      0 
    0    142     39     37      0      0      0      0      0      0   3201   1980      0      0 119389 119390      0      0      0      0      0      1 
    0    134     38     37      0      0      0      0      0      0   3201   1980      0      0 119389 119390      0      0      0      0      0      0 
    0    134     38     36      0      0      0      0      0      0   3201   1980      0      0 119389 119390      0      0      0      0      0      1 
    0    134     38     36      0      0      0      0      0      0   3201   1980      0      0 119389 119390      0      0      0      0      0      0 
    0    134     38     36      0      0      0      0      0      0   3201   1980      0      0 119389 119390      0      0      0      0      0      1 
    0    134     38     36      0      0      0      0      0      0   3201   1980      0      0 119389 119390      0      0      0      0      0      0 
    0    134     37     36      0      0      0      0      0      0   3201   1980      0      0 119389 119390      0      0      0      0      0      0 
    0    133     37     36      0      0      0      0      0      0   3201   1980      0      0 119389 119390      0      0      0      0      2      0 
    0    133     37     35      0      0      0      0      0      0   3201   1980      0      0 119389 119390      0      0      0      0      0      0 
    0    133     37     35      0      0      0      0      0      0   3201   1980      0      0 119389 119390      0      0      0      0      0      0 
    0    133     37     35      0      0      0      0      0      0   3201   1980      0      0 119389 119390      0      0      0      0      0      0 
    0    132     37     35      0      0      0      0      0      0   3201   1980      0      0 119389 119390      0      0      0      0      0      0 
    0    198     41     43     89     68      0      0      0      0   3201   1980      0      0 119393 119394      0      0      0      0     46     13 
    0    368     38     38      0      0      0      0      0      0   3201   1980      0      0 119393 119394      0      0      0      0     42     14 
    0    459     43     45     30     18      0      0      0      0   3201   1980      0      0 119393 119394      0      0      0      0     44     13 
    0    510     45     47     88     67      0      0      0      0   3201   1980      0      0 119393 119394      0      0      0      0     42     13 
    0    494     45     48     26     19      0      0      0      0   3201   1980      0      0 119393 119394      0      0      0      0      0      0 
    0    445     46     50     89     66      0      0      0      0   3201   1980      0      0 119393 119394      0      0      0      0     41     14 
    0    321     40     39      0      0      0      0      0      0   3201   1980      0      0 119393 119394      0      0      0      0      0      0 
    0    160     43     39      0      0      0      0      0      0   3201   1980      0      0 119393 119394      0      0      0      0     42     14 
    0    374     40     39      0      0      0      0      0      0   3201   1980      0      0 119393 119394      0      0      0      0      0      0 
    0    135     39     37      0      0      0      0      0      0   3201   1980      0      0 119393 119394      0      0      0      0      0      0 
    0    134     38     36      0      0      0      0      0      0   3201   1980      0      0 119393 119394      0      0      0      0      0      0 
    0    476     45     47     89     66      0      0      0      0   3201   1980      0      0 119393 119394      0      0      0      0     42     14 
    0    246     39     38      0      0      0      0      0      0   3201   1980      0      0 119393 119394      0      0      0      0      0     14 
    0    480     46     49     89     67      0      0      0      0   3201   1980      0      0 119393 119394      0      0      0      0     42     14 
    0    491     46     49     89     67      0      0      0      0   3201   1980      0      0 119393 119394      0      0      0      0     42     13 
    0    288     40     39      0      0      0      0      0      0   3201   1980      0      0 119393 119394      0      0      0      0      0      0 
    0    135     39     37      0      0      0      0      0      0   3201   1980      0      0 119393 119394      0      0      0      0      0      0 
    0    466     46     48     89     65      0      0      0      0   3201   1980      0      0 119393 119394      0      0      0      0     47     14 
    0    167     39     38      0      0      0      0      0      0   3201   1980      0      0 119393 119394      0      0      0      0     43     13 
    0    428     42     42     10      8      0      0      0      0   3201   1980      0      0 119393 119394      0      0      0      0      0      0 
    0    338     45     47     89     68      0      0      0      0   3201   1980      0      0 119393 119394      0      0      0      0     43     13 
    0    231     39     38      0      0      0      0      0      0   3201   1980      0      0 119393 119394      0      0      0      0      0      0 
    0    350     45     48     89     68      0      0      0      0   3201   1980      0      0 119393 119394      0      0      0      0     42     13 
    0    213     39     39      0      0      0      0      0      0   3201   1980      0      0 119393 119394      0      0      0      0      0      0 
    0    135     39     37      0      0      0      0      0      0   3201   1980      0      0 119393 119394      0      0      0      0      0      0 
    0    134     38     37      0      0      0      0      0      0   3201   1980      0      0 119393 119394      0      0      0      0      0      0 
    0    434     43     46     89     68      0      0      0      0   3201   1980      0      0 119393 119394      0      0      0      0      0      0 
    0    229     43     46     89     67      0      0      0      0   3201   1980      0      0 119393 119394      0      0      0      0     43     13 
    0    517     46     48     89     68      0      0      0      0   3201   1980      0      0 119393 119394      0      0      0      0     40      0 
    0    245     43     45     89     61      0      0      0      0   3201   1980      0      0 119393 119394      0      0      0      0     51     14 
    0    430     44     43      7      3      0      0      0      0   3201   1980      0      0 119393 119394      0      0      0      0     66     14 
# gpu    pwr  gtemp  mtemp     sm    mem    enc    dec    jpg    ofa   mclk   pclk  pviol  tviol     fb   bar1   ccpm  sbecc  dbecc    pci  rxpci  txpci 
# Idx      W      C      C      %      %      %      %      %      %    MHz    MHz      %   bool     MB     MB     MB   errs   errs   errs   MB/s   MB/s 
    0    454     43     43     52     40      0      0      0      0   3201   1980     28      0 119393 119394      0      0      0      0      0      0 
    0    136     39     38      0      0      0      0      0      0   3201   1980      0      0 119393 119394      0      0      0      0      0      0 
    0    182     42     41     89     66      0      0      0      0   3201   1980      0      0 119393 119394      0      0      0      0     44     13 
    0    521     46     47     89     66      0      0      0      0   3201   1980      0      0 119393 119394      0      0      0      0     41     15 
    0    518     46     50     89     65      0      0      0      0   3201   1980      0      0 119393 119394      0      0      0      0     44     13 
    0    253     44     47     89     67      0      0      0      0   3201   1980      0      0 119393 119394      0      0      0      0     45     13 
    0    516     46     50     89     67      0      0      0      0   3201   1980      0      0 119393 119394      0      0      0      0     42     14 
    0    501     47     51     89     65      0      0      0      0   3201   1980     28      0 119393 119394      0      0      0      0      0     16 
    0    439     47     50     89     67      0      0      0      0   3201   1980      0      0 119393 119394      0      0      0      0      0      8 
    0    438     43     43      0      0      0      0      0      0   3201   1980      0      0 119393 119394      0      0      0      0     41     13 
    0    433     43     43      0      0      0      0      0      0   3201   1980      0      0 119393 119394      0      0      0      0      0      0 
    0    136     40     39      0      0      0      0      0      0   3201   1980      0      0 119393 119394      0      0      0      0      0      0 
    0    206     44     44     63     44      0      0      0      0   3201   1980      0      0 119393 119394      0      0      0      0     42     14 
    0    379     44     43     89     66      0      0      0      0   3201   1980      0      0 119393 119394      0      0      0      0     46     20 
    0    521     48     49     88     59      0      0      0      0   3201   1980      0      0 119393 119394      0      0      0      0     48     14 
    0    372     42     41      0      0      0      0      0      0   3201   1980      0      0 119393 119394      0      0      0      0     44     13 
    0    472     45     47     89     66      0      0      0      0   3201   1980      0      0 119393 119394      0      0      0      0      0      0 
    0    433     45     46      0      0      0      0      0      0   3201   1980      0      0 119393 119394      0      0      0      0      0      0 
    0    431     47     50     88     64      0      0      0      0   3201   1980     32      0 119393 119394      0      0      0      0     53     14 
    0    516     48     52     89     67      0      0      0      0   3201   1980      0      0 119393 119394      0      0      0      0     42     13 
    0    499     48     50     89     60      0      0      0      0   3201   1980      0      0 119393 119394      0      0      0      0     45     13 
    0    332     42     41      0      0      0      0      0      0   3201   1980      0      0 119393 119394      0      0      0      0      0      0 
    0    137     41     39      0      0      0      0      0      0   3201   1980      0      0 119393 119394      0      0      0      0      0      0 
    0    136     40     38      0      0      0      0      0      0   3201   1980      0      0 119393 119394      0      0      0      0      0      0 
    0    135     40     38      0      0      0      0      0      0   3201   1980      0      0 119393 119394      0      0      0      0      0      1 
    0    512     47     49     89     65      0      0      0      0   3201   1980      0      0 119393 119394      0      0      0      0     47     14 
    0    424     46     48     90     60      0      0      0      0   3201   1980      0      0 119393 119394      0      0      0      0     53     15 
    0    523     47     50     89     65      0      0      0      0   3201   1980     31      0 119393 119394      0      0      0      0     69     16 
    0    467     44     45     63     47      0      0      0      0   3201   1980      0      0 119393 119394      0      0      0      0      0      1 
    0    520     49     50     89     65      0      0      0      0   3201   1980      0      0 119393 119394      0      0      0      0     52     14 
    0    395     43     42      0      0      0      0      0      0   3201   1980      0      0 119393 119394      0      0      0      0      0      1 
    0    321     47     47     89     65      0      0      0      0   3201   1980      0      0 119393 119394      0      0      0      0     47     14 
    0    297     41     40      0      0      0      0      0      0   3201   1980      0      0 119393 119394      0      0      0      0      0      1 
    0    382     47     50     89     65      0      0      0      0   3201   1980      0      0 119393 119394      0      0      0      0     48     14 
    0    250     41     40      0      0      0      0      0      0   3201   1980      0      0 119393 119394      0      0      0      0      0      1 
    0    136     40     38      0      0      0      0      0      0   3201   1980      0      0 119393 119394      0      0      0      0      0      0 
    0    136     40     38      0      0      0      0      0      0   3201   1980      0      0 119393 119394      0      0      0      0      0      1 
    0    482     46     48     89     67      0      0      0      0   3201   1980      0      0 119393 119394      0      0      0      0     44     13 
    0    331     41     40      0      0      0      0      0      0   3201   1980      0      0 119393 119394      0      0      0      0      0      0 
    0    136     40     38      0      0      0      0      0      0   3201   1980      0      0 119393 119394      0      0      0      0      0      0 
    0    135     39     37      0      0      0      0      0      0   3201   1980      0      0 119393 119394      0      0      0      0      0      0 
    0    349     45     46     89     67      0      0      0      0   3201   1980      0      0 119393 119394      0      0      0      0     42     13 
    0    460     46     50     89     67      0      0      0      0   3201   1980      0      0 119393 119394      0      0      0      0      0      0 
    0    304     45     46     89     65      0      0      0      0   3201   1965     33      0 119393 119394      0      0      0      0     60     15 
# gpu    pwr  gtemp  mtemp     sm    mem    enc    dec    jpg    ofa   mclk   pclk  pviol  tviol     fb   bar1   ccpm  sbecc  dbecc    pci  rxpci  txpci 
# Idx      W      C      C      %      %      %      %      %      %    MHz    MHz      %   bool     MB     MB     MB   errs   errs   errs   MB/s   MB/s 
    0    522     47     49     89     65      0      0      0      0   3201   1980     53      0 119393 119394      0      0      0      0     52     14 
    0    516     47     50     89     65      0      0      0      0   3201   1980      0      0 119393 119394      0      0      0      0     47     14 
    0    376     46     47     88     66      0      0      0      0   3201   1980      0      0 119393 119394      0      0      0      0     46     13 
    0    496     48     49     88     65      0      0      0      0   3201   1980      0      0 119393 119394      0      0      0      0     47     14 
    0    519     48     50     89     65      0      0      0      0   3201   1980     28      0 119393 119394      0      0      0      0     53     14 
    0    496     48     51     89     67      0      0      0      0   3201   1980      0      0 119393 119394      0      0      0      0     42     14 
    0    176     41     40      0      0      0      0      0      0   3201   1980      0      0 119393 119394      0      0      0      0      0      0 
    0    136     40     39      0      0      0      0      0      0   3201   1980      0      0 119393 119394      0      0      0      0     42     14 
    0    517     47     51     89     67      0      0      0      0   3201   1980      0      0 119393 119394      0      0      0      0     46     11 
    0    401     47     49     89     65      0      0      0      0   3201   1980      0      0 119393 119394      0      0      0      0     49     14 
    0    345     46     48     89     67      0      0      0      0   3201   1980      0      0 119393 119394      0      0      0      0     42     17 
    0    516     48     50     89     67      0      0      0      0   3201   1980     28      0 119393 119394      0      0      0      0      0      0 
    0    458     47     50     89     65      0      0      0      0   3201   1980     31      0 119393 119394      0      0      0      0      0      0 
    0    187     49     43      0      0      0      0      0      0   3201   1965     17      0 119393 119394      0      0      0      0     48     14 
    0    394     42     41     38     25      0      0      0      0   3201   1980     10      0 119393 119394      0      0      0      0     46     13 
    0    513     48     51     89     66      0      0      0      0   3201   1980      0      0 119393 119394      0      0      0      0      0      0 
    0    322     47     50     89     68      0      0      0      0   3201   1980      0      0 119393 119394      0      0      0      0     47     13 
    0    251     41     40      0      0      0      0      0      0   3201   1980      0      0 119393 119394      0      0      0      0      0      1 
    0    136     40     39      0      0      0      0      0      0   3201   1980      0      0 119393 119394      0      0      0      0      0      0 
    0    241     45     47     89     67      0      0      0      0   3201   1980      0      0 119393 119394      0      0      0      0     48     14 
    0    495     47     50     79     56      0      0      0      0   3201   1980      0      0 119393 119394      0      0      0      0     45     13 
    0    475     47     49     89     67      0      0      0      0   3201   1980      0      0 119393 119394      0      0      0      0     42     14 
    0    488     48     50     89     65      0      0      0      0   3201   1980      0      0 119393 119394      0      0      0      0     48     14 
    0    340     42     41      0      0      0      0      0      0   3201   1980      0      0 119393 119394      0      0      0      0      0      1 
    0    136     41     39      0      0      0      0      0      0   3201   1980      0      0 119393 119394      0      0      0      0      0      0 
    0    246     45     46     89     67      0      0      0      0   3201   1980      0      0 119393 119394      0      0      0      0     44     15 
    0    516     47     50     89     67      0      0      0      0   3201   1980      0      0 119393 119394      0      0      0      0      0      0 
    0    149     41     39      0      0      0      0      0      0   3201   1980      0      0 119393 119394      0      0      0      0      0      1 
    0    432     43     43     22     17      0      0      0      0   3201   1980      0      0 119393 119394      0      0      0      0      0      0 
    0    423     47     49     89     65      0      0      0      0   3201   1980      0      0 119393 119394      0      0      0      0     44     14 
    0    251     41     40      0      0      0      0      0      0   3201   1980      0      0 119393 119394      0      0      0      0      0      0 
    0    437     47     48     88     65      0      0      0      0   3201   1980      0      0 119393 119394      0      0      0      0     45     15 
    0    296     41     40      0      0      0      0      0      0   3201   1980      0      0 119393 119394      0      0      0      0      0      0 
    0    219     45     45     87     61      0      0      0      0   3201   1980      0      0 119393 119394      0      0      0      0     44     15 
    0    481     47     49     89     66      0      0      0      0   3201   1980      0      0 119393 119394      0      0      0      0     42     13 
    0    276     41     40      0      0      0      0      0      0   3201   1980      0      0 119393 119394      0      0      0      0      1      1 
    0    281     45     48     89     67      0      0      0      0   3201   1980      0      0 119393 119394      0      0      0      0     46     13 
    0    362     45     47     45     30      0      0      0      0   3201   1980      0      0 119393 119394      0      0      0      0     44     14 
    0    332     41     41      0      0      0      0      0      0   3201   1980      0      0 119393 119394      0      0      0      0     17     14 
    0    497     47     49     89     67      0      0      0      0   3201   1980      0      0 119393 119394      0      0      0      0     42     14 
    0    303     41     40      0      0      0      0      0      0   3201   1980      0      0 119393 119394      0      0      0      0      0      0 
    0    136     40     38      0      0      0      0      0      0   3201   1980      0      0 119393 119394      0      0      0      0      0      1 
    0    241     45     48     90     67      0      0      0      0   3201   1980      0      0 119393 119394      0      0      0      0     41     14 
    0    424     46     49     89     67      0      0      0      0   3201   1980      0      0 119393 119394      0      0      0      0     46     14 
# gpu    pwr  gtemp  mtemp     sm    mem    enc    dec    jpg    ofa   mclk   pclk  pviol  tviol     fb   bar1   ccpm  sbecc  dbecc    pci  rxpci  txpci 
# Idx      W      C      C      %      %      %      %      %      %    MHz    MHz      %   bool     MB     MB     MB   errs   errs   errs   MB/s   MB/s 
    0    517     47     49     89     67      0      0      0      0   3201   1980      0      0 119393 119394      0      0      0      0     17      0 
    0    469     48     49     89     65      0      0      0      0   3201   1980      0      0 119393 119394      0      0      0      0     46     15 
    0    412     48     50     90     60      0      0      0      0   3201   1980      0      0 119393 119394      0      0      0      0     47     14 
    0    451     47     50     87     62      0      0      0      0   3201   1980      0      0 119393 119394      0      0      0      0     41     14 
    0    524     48     51     90     60      0      0      0      0   3201   1980      0      0 119393 119394      0      0      0      0     53     14 
    0    504     48     50     89     67      0      0      0      0   3201   1980      0      0 119393 119394      0      0      0      0     43     14 
    0    475     48     51     89     67      0      0      0      0   3201   1980      0      0 119393 119394      0      0      0      0     42     14 
    0    486     48     51     89     66      0      0      0      0   3201   1980      0      0 119393 119394      0      0      0      0     45     14 
    0    414     48     51     89     67      0      0      0      0   3201   1980      0      0 119393 119394      0      0      0      0     44     13 
    0    417     49     50     89     67      0      0      0      0   3201   1980      5      0 119393 119394      0      0      0      0     51     15 
    0    406     43     43      0      0      0      0      0      0   3201   1980     24      0 119393 119394      0      0      0      0      0      0 
    0    137     41     40      0      0      0      0      0      0   3201   1980      0      0 119393 119394      0      0      0      0      0      1 
    0    477     48     49     89     65      0      0      0      0   3201   1980      0      0 119393 119394      0      0      0      0     41     13 
    0    496     45     46     89     68      0      0      0      0   3201   1980      0      0 119393 119394      0      0      0      0      0      1 
    0    138     41     40      0      0      0      0      0      0   3201   1980      0      0 119393 119394      0      0      0      0      0      0 
    0    401     47     51     89     67      0      0      0      0   3201   1980      0      0 119393 119394      0      0      0      0     34      1 
    0    190     46     44      0      0      0      0      0      0   3201   1980      0      0 119393 119394      0      0      0      0     41     13 
    0    387     42     41      0      0      0      0      0      0   3201   1980      0      0 119393 119394      0      0      0      0      0      6 
    0    482     44     44     49     37      0      0      0      0   3201   1980      0      0 119393 119394      0      0      0      0      0      0 
    0    137     41     40      0      0      0      0      0      0   3201   1980      0      0 119393 119394      0      0      0      0      0      1 
    0    298     46     49     89     67      0      0      0      0   3201   1980      0      0 119393 119394      0      0      0      0     44     13 
    0    344     46     47     25     15      0      0      0      0   3201   1980      0      0 119393 119394      0      0      0      0     42     14 
    0    342     41     41      0      0      0      0      0      0   3201   1980      0      0 119393 119394      0      0      0      0      0      0 
    0    136     40     39      0      0      0      0      0      0   3201   1980      0      0 119393 119394      0      0      0      0      0      0 
    0    136     40     38      0      0      0      0      0      0   3201   1980      0      0 119393 119394      0      0      0      0      0      0 
    0    135     40     38      0      0      0      0      0      0   3201   1980      0      0 119393 119394      0      0      0      0      0      0 
    0    135     39     37      0      0      0      0      0      0   3201   1980      0      0 119393 119394      0      0      0      0      0      0 
    0    135     39     37      0      0      0      0      0      0   3201   1980      0      0 119393 119394      0      0      0      0      0      0 
    0    353     45     48     89     65      0      0      0      0   3201   1980      0      0 119393 119394      0      0      0      0     47     14 
    0    249     40     38      0      0      0      0      0      0   3201   1980      0      0 119393 119394      0      0      0      0      0      0 
    0    311     45     48     89     66      0      0      0      0   3201   1980      0      0 119393 119394      0      0      0      0     47     14 
    0    460     46     50     89     65      0      0      0      0   3201   1980      0      0 119393 119394      0      0      0      0     47     14 
    0    336     41     40      0      0      0      0      0      0   3201   1980      0      0 119393 119394      0      0      0      0      0      0 
    0    317     46     49     89     67      0      0      0      0   3201   1980      0      0 119393 119394      0      0      0      0     42     13 
    0    225     40     39      0      0      0      0      0      0   3201   1980      0      0 119393 119394      0      0      0      0      0      0 
    0    456     46     46     26     16      0      0      0      0   3201   1980      0      0 119393 119394      0      0      0      0     41     14 
    0    520     47     50     89     65      0      0      0      0   3201   1980      0      0 119393 119394      0      0      0      0     52     14 
    0    370     46     48     89     67      0      0      0      0   3201   1980      0      0 119393 119394      0      0      0      0     41     14 
    0    517     47     49     89     68      0      0      0      0   3201   1980      0      0 119393 119394      0      0      0      0      0      0 
    0    337     47     49     88     67      0      0      0      0   3201   1980      0      0 119393 119394      0      0      0      0     44     14 
    0    238     41     40      0      0      0      0      0      0   3201   1980      0      0 119393 119394      0      0      0      0      0      0 
    0    359     46     50     89     67      0      0      0      0   3201   1980      0      0 119393 119394      0      0      0      0     41     14 
    0    220     40     39      0      0      0      0      0      0   3201   1980      0      0 119393 119394      0      0      0      0      0      0 
    0    136     40     38      0      0      0      0      0      0   3201   1980      0      0 119393 119394      0      0      0      0      0      0 
# gpu    pwr  gtemp  mtemp     sm    mem    enc    dec    jpg    ofa   mclk   pclk  pviol  tviol     fb   bar1   ccpm  sbecc  dbecc    pci  rxpci  txpci 
# Idx      W      C      C      %      %      %      %      %      %    MHz    MHz      %   bool     MB     MB     MB   errs   errs   errs   MB/s   MB/s 
    0    135     39     37      0      0      0      0      0      0   3201   1980      0      0 119393 119394      0      0      0      0     42     13 
    0    428     41     41     19     14      0      0      0      0   3201   1980      0      0 119393 119394      0      0      0      0      0      0 
    0    163     45     42      0      0      0      0      0      0   3201   1980      0      0 119393 119394      0      0      0      0     50     14 
    0    512     46     48     89     67      0      0      0      0   3201   1980      0      0 119393 119394      0      0      0      0     44     13 
    0    329     46     47     89     66      0      0      0      0   3201   1980      0      0 119393 119394      0      0      0      0     48     14 
    0    528     47     51     90     53      0      0      0      0   3201   1965     26      0 119393 119394      0      0      0      0     64     15 
    0    364     41     41      0      0      0      0      0      0   3201   1980     10      0 119393 119394      0      0      0      0      0      0 
    0    410     50     50     89     65      0      0      0      0   3201   1980      0      0 119393 119394      0      0      0      0     55     14 
    0    397     42     42      0      0      0      0      0      0   3201   1980      0      0 119393 119394      0      0      0      0      0      0 
    0    136     40     39      0      0      0      0      0      0   3201   1980      0      0 119393 119394      0      0      0      0      0      0 
    0    305     46     50     89     66      0      0      0      0   3201   1980      0      0 119393 119394      0      0      0      0     45     14 
    0    358     47     48     89     59      0      0      0      0   3201   1980      0      0 119393 119394      0      0      0      0     54     14 
    0    452     46     46     64     45      0      0      0      0   3201   1980      0      0 119393 119394      0      0      0      0     43     13 
    0    488     48     50     88     67      0      0      0      0   3201   1980      0      0 119393 119394      0      0      0      0     51     14 
    0    379     42     42      0      0      0      0      0      0   3201   1980      0      0 119393 119394      0      0      0      0      0      0 
    0    136     40     39      0      0      0      0      0      0   3201   1980      0      0 119393 119394      0      0      0      0      0      0 
    0    329     46     49     89     67      0      0      0      0   3201   1980      0      0 119393 119394      0      0      0      0     43     13 
    0    449     47     49     89     67      0      0      0      0   3201   1980      0      0 119393 119394      0      0      0      0     41     14 
    0    515     48     52     89     67      0      0      0      0   3201   1980      0      0 119393 119394      0      0      0      0      0      6 
    0    435     43     43      0      0      0      0      0      0   3201   1980      0      0 119393 119394      0      0      0      0      0      0 
    0    378     47     51     89     65      0      0      0      0   3201   1980      0      0 119393 119394      0      0      0      0     49     14 
    0    521     48     52     89     65      0      0      0      0   3201   1980      0      0 119393 119394      0      0      0      0     49     14 
    0    305     42     41      0      0      0      0      0      0   3201   1980      0      0 119393 119394      0      0      0      0      0      0 
    0    137     41     39      0      0      0      0      0      0   3201   1980      0      0 119393 119394      0      0      0      0      0      0 
    0    349     47     49     89     68      0      0      0      0   3201   1980      0      0 119393 119394      0      0      0      0     45     13 
    0    297     46     49     89     68      0      0      0      0   3201   1980      0      0 119393 119394      0      0      0      0     44     13 
    0    525     50     49     89     65      0      0      0      0   3201   1980     34      0 119393 119394      0      0      0      0     64     14 
    0    511     48     52     89     68      0      0      0      0   3201   1980     28      0 119393 119394      0      0      0      0     41     14 
