# gpu    pwr  gtemp  mtemp     sm    mem    enc    dec    jpg    ofa   mclk   pclk  pviol  tviol     fb   bar1   ccpm  sbecc  dbecc    pci  rxpci  txpci 
# Idx      W      C      C      %      %      %      %      %      %    MHz    MHz      %   bool     MB     MB     MB   errs   errs   errs   MB/s   MB/s 
    0    139     38     37      0      0      0      0      0      0   3201   1980      0      0 119389 119390      0      0      0      0      0      0 
    0    137     38     36      0      0      0      0      0      0   3201   1980      0      0 119389 119390      0      0      0      0      0      1 
    0    134     38     36      0      0      0      0      0      0   3201   1980      0      0 119389 119390      0      0      0      0      0      0 
    0    134     38     36      0      0      0      0      0      0   3201   1980      0      0 119389 119390      0      0      0      0      0      0 
    0    134     38     36      0      0      0      0      0      0   3201   1980      0      0 119389 119390      0      0      0      0      0      0 
    0    134     37     36      0      0      0      0      0      0   3201   1980      0      0 119389 119390      0      0      0      0      0      0 
    0    134     37     35      0      0      0      0      0      0   3201   1980      0      0 119389 119390      0      0      0      0      0      0 
    0    133     37     35      0      0      0      0      0      0   3201   1980      0      0 119389 119390      0      0      0      0      0      0 
    0    133     37     35      0      0      0      0      0      0   3201   1980      0      0 119389 119390      0      0      0      0      0      0 
    0    133     37     35      0      0      0      0      0      0   3201   1980      0      0 119389 119390      0      0      0      0      0      0 
    0    133     37     35      0      0      0      0      0      0   3201   1980      0      0 119389 119390      0      0      0      0      0      0 
    0    133     37     35      0      0      0      0      0      0   3201   1980      0      0 119389 119390      0      0      0      0      0      0 
    0    133     37     35      0      0      0      0      0      0   3201   1980      0      0 119389 119390      0      0      0      0      0      0 
    0    393     43     43     89     67      0      0      0      0   3201   1980      0      0 119393 119394      0      0      0      0     48     14 
    0    510     44     47     89     60      0      0      0      0   3201   1980      0      0 119393 119394      0      0      0      0     61     15 
    0    511     45     45     89     65      0      0      0      0   3201   1980      0      0 119393 119394      0      0      0      0     53     14 
    0    392     43     44     47     31      0      0      0      0   3201   1980      0      0 119393 119394      0      0      0      0     43     14 
    0    354     39     39      0      0      0      0      0      0   3201   1980      0      0 119393 119394      0      0      0      0      0      0 
    0    340     45     48     89     65      0      0      0      0   3201   1980      0      0 119393 119394      0      0      0      0     48     15 
    0    515     46     49     89     65      0      0      0      0   3201   1980      0      0 119393 119394      0      0      0      0     47     14 
    0    511     46     51     89     67      0      0      0      0   3201   1980      0      0 119393 119394      0      0      0      0      0      1 
    0    365     46     46     87     64      0      0      0      0   3201   1980      0      0 119393 119394      0      0      0      0     59     15 
    0    492     46     48     89     68      0      0      0      0   3201   1980      0      0 119393 119394      0      0      0      0     42     15 
    0    478     43     43     51     39      0      0      0      0   3201   1980      0      0 119393 119394      0      0      0      0      0      0 
    0    436     44     45     78     59      0      0      0      0   3201   1980      0      0 119393 119394      0      0      0      0      0      1 
    0    144     40     38      0      0      0      0      0      0   3201   1980      0      0 119393 119394      0      0      0      0     45     14 
    0    507     46     48     67     47      0      0      0      0   3201   1980      0      0 119393 119394      0      0      0      0     42     16 
    0    520     47     49     89     60      0      0      0      0   3201   1980      0      0 119393 119394      0      0      0      0     53     14 
    0    517     47     51     88     65      0      0      0      0   3201   1980      0      0 119393 119394      0      0      0      0     48     34 
    0    271     45     47     18      9      0      0      0      0   3201   1980      0      0 119393 119394      0      0      0      0     43     14 
    0    521     47     49     89     64      0      0      0      0   3201   1980     32      0 119393 119394      0      0      0      0     48     15 
    0    521     48     51     89     65      0      0      0      0   3201   1980      0      0 119393 119394      0      0      0      0     80     15 
    0    523     48     50     88     66      0      0      0      0   3201   1980     33      0 119393 119394      0      0      0      0     53     15 
    0    520     48     50     88     66      0      0      0      0   3201   1980      0      0 119393 119394      0      0      0      0     44     14 
    0    266     46     47      0      0      0      0      0      0   3201   1980      0      0 119393 119394      0      0      0      0     51     15 
    0    523     48     50     89     59      0      0      0      0   3201   1980      0      0 119393 119394      0      0      0      0     54     15 
    0    516     48     50     89     65      0      0      0      0   3201   1980     28      0 119393 119394      0      0      0      0     54     15 
    0    526     49     51     89     64      0      0      0      0   3201   1980     28      0 119393 119394      0      0      0      0     64     15 
    0    526     49     50     88     64      0      0      0      0   3201   1980     30      0 119393 119394      0      0      0      0     48     15 
    0    337     43     42      0      0      0      0      0      0   3201   1980      0      0 119393 119394      0      0      0      0      0      0 
    0    152     41     40      0      0      0      0      0      0   3201   1980      1      0 119393 119394      0      0      0      0     48     15 
    0    522     48     51     89     65      0      0      0      0   3201   1980     40      0 119393 119394      0      0      0      0     49     14 
    0    531     48     52     89     65      0      0      0      0   3201   1980     31      0 119393 119394      0      0      0      0     63     16 
    0    522     49     52     88     65      0      0      0      0   3201   1980     29      0 119393 119394      0      0      0      0     47     14 
# gpu    pwr  gtemp  mtemp     sm    mem    enc    dec    jpg    ofa   mclk   pclk  pviol  tviol     fb   bar1   ccpm  sbecc  dbecc    pci  rxpci  txpci 
# Idx      W      C      C      %      %      %      %      %      %    MHz    MHz      %   bool     MB     MB     MB   errs   errs   errs   MB/s   MB/s 
    0    498     49     50     89     65      0      0      0      0   3201   1980      0      0 119393 119394      0      0      0      0      0      1 
    0    460     46     46     88     65      0      0      0      0   3201   1980      0      0 119393 119394      0      0      0      0      0      0 
    0    144     42     41      0      0      0      0      0      0   3201   1980      0      0 119393 119394      0      0      0      0     42     16 
    0    517     48     51     89     67      0      0      0      0   3201   1980      0      0 119393 119394      0      0      0      0      3      0 
    0    145     41     40      0      0      0      0      0      0   3201   1980      0      0 119393 119394      0      0      0      0      0      0 
    0    511     48     50     89     65      0      0      0      0   3201   1980      0      0 119393 119394      0      0      0      0     45     14 
    0    542     49     49     89     63      0      0      0      0   3201   1980      0      0 119393 119394      0      0      0      0     73     15 
    0    520     49     52     89     65      0      0      0      0   3201   1980      0      0 119393 119394      0      0      0      0     42     14 
    0    527     49     52     89     65      0      0      0      0   3201   1980      0      0 119393 119394      0      0      0      0     54     14 
    0    454     45     44     89     68      0      0      0      0   3201   1980      0      0 119393 119394      0      0      0      0      0      0 
    0    382     48     51     89     65      0      0      0      0   3201   1980      0      0 119393 119394      0      0      0      0     48     14 
    0    528     50     52     89     59      0      0      0      0   3201   1965     23      0 119393 119394      0      0      0      0     56     15 
    0    522     49     51     89     65      0      0      0      0   3201   1980     35      0 119393 119394      0      0      0      0     47     16 
    0    499     49     52     89     65      0      0      0      0   3201   1980     33      0 119393 119394      0      0      0      0     65     15 
    0    520     49     52     89     65      0      0      0      0   3201   1980     27      0 119393 119394      0      0      0      0     42     14 
    0    280     43     42      0      0      0      0      0      0   3201   1980      0      0 119393 119394      0      0      0      0      0      0 
    0    434     49     49     90     60      0      0      0      0   3201   1980      0      0 119393 119394      0      0      0      0     48     14 
    0    520     49     50     89     59      0      0      0      0   3201   1965     24      0 119393 119394      0      0      0      0     48     14 
    0    342     43     43      0      0      0      0      0      0   3201   1980      5      0 119393 119394      0      0      0      0      0      0 
    0    446     49     52     89     65      0      0      0      0   3201   1980      0      0 119393 119394      0      0      0      0     47     14 
    0    470     49     52     89     67      0      0      0      0   3201   1980      0      0 119393 119394      0      0      0      0     48     14 
    0    506     47     49     89     66      0      0      0      0   3201   1980      0      0 119393 119394      0      0      0      0     42     14 
    0    525     49     52     88     65      0      0      0      0   3201   1980      0      0 119393 119394      0      0      0      0      0      0 
    0    420     49     52     90     60      0      0      0      0   3201   1980     30      0 119393 119394      0      0      0      0     43     14 
    0    412     48     51     88     66      0      0      0      0   3201   1980      0      0 119393 119394      0      0      0      0     42     14 
    0    520     50     52     89     67      0      0      0      0   3201   1980      0      0 119393 119394      0      0      0      0     49     14 
    0    516     49     52     89     67      0      0      0      0   3201   1980      0      0 119393 119394      0      0      0      0      0      0 
    0    225     47     49      0      0      0      0      0      0   3201   1980      0      0 119393 119394      0      0      0      0     42     14 
    0    518     49     51     89     65      0      0      0      0   3201   1980     29      0 119393 119394      0      0      0      0     58     15 
    0    529     51     51     90     59      0      0      0      0   3201   1980     30      0 119393 119394      0      0      0      0     48     14 
    0    529     50     52     89     59      0      0      0      0   3201   1965     32      0 119393 119394      0      0      0      0     58     15 
    0    520     50     52     89     65      0      0      0      0   3201   1965     27      0 119393 119394      0      0      0      0     47     14 
    0    521     50     52     89     66      0      0      0      0   3201   1980      0      0 119393 119394      0      0      0      0     45     14 
    0    520     50     53     89     66      0      0      0      0   3201   1980      0      0 119393 119394      0      0      0      0     47     14 
    0    406     49     51     89     65      0      0      0      0   3201   1980      0      0 119393 119394      0      0      0      0     54     15 
    0    441     45     44      0      0      0      0      0      0   3201   1980      0      0 119393 119394      0      0      0      0     40     14 
    0    501     49     52     89     67      0      0      0      0   3201   1980      0      0 119393 119394      0      0      0      0     47     14 
    0    518     50     52     89     65      0      0      0      0   3201   1980     28      0 119393 119394      0      0      0      0     52     14 
    0    349     48     51     89     67      0      0      0      0   3201   1980      0      0 119393 119394      0      0      0      0     44     14 
    0    525     50     52     89     67      0      0      0      0   3201   1980      0      0 119393 119394      0      0      0      0     31      0 
    0    152     43     41      0      0      0      0      0      0   3201   1980      0      0 119393 119394      0      0      0      0      0      0 
    0    138     42     40      0      0      0      0      0      0   3201   1980      0      0 119393 119394      0      0      0      0      0      0 
    0    303     47     50     89     65      0      0      0      0   3201   1980      0      0 119393 119394      0      0      0      0     47     14 
    0    439     48     47     89     65      0      0      0      0   3201   1980      0      0 119393 119394      0      0      0      0     48     14 
# gpu    pwr  gtemp  mtemp     sm    mem    enc    dec    jpg    ofa   mclk   pclk  pviol  tviol     fb   bar1   ccpm  sbecc  dbecc    pci  rxpci  txpci 
# Idx      W      C      C      %      %      %      %      %      %    MHz    MHz      %   bool     MB     MB     MB   errs   errs   errs   MB/s   MB/s 
    0    520     49     52     89     66      0      0      0      0   3201   1980      0      0 119393 119394      0      0      0      0      0      0 
    0    450     49     52     44     33      0      0      0      0   3201   1980      0      0 119393 119394      0      0      0      0     47     14 
    0    525     49     52     88     64      0      0      0      0   3201   1980      0      0 119393 119394      0      0      0      0     55     15 
    0    518     49     51     89     65      0      0      0      0   3201   1980      0      0 119393 119394      0      0      0      0     44     14 
    0    480     47     48      0      0      0      0      0      0   3201   1980      0      0 119393 119394      0      0      0      0      0      0 
    0    440     47     48      0      0      0      0      0      0   3201   1980      0      0 119393 119394      0      0      0      0      0      0 
    0    180     46     43      0      0      0      0      0      0   3201   1980      0      0 119393 119394      0      0      0      0     42     14 
    0    449     48     46     14      6      0      0      0      0   3201   1965     18      0 119393 119394      0      0      0      0     66     16 
    0    520     49     52     89     65      0      0      0      0   3201   1980     13      0 119393 119394      0      0      0      0     48     14 
    0    530     49     51     88     64      0      0      0      0   3201   1980     50      0 119393 119394      0      0      0      0     92     15 
    0    522     49     51     89     65      0      0      0      0   3201   1980     49      0 119393 119394      0      0      0      0     44     14 
    0    327     48     51     89     68      0      0      0      0   3201   1980      0      0 119393 119394      0      0      0      0     47     14 
    0    527     50     51     88     64      0      0      0      0   3201   1980     39      0 119393 119394      0      0      0      0     53     14 
    0    518     50     52     89     66      0      0      0      0   3201   1980      0      0 119393 119394      0      0      0      0     47     14 
    0    312     48     50     89     68      0      0      0      0   3201   1980      0      0 119393 119394      0      0      0      0     47     14 
    0    522     49     51     89     65      0      0      0      0   3201   1980      0      0 119393 119394      0      0      0      0     48     14 
    0    523     50     52     89     65      0      0      0      0   3201   1980      0      0 119393 119394      0      0      0      0     54     15 
    0    527     50     52     89     66      0      0      0      0   3201   1980      0      0 119393 119394      0      0      0      0      0      0 
    0    299     49     52     89     67      0      0      0      0   3201   1980      0      0 119393 119394      0      0      0      0     45     14 
    0    536     54     51     88     62      0      0      0      0   3201   1965     18      0 119393 119394      0      0      0      0     72     15 
    0    487     50     53     28     21      0      0      0      0   3201   1980     37      0 119393 119394      0      0      0      0      0      0 
