# gpu    pwr  gtemp  mtemp     sm    mem    enc    dec    jpg    ofa   mclk   pclk  pviol  tviol     fb   bar1   ccpm  sbecc  dbecc    pci  rxpci  txpci 
# Idx      W      C      C      %      %      %      %      %      %    MHz    MHz      %   bool     MB     MB     MB   errs   errs   errs   MB/s   MB/s 
    0    171     41     43     24     18      0      0      0      0   3201   1980      0      0 119389 119390      0      0      0      0      0      0 
    0    135     38     36      0      0      0      0      0      0   3201   1980      0      0 119389 119390      0      0      0      0      0      1 
    0    133     38     36      0      0      0      0      0      0   3201   1980      0      0 119389 119390      0      0      0      0      0      0 
    0    133     37     36      0      0      0      0      0      0   3201   1980      0      0 119389 119390      0      0      0      0      0      1 
    0    133     37     35      0      0      0      0      0      0   3201   1980      0      0 119389 119390      0      0      0      0      0      0 
    0    133     37     35      0      0      0      0      0      0   3201   1980      0      0 119389 119390      0      0      0      0      0      1 
    0    132     37     35      0      0      0      0      0      0   3201   1980      0      0 119389 119390      0      0      0      0      0      0 
    0    132     37     35      0      0      0      0      0      0   3201   1980      0      0 119389 119390      0      0      0      0      0      1 
    0    132     37     35      0      0      0      0      0      0   3201   1980      0      0 119389 119390      0      0      0      0      0      0 
    0    132     37     35      0      0      0      0      0      0   3201   1980      0      0 119389 119390      0      0      0      0      0      0 
    0    132     36     34      0      0      0      0      0      0   3201   1980      0      0 119389 119390      0      0      0      0      0      0 
    0    132     36     34      0      0      0      0      0      0   3201   1980      0      0 119389 119390      0      0      0      0      0      0 
    0    135     36     34      0      0      0      0      0      0   3201   1980      0      0 119393 119394      0      0      0      0      0      8 
    0    481     43     47     89     65      0      0      0      0   3201   1980      0      0 119393 119394      0      0      0      0     54     15 
    0    508     44     45     88     63      0      0      0      0   3201   1980      0      0 119393 119394      0      0      0      0     63     15 
    0    509     45     47     88     63      0      0      0      0   3201   1980      0      0 119393 119394      0      0      0      0     73     18 
    0    504     45     47     88     64      0      0      0      0   3201   1980      0      0 119393 119394      0      0      0      0     78     16 
    0    510     46     48     88     64      0      0      0      0   3201   1980      0      0 119393 119394      0      0      0      0     55     16 
    0    508     46     50     89     64      0      0      0      0   3201   1980      0      0 119393 119394      0      0      0      0     53     14 
    0    513     46     50     88     64      0      0      0      0   3201   1980      0      0 119393 119394      0      0      0      0     63     17 
    0    507     47     49     88     64      0      0      0      0   3201   1980      0      0 119393 119394      0      0      0      0     63     15 
    0    519     47     49     88     63      0      0      0      0   3201   1980      0      0 119393 119394      0      0      0      0     73     17 
    0    514     47     48     88     64      0      0      0      0   3201   1980      0      0 119393 119394      0      0      0      0     86     16 
    0    522     47     48     88     63      0      0      0      0   3201   1980      0      0 119393 119394      0      0      0      0     75     16 
    0    509     47     50     88     64      0      0      0      0   3201   1980      0      0 119393 119394      0      0      0      0     54     15 
    0    509     48     50     89     64      0      0      0      0   3201   1980      0      0 119393 119394      0      0      0      0     48     14 
    0    512     48     51     89     63      0      0      0      0   3201   1980      0      0 119393 119394      0      0      0      0     55     15 
    0    511     48     50     89     64      0      0      0      0   3201   1980      0      0 119393 119394      0      0      0      0     63     15 
    0    513     48     51     88     63      0      0      0      0   3201   1980      0      0 119393 119394      0      0      0      0     78     16 
    0    510     49     49     89     64      0      0      0      0   3201   1980      0      0 119393 119394      0      0      0      0     78     16 
    0    509     49     51     88     64      0      0      0      0   3201   1980      0      0 119393 119394      0      0      0      0     81     16 
    0    520     49     50     87     61      0      0      0      0   3201   1980      0      0 119393 119394      0      0      0      0     72     15 
    0    529     49     50     88     67      0      0      0      0   3201   1980      0      0 119393 119394      0      0      0      0     94     16 
    0    519     49     51     87     63      0      0      0      0   3201   1980      0      0 119393 119394      0      0      0      0     73     16 
    0    514     49     48     88     64      0      0      0      0   3201   1980      0      0 119393 119394      0      0      0      0     57     15 
    0    507     49     52     88     64      0      0      0      0   3201   1980      0      0 119393 119394      0      0      0      0     65     16 
    0    517     49     52     88     63      0      0      0      0   3201   1980      0      0 119393 119394      0      0      0      0     73     16 
    0    522     50     52     88     65      0      0      0      0   3201   1980      0      0 119393 119394      0      0      0      0     87     17 
    0    530     50     52     87     66      0      0      0      0   3201   1980      0      0 119393 119394      0      0      0      0     82     16 
    0    524     50     51     88     65      0      0      0      0   3201   1980      0      0 119393 119394      0      0      0      0     86     16 
    0    525     50     52     88     62      0      0      0      0   3201   1980      0      0 119393 119394      0      0      0      0     68     16 
    0    518     50     51     88     62      0      0      0      0   3201   1980      0      0 119393 119394      0      0      0      0     84     15 
    0    522     51     51     87     66      0      0      0      0   3201   1980      0      0 119393 119394      0      0      0      0     99     20 
    0    523     51     52     87     65      0      0      0      0   3201   1980      0      0 119393 119394      0      0      0      0    119     18 
# gpu    pwr  gtemp  mtemp     sm    mem    enc    dec    jpg    ofa   mclk   pclk  pviol  tviol     fb   bar1   ccpm  sbecc  dbecc    pci  rxpci  txpci 
# Idx      W      C      C      %      %      %      %      %      %    MHz    MHz      %   bool     MB     MB     MB   errs   errs   errs   MB/s   MB/s 
    0    531     50     52     87     63      0      0      0      0   3201   1980      0      0 119393 119394      0      0      0      0     94     18 
    0    523     50     51     88     63      0      0      0      0   3201   1980      0      0 119393 119394      0      0      0      0     66     15 
    0    523     50     51     89     64      0      0      0      0   3201   1980      0      0 119393 119394      0      0      0      0     69     16 
    0    510     50     52     88     64      0      0      0      0   3201   1980      0      0 119393 119394      0      0      0      0     52     15 
    0    511     50     52     89     64      0      0      0      0   3201   1980      0      0 119393 119394      0      0      0      0     55     15 
    0    516     52     52     88     62      0      0      0      0   3201   1980      0      0 119393 119394      0      0      0      0     63     15 
    0    529     52     53     87     64      0      0      0      0   3201   1980      0      0 119393 119394      0      0      0      0     87     17 
    0    531     51     53     87     63      0      0      0      0   3201   1980      0      0 119393 119394      0      0      0      0     98     18 
    0    522     51     53     87     64      0      0      0      0   3201   1980      0      0 119393 119394      0      0      0      0    107     21 
    0    521     51     52     87     65      0      0      0      0   3201   1980      0      0 119393 119394      0      0      0      0     72     16 
    0    527     52     53     88     64      0      0      0      0   3201   1980      0      0 119393 119394      0      0      0      0     73     15 
    0    523     51     52     88     66      0      0      0      0   3201   1980      0      0 119393 119394      0      0      0      0     73     16 
    0    528     51     52     87     66      0      0      0      0   3201   1980      0      0 119393 119394      0      0      0      0    105     17 
    0    525     51     52     88     65      0      0      0      0   3201   1980      0      0 119393 119394      0      0      0      0     78     17 
    0    529     51     52     87     64      0      0      0      0   3201   1980      0      0 119393 119394      0      0      0      0     76     17 
    0    520     51     53     88     64      0      0      0      0   3201   1980      0      0 119393 119394      0      0      0      0     68     16 
    0    519     51     53     89     64      0      0      0      0   3201   1980      0      0 119393 119394      0      0      0      0     73     15 
    0    514     51     52     89     64      0      0      0      0   3201   1980      0      0 119393 119394      0      0      0      0     68     15 
    0    515     51     53     89     64      0      0      0      0   3201   1980      0      0 119393 119394      0      0      0      0     87     16 
    0    522     51     53     88     63      0      0      0      0   3201   1980      0      0 119393 119394      0      0      0      0     63     15 
    0    516     51     53     88     64      0      0      0      0   3201   1980      0      0 119393 119394      0      0      0      0     64     16 
    0    525     51     53     88     62      0      0      0      0   3201   1980      0      0 119393 119394      0      0      0      0     73     16 
    0    518     51     54     89     64      0      0      0      0   3201   1980      0      0 119393 119394      0      0      0      0     70     16 
    0    516     51     53     88     63      0      0      0      0   3201   1980      0      0 119393 119394      0      0      0      0     66     15 
    0    520     51     52     89     64      0      0      0      0   3201   1980      0      0 119393 119394      0      0      0      0     72     15 
    0    522     51     53     88     62      0      0      0      0   3201   1980      0      0 119393 119394      0      0      0      0     78     15 
    0    532     51     53     89     65      0      0      0      0   3201   1980      0      0 119393 119394      0      0      0      0     65     15 
    0    514     51     53     88     64      0      0      0      0   3201   1980      0      0 119393 119394      0      0      0      0     73     15 
    0    519     51     53     88     63      0      0      0      0   3201   1980      0      0 119393 119394      0      0      0      0     74     16 
    0    519     51     53     88     65      0      0      0      0   3201   1980      0      0 119393 119394      0      0      0      0     83     16 
    0    519     52     52     87     65      0      0      0      0   3201   1980      0      0 119393 119394      0      0      0      0     93     17 
    0    508     51     53     87     63      0      0      0      0   3201   1980      0      0 119393 119394      0      0      0      0     82     17 
    0    526     52     52     88     64      0      0      0      0   3201   1980      0      0 119393 119394      0      0      0      0     78     16 
    0    523     51     54     88     64      0      0      0      0   3201   1980      0      0 119393 119394      0      0      0      0     71     16 
    0    516     51     52     88     64      0      0      0      0   3201   1980      0      0 119393 119394      0      0      0      0     69     16 
    0    519     51     52     88     64      0      0      0      0   3201   1980      0      0 119393 119394      0      0      0      0     64     15 
    0    518     51     53     88     63      0      0      0      0   3201   1980      0      0 119393 119394      0      0      0      0     64     15 
    0    520     51     53     88     64      0      0      0      0   3201   1980      0      0 119393 119394      0      0      0      0     58     15 
    0    526     51     52     88     64      0      0      0      0   3201   1980      0      0 119393 119394      0      0      0      0     65     15 
    0    511     51     53     88     64      0      0      0      0   3201   1980      0      0 119393 119394      0      0      0      0     58     15 
    0    511     51     52     89     65      0      0      0      0   3201   1980      0      0 119393 119394      0      0      0      0     48     14 
    0    518     51     53     89     67      0      0      0      0   3201   1980      0      0 119393 119394      0      0      0      0     45     14 
    0    435     51     55     88     65      0      0      0      0   3201   1980      0      0 119393 119394      0      0      0      0     47     14 
    0    516     51     53     88     64      0      0      0      0   3201   1980      0      0 119393 119394      0      0      0      0     78     15 
# gpu    pwr  gtemp  mtemp     sm    mem    enc    dec    jpg    ofa   mclk   pclk  pviol  tviol     fb   bar1   ccpm  sbecc  dbecc    pci  rxpci  txpci 
# Idx      W      C      C      %      %      %      %      %      %    MHz    MHz      %   bool     MB     MB     MB   errs   errs   errs   MB/s   MB/s 
    0    519     52     52     88     64      0      0      0      0   3201   1980      0      0 119393 119394      0      0      0      0     74     16 
    0    523     51     53     88     64      0      0      0      0   3201   1980      0      0 119393 119394      0      0      0      0     78     15 
    0    525     51     52     88     63      0      0      0      0   3201   1980      0      0 119393 119394      0      0      0      0     73     16 
    0    520     51     54     88     63      0      0      0      0   3201   1980      0      0 119393 119394      0      0      0      0     85     16 
    0    519     51     53     87     61      0      0      0      0   3201   1980      0      0 119393 119394      0      0      0      0     74     16 
    0    517     51     53     89     64      0      0      0      0   3201   1980      0      0 119393 119394      0      0      0      0     65     15 
    0    510     51     53     88     64      0      0      0      0   3201   1980      0      0 119393 119394      0      0      0      0     53     14 
    0    515     51     53     87     63      0      0      0      0   3201   1980      0      0 119393 119394      0      0      0      0     65     15 
    0    521     52     52     88     64      0      0      0      0   3201   1980      0      0 119393 119394      0      0      0      0     82     16 
    0    528     52     53     87     65      0      0      0      0   3201   1980      0      0 119393 119394      0      0      0      0     88     18 
    0    528     52     54     88     64      0      0      0      0   3201   1980      0      0 119393 119394      0      0      0      0     78     16 
    0    528     52     52     88     66      0      0      0      0   3201   1980      0      0 119393 119394      0      0      0      0     91     17 
    0    523     52     54     87     63      0      0      0      0   3201   1980      0      0 119393 119394      0      0      0      0     76     17 
    0    521     52     53     88     63      0      0      0      0   3201   1980      0      0 119393 119394      0      0      0      0     73     16 
    0    522     52     53     87     63      0      0      0      0   3201   1980      0      0 119393 119394      0      0      0      0     72     16 
    0    526     52     53     88     64      0      0      0      0   3201   1980      0      0 119393 119394      0      0      0      0     69     16 
    0    519     52     53     88     62      0      0      0      0   3201   1980      0      0 119393 119394      0      0      0      0     79     16 
    0    526     52     53     88     65      0      0      0      0   3201   1980      0      0 119393 119394      0      0      0      0     73     16 
    0    520     52     54     88     64      0      0      0      0   3201   1980      0      0 119393 119394      0      0      0      0     74     16 
    0    539     52     53     87     64      0      0      0      0   3201   1980      0      0 119393 119394      0      0      0      0     86     15 
    0    519     52     52     88     64      0      0      0      0   3201   1980      0      0 119393 119394      0      0      0      0     85     16 
    0    517     52     52     88     64      0      0      0      0   3201   1980      0      0 119393 119394      0      0      0      0     78     15 
    0    518     51     53     89     67      0      0      0      0   3201   1980      0      0 119393 119394      0      0      0      0      0      0 
    0    141     44     43      0      0      0      0      0      0   3201   1980      0      0 119393 119394      0      0      0      0      0      0 
