# gpu    pwr  gtemp  mtemp     sm    mem    enc    dec    jpg    ofa   mclk   pclk  pviol  tviol     fb   bar1   ccpm  sbecc  dbecc    pci  rxpci  txpci 
# Idx      W      C      C      %      %      %      %      %      %    MHz    MHz      %   bool     MB     MB     MB   errs   errs   errs   MB/s   MB/s 
    0    147     41     41      0      0      0      0      0      0   3201   1980      0      0 119389 119390      0      0      0      0      0      0 
    0    134     38     37      0      0      0      0      0      0   3201   1980      0      0 119389 119390      0      0      0      0      0      0 
    0    134     38     36      0      0      0      0      0      0   3201   1980      0      0 119389 119390      0      0      0      0      0      1 
    0    133     38     36      0      0      0      0      0      0   3201   1980      0      0 119389 119390      0      0      0      0      0      0 
    0    133     38     36      0      0      0      0      0      0   3201   1980      0      0 119389 119390      0      0      0      0      0      1 
    0    133     38     36      0      0      0      0      0      0   3201   1980      0      0 119389 119390      0      0      0      0      0      0 
    0    133     37     35      0      0      0      0      0      0   3201   1980      0      0 119389 119390      0      0      0      0      0      1 
    0    133     37     35      0      0      0      0      0      0   3201   1980      0      0 119389 119390      0      0      0      0      0      0 
    0    133     37     36      0      0      0      0      0      0   3201   1980      0      0 119389 119390      0      0      0      0      0      1 
    0    133     37     35      0      0      0      0      0      0   3201   1980      0      0 119389 119390      0      0      0      0      0      0 
    0    132     37     35      0      0      0      0      0      0   3201   1980      0      0 119389 119390      0      0      0      0      0      1 
    0    132     37     35      0      0      0      0      0      0   3201   1980      0      0 119389 119390      0      0      0      0      0      0 
    0    132     37     35      0      0      0      0      0      0   3201   1980      0      0 119389 119390      0      0      0      0      0      0 
    0    502     45     46     88     64      0      0      0      0   3201   1980     26      0 119393 119394      0      0      0      0     71     16 
    0    527     45     47     89     59      0      0      0      0   3201   1980      0      0 119393 119394      0      0      0      0     64     15 
    0    541     46     48     88     63      0      0      0      0   3201   1980     42      0 119393 119394      0      0      0      0     61     14 
    0    536     47     49     89     52      0      0      0      0   3201   1965     47      0 119393 119394      0      0      0      0     74     16 
    0    546     47     49     90     56      0      0      0      0   3201   1965     48      0 119393 119394      0      0      0      0     84     16 
    0    544     49     48     89     58      0      0      0      0   3201   1980     30      0 119393 119394      0      0      0      0    103     16 
    0    553     47     51     88     64      0      0      0      0   3201   1980     61      0 119393 119394      0      0      0      0     98     17 
    0    576     48     50     85     51      0      0      0      0   3201   1965    100      0 119393 119394      0      0      0      0    115     17 
    0    530     47     50     88     64      0      0      0      0   3201   1980     35      0 119393 119394      0      0      0      0     48     17 
    0    582     53     50     88     60      0      0      0      0   3201   1980     93      0 119393 119394      0      0      0      0    131     20 
    0    554     49     47     89     54      0      0      0      0   3201   1950     95      0 119393 119394      0      0      0      0     78     16 
    0    541     49     50     90     53      0      0      0      0   3201   1980     54      0 119393 119394      0      0      0      0     68     17 
    0    528     49     49     87     62      0      0      0      0   3201   1980     32      0 119393 119394      0      0      0      0     65     17 
    0    541     48     50     88     63      0      0      0      0   3201   1965     87      0 119393 119394      0      0      0      0     65     16 
    0    530     49     52     89     58      0      0      0      0   3201   1980     32      0 119393 119394      0      0      0      0     90     17 
    0    573     53     50     87     65      0      0      0      0   3201   1965     96      0 119393 119394      0      0      0      0     92     18 
    0    540     53     52     89     57      0      0      0      0   3201   1980     47      0 119393 119394      0      0      0      0     63     15 
    0    532     49     52     88     63      0      0      0      0   3201   1980     43      0 119393 119394      0      0      0      0     47     15 
    0    524     49     52     89     63      0      0      0      0   3201   1965     61      0 119393 119394      0      0      0      0     71     18 
    0    548     50     52     88     64      0      0      0      0   3201   1980     41      0 119393 119394      0      0      0      0     95     18 
    0    536     52     48     89     58      0      0      0      0   3201   1965     55      0 119393 119394      0      0      0      0     84     18 
    0    560     51     51     88     64      0      0      0      0   3201   1965     81      0 119393 119394      0      0      0      0     71     18 
    0    552     52     52     89     57      0      0      0      0   3201   1965    100      0 119393 119394      0      0      0      0     87     17 
    0    563     51     51     88     61      0      0      0      0   3201   1965     70      0 119393 119394      0      0      0      0     76     18 
    0    354     44     43      0      0      0      0      0      0   3201   1980     11      0 119393 119394      0      0      0      0      0      0 
