# gpu    pwr  gtemp  mtemp     sm    mem    enc    dec    jpg    ofa   mclk   pclk  pviol  tviol     fb   bar1   ccpm  sbecc  dbecc    pci  rxpci  txpci 
# Idx      W      C      C      %      %      %      %      %      %    MHz    MHz      %   bool     MB     MB     MB   errs   errs   errs   MB/s   MB/s 
    0    146     38     37      0      0      0      0      0      0   3201   1980      0      0 119389 119390      0      0      0      0      0      0 
    0    135     38     36      0      0      0      0      0      0   3201   1980      0      0 119389 119390      0      0      0      0      0      0 
    0    134     38     36      0      0      0      0      0      0   3201   1980      0      0 119389 119390      0      0      0      0      0      0 
    0    134     38     36      0      0      0      0      0      0   3201   1980      0      0 119389 119390      0      0      0      0      0      0 
    0    134     38     36      0      0      0      0      0      0   3201   1980      0      0 119389 119390      0      0      0      0      0      0 
    0    133     37     36      0      0      0      0      0      0   3201   1980      0      0 119389 119390      0      0      0      0      0      0 
    0    133     37     35      0      0      0      0      0      0   3201   1980      0      0 119389 119390      0      0      0      0      0      0 
    0    133     37     35      0      0      0      0      0      0   3201   1980      0      0 119389 119390      0      0      0      0      0      0 
    0    133     37     35      0      0      0      0      0      0   3201   1980      0      0 119389 119390      0      0      0      0      0      0 
    0    133     37     35      0      0      0      0      0      0   3201   1980      0      0 119389 119390      0      0      0      0      0      0 
    0    132     37     35      0      0      0      0      0      0   3201   1980      0      0 119389 119390      0      0      0      0      0      0 
    0    132     37     35      0      0      0      0      0      0   3201   1980      0      0 119389 119390      0      0      0      0      0      0 
    0    132     37     35      0      0      0      0      0      0   3201   1980      0      0 119389 119390      0      0      0      0      0      1 
    0    448     45     45     88     66      0      0      0      0   3201   1980     39      0 119393 119394      0      0      0      0     88     18 
    0    557     46     45     87     64      0      0      0      0   3201   1980     65      0 119393 119394      0      0      0      0     90     20 
    0    590     48     44     86     61      0      0      0      0   3201   1980     93      0 119393 119394      0      0      0      0    112     20 
    0    615     52     45     90     37      0      0      0      0   3201   1920     99      0 119393 119394      0      0      0      0    174     26 
    0    606     53     47     87     58      0      0      0      0   3201   1815     96      0 119393 119394      0      0      0      0    140     19 
    0    612     49     50     89     55      0      0      0      0   3201   1950    100      0 119393 119394      0      0      0      0    168     19 
    0    589     49     49     87     57      0      0      0      0   3201   1965     83      0 119393 119394      0      0      0      0    107     18 
    0    586     54     49     90     50      0      0      0      0   3201   1845     81      0 119393 119394      0      0      0      0    123     18 
    0    579     50     48     88     52      0      0      0      0   3201   1965    100      0 119393 119394      0      0      0      0     99     17 
    0    568     54     50     89     59      0      0      0      0   3201   1935     74      0 119393 119394      0      0      0      0     99     18 
    0    582     51     51     88     48      0      0      0      0   3201   1965     72      0 119393 119394      0      0      0      0    113     18 
    0    595     54     51     86     62      0      0      0      0   3201   1965    100      0 119393 119394      0      0      0      0    119     20 
    0    498     46     47     88     63      0      0      0      0   3201   1980     39      0 119393 119394      0      0      0      0      0      0 
