# gpu    pwr  gtemp  mtemp     sm    mem    enc    dec    jpg    ofa   mclk   pclk  pviol  tviol     fb   bar1   ccpm  sbecc  dbecc    pci  rxpci  txpci 
# Idx      W      C      C      %      %      %      %      %      %    MHz    MHz      %   bool     MB     MB     MB   errs   errs   errs   MB/s   MB/s 
    0    158     39     36      0      0      0      0      0      0   3201   1980      0      0 119389 119390      0      0      0      0      0      1 
    0    133     38     36      0      0      0      0      0      0   3201   1980      0      0 119389 119390      0      0      0      0      0      0 
    0    133     38     36      0      0      0      0      0      0   3201   1980      0      0 119389 119390      0      0      0      0      0      1 
    0    133     37     36      0      0      0      0      0      0   3201   1980      0      0 119389 119390      0      0      0      0      0      0 
    0    133     37     35      0      0      0      0      0      0   3201   1980      0      0 119389 119390      0      0      0      0      0      0 
    0    133     37     35      0      0      0      0      0      0   3201   1980      0      0 119389 119390      0      0      0      0      0      0 
    0    133     37     35      0      0      0      0      0      0   3201   1980      0      0 119389 119390      0      0      0      0      0      0 
    0    133     37     35      0      0      0      0      0      0   3201   1980      0      0 119389 119390      0      0      0      0      0      0 
    0    132     37     35      0      0      0      0      0      0   3201   1980      0      0 119389 119390      0      0      0      0      0      0 
    0    132     37     35      0      0      0      0      0      0   3201   1980      0      0 119389 119390      0      0      0      0      0      0 
    0    132     37     35      0      0      0      0      0      0   3201   1980      0      0 119389 119390      0      0      0      0      0      0 
    0    132     37     34      0      0      0      0      0      0   3201   1980      0      0 119389 119390      0      0      0      0      0      0 
    0    132     37     34      0      0      0      0      0      0   3201   1980      0      0 119389 119390      0      0      0      0      0      0 
    0    135     37     35      0      0      0      0      0      0   3201   1980      0      0 119393 119394      0      0      0      0      0      0 
    0    235     41     43     87     62      0      0      0      0   3201   1980      0      0 119393 119394      0      0      0      0     63     15 
    0    507     43     44     89     65      0      0      0      0   3201   1980      0      0 119393 119394      0      0      0      0     65     14 
    0    387     43     46     75     57      0      0      0      0   3201   1980      0      0 119393 119394      0      0      0      0     45     13 
    0    326     39     38      0      0      0      0      0      0   3201   1980      0      0 119393 119394      0      0      0      0      0      0 
    0    389     44     46     87     64      0      0      0      0   3201   1980      0      0 119393 119394      0      0      0      0     51     14 
    0    511     45     46     88     65      0      0      0      0   3201   1980      0      0 119393 119394      0      0      0      0     47     14 
    0    454     42     43     87     66      0      0      0      0   3201   1980      0      0 119393 119394      0      0      0      0      0      0 
    0    360     45     49     88     64      0      0      0      0   3201   1980      0      0 119393 119394      0      0      0      0     59     15 
    0    480     46     50     89     68      0      0      0      0   3201   1980      0      0 119393 119394      0      0      0      0     54     14 
    0    453     42     42      5      4      0      0      0      0   3201   1980      0      0 119393 119394      0      0      0      0     44     13 
    0    424     42     42     32     24      0      0      0      0   3201   1980      0      0 119393 119394      0      0      0      0      0      0 
    0    162     42     40      0      0      0      0      0      0   3201   1980      0      0 119393 119394      0      0      0      0     43     13 
    0    502     46     48     89     68      0      0      0      0   3201   1980      0      0 119393 119394      0      0      0      0     51     14 
    0    511     47     50     89     65      0      0      0      0   3201   1980      0      0 119393 119394      0      0      0      0     47     14 
    0    507     47     51     89     65      0      0      0      0   3201   1980      0      0 119393 119394      0      0      0      0     42     14 
    0    263     45     48     87     66      0      0      0      0   3201   1980      0      0 119393 119394      0      0      0      0     42     14 
    0    510     47     49     89     65      0      0      0      0   3201   1980      0      0 119393 119394      0      0      0      0     47     14 
    0    519     47     48     88     63      0      0      0      0   3201   1980      0      0 119393 119394      0      0      0      0     53     16 
    0    512     48     51     88     64      0      0      0      0   3201   1980      0      0 119393 119394      0      0      0      0     47     14 
    0    515     48     52     89     68      0      0      0      0   3201   1980      0      0 119393 119394      0      0      0      0     20      1 
    0    265     47     49     89     67      0      0      0      0   3201   1980      0      0 119393 119394      0      0      0      0     45     14 
    0    512     48     50     88     64      0      0      0      0   3201   1980      0      0 119393 119394      0      0      0      0     49     15 
    0    515     48     51     88     63      0      0      0      0   3201   1980      0      0 119393 119394      0      0      0      0     53     15 
    0    514     49     52     88     63      0      0      0      0   3201   1980      0      0 119393 119394      0      0      0      0     72     16 
    0    512     49     51     89     66      0      0      0      0   3201   1980      0      0 119393 119394      0      0      0      0     47     14 
    0    315     43     42      0      0      0      0      0      0   3201   1980      0      0 119393 119394      0      0      0      0      0      1 
    0    199     45     45     69     50      0      0      0      0   3201   1980      0      0 119393 119394      0      0      0      0     60     14 
    0    512     48     50     87     64      0      0      0      0   3201   1980      0      0 119393 119394      0      0      0      0     54     17 
    0    516     49     52     88     63      0      0      0      0   3201   1980      0      0 119393 119394      0      0      0      0     63     15 
    0    509     49     52     89     68      0      0      0      0   3201   1980      0      0 119393 119394      0      0      0      0      0      1 
# gpu    pwr  gtemp  mtemp     sm    mem    enc    dec    jpg    ofa   mclk   pclk  pviol  tviol     fb   bar1   ccpm  sbecc  dbecc    pci  rxpci  txpci 
# Idx      W      C      C      %      %      %      %      %      %    MHz    MHz      %   bool     MB     MB     MB   errs   errs   errs   MB/s   MB/s 
    0    451     45     45     54     41      0      0      0      0   3201   1980      0      0 119393 119394      0      0      0      0     45     15 
    0    453     45     45     35     27      0      0      0      0   3201   1980      0      0 119393 119394      0      0      0      0      0      1 
    0    196     46     45     89     68      0      0      0      0   3201   1980      0      0 119393 119394      0      0      0      0     45     14 
    0    492     48     51     47     36      0      0      0      0   3201   1980      0      0 119393 119394      0      0      0      0      0      0 
    0    150     42     40      0      0      0      0      0      0   3201   1980      0      0 119393 119394      0      0      0      0     42     14 
    0    516     48     49     89     68      0      0      0      0   3201   1980      0      0 119393 119394      0      0      0      0     46     14 
    0    520     49     50     87     62      0      0      0      0   3201   1980      0      0 119393 119394      0      0      0      0     80     16 
    0    513     49     50     89     68      0      0      0      0   3201   1980      0      0 119393 119394      0      0      0      0     47     14 
    0    513     49     51     89     65      0      0      0      0   3201   1980      0      0 119393 119394      0      0      0      0     60     14 
    0    420     44     44      0      0      0      0      0      0   3201   1980      0      0 119393 119394      0      0      0      0      0      0 
    0    393     48     52     89     65      0      0      0      0   3201   1980      0      0 119393 119394      0      0      0      0     47     16 
    0    516     49     52     88     63      0      0      0      0   3201   1980      0      0 119393 119394      0      0      0      0     59     14 
    0    510     49     51     88     65      0      0      0      0   3201   1980      0      0 119393 119394      0      0      0      0     47     14 
    0    477     49     52     89     65      0      0      0      0   3201   1980      0      0 119393 119394      0      0      0      0     54     14 
    0    511     49     52     89     67      0      0      0      0   3201   1980      0      0 119393 119394      0      0      0      0     46     14 
    0    254     43     42      0      0      0      0      0      0   3201   1980      0      0 119393 119394      0      0      0      0      0      0 
    0    444     49     52     87     63      0      0      0      0   3201   1980      0      0 119393 119394      0      0      0      0     47     14 
    0    515     49     51     89     65      0      0      0      0   3201   1980      0      0 119393 119394      0      0      0      0     47     14 
    0    319     43     42      0      0      0      0      0      0   3201   1980      0      0 119393 119394      0      0      0      0      0      0 
    0    469     49     52     88     67      0      0      0      0   3201   1980      0      0 119393 119394      0      0      0      0     44     14 
    0    460     49     52     89     66      0      0      0      0   3201   1980      0      0 119393 119394      0      0      0      0     47     14 
    0    495     48     47     53     41      0      0      0      0   3201   1980      0      0 119393 119394      0      0      0      0     42     13 
    0    502     49     52     88     67      0      0      0      0   3201   1980      0      0 119393 119394      0      0      0      0      0      0 
    0    454     49     52     89     66      0      0      0      0   3201   1980      0      0 119393 119394      0      0      0      0     47     13 
    0    407     48     50     89     68      0      0      0      0   3201   1980      0      0 119393 119394      0      0      0      0     44     14 
    0    518     50     52     89     65      0      0      0      0   3201   1980      0      0 119393 119394      0      0      0      0     44     14 
    0    505     50     52     89     68      0      0      0      0   3201   1980      0      0 119393 119394      0      0      0      0      0      0 
    0    262     48     51     89     67      0      0      0      0   3201   1980      0      0 119393 119394      0      0      0      0     42     14 
    0    522     49     52     88     62      0      0      0      0   3201   1980      0      0 119393 119394      0      0      0      0     54     14 
    0    511     50     52     88     65      0      0      0      0   3201   1980      0      0 119393 119394      0      0      0      0     47     14 
    0    515     50     52     88     64      0      0      0      0   3201   1980      0      0 119393 119394      0      0      0      0     60     14 
    0    515     50     52     89     67      0      0      0      0   3201   1980      0      0 119393 119394      0      0      0      0     51     14 
    0    517     50     52     89     67      0      0      0      0   3201   1980      0      0 119393 119394      0      0      0      0     51     14 
    0    512     50     52     89     68      0      0      0      0   3201   1980      0      0 119393 119394      0      0      0      0      8      0 
    0    385     49     50     89     65      0      0      0      0   3201   1980      0      0 119393 119394      0      0      0      0     60     15 
    0    386     44     43     26     19      0      0      0      0   3201   1980      0      0 119393 119394      0      0      0      0     42     14 
    0    496     49     52     88     67      0      0      0      0   3201   1980      0      0 119393 119394      0      0      0      0     42     14 
    0    516     50     52     89     65      0      0      0      0   3201   1980      0      0 119393 119394      0      0      0      0     48     13 
    0    339     49     51     89     68      0      0      0      0   3201   1980      0      0 119393 119394      0      0      0      0     43     14 
    0    507     50     52     59     45      0      0      0      0   3201   1980      0      0 119393 119394      0      0      0      0      0      0 
    0    140     43     42      0      0      0      0      0      0   3201   1980      0      0 119393 119394      0      0      0      0      0      0 
    0    138     42     40      0      0      0      0      0      0   3201   1980      0      0 119393 119394      0      0      0      0      0      0 
    0    314     47     48     89     65      0      0      0      0   3201   1980      0      0 119393 119394      0      0      0      0     47     14 
    0    426     48     51     87     64      0      0      0      0   3201   1980      0      0 119393 119394      0      0      0      0     52     14 
# gpu    pwr  gtemp  mtemp     sm    mem    enc    dec    jpg    ofa   mclk   pclk  pviol  tviol     fb   bar1   ccpm  sbecc  dbecc    pci  rxpci  txpci 
# Idx      W      C      C      %      %      %      %      %      %    MHz    MHz      %   bool     MB     MB     MB   errs   errs   errs   MB/s   MB/s 
    0    502     49     52     66     50      0      0      0      0   3201   1980      0      0 119393 119394      0      0      0      0      1      8 
    0    486     48     49     30     22      0      0      0      0   3201   1980      0      0 119393 119394      0      0      0      0     45     14 
    0    514     49     52     89     65      0      0      0      0   3201   1980      0      0 119393 119394      0      0      0      0     47     14 
    0    513     49     52     88     67      0      0      0      0   3201   1980      0      0 119393 119394      0      0      0      0     56     14 
    0    457     46     45      0      0      0      0      0      0   3201   1980      0      0 119393 119394      0      0      0      0     45     15 
    0    424     45     44      0      0      0      0      0      0   3201   1980      0      0 119393 119394      0      0      0      0      0      0 
    0    189     46     48     30     22      0      0      0      0   3201   1980      0      0 119393 119394      0      0      0      0     46     15 
    0    440     48     50     88     64      0      0      0      0   3201   1980      0      0 119393 119394      0      0      0      0     53     14 
    0    510     49     52     89     65      0      0      0      0   3201   1980      0      0 119393 119394      0      0      0      0     51     17 
    0    515     49     50     88     64      0      0      0      0   3201   1980      0      0 119393 119394      0      0      0      0     42     13 
    0    515     49     51     88     65      0      0      0      0   3201   1980      0      0 119393 119394      0      0      0      0     18      1 
    0    314     49     51     89     67      0      0      0      0   3201   1980      0      0 119393 119394      0      0      0      0     46     14 
    0    514     49     51     89     65      0      0      0      0   3201   1980      0      0 119393 119394      0      0      0      0     42     15 
    0    514     49     52     89     65      0      0      0      0   3201   1980      0      0 119393 119394      0      0      0      0      0      0 
    0    298     48     51     88     67      0      0      0      0   3201   1980      0      0 119393 119394      0      0      0      0     57     15 
    0    514     50     52     89     66      0      0      0      0   3201   1980      0      0 119393 119394      0      0      0      0     51     14 
    0    516     50     54     88     63      0      0      0      0   3201   1980      0      0 119393 119394      0      0      0      0     57     16 
    0    471     47     48     80     61      0      0      0      0   3201   1980      0      0 119393 119394      0      0      0      0      0      0 
    0    308     49     50     89     68      0      0      0      0   3201   1980      0      0 119393 119394      0      0      0      0     42     15 
    0    522     50     50     88     64      0      0      0      0   3201   1980      0      0 119393 119394      0      0      0      0     58     17 
    0    464     47     47      0      0      0      0      0      0   3201   1980      0      0 119393 119394      0      0      0      0      0      1 
    0    138     43     41      0      0      0      0      0      0   3201   1980      0      0 119393 119394      0      0      0      0      0      0 
    0    137     42     40      0      0      0      0      0      0   3201   1980      0      0 119393 119394      0      0      0      0      0      1 
    0    137     41     40      0      0      0      0      0      0   3201   1980      0      0 119393 119394      0      0      0      0      0      0 
    0    136     41     39      0      0      0      0      0      0   3201   1980      0      0 119393 119394      0      0      0      0      0      1 
    0    136     40     39      0      0      0      0      0      0   3201   1980      0      0 119393 119394      0      0      0      0      0      0 
    0    135     40     39      0      0      0      0      0      0   3201   1980      0      0 119393 119394      0      0      0      0      0      1 
