# gpu    pwr  gtemp  mtemp     sm    mem    enc    dec    jpg    ofa   mclk   pclk  pviol  tviol     fb   bar1   ccpm  sbecc  dbecc    pci  rxpci  txpci 
# Idx      W      C      C      %      %      %      %      %      %    MHz    MHz      %   bool     MB     MB     MB   errs   errs   errs   MB/s   MB/s 
    0    146     38     37      9      7      0      0      0      0   3201   1980      0      0 119389 119390      0      0      0      0      0      0 
    0    134     38     37      0      0      0      0      0      0   3201   1980      0      0 119389 119390      0      0      0      0      0      0 
    0    133     38     36      0      0      0      0      0      0   3201   1980      0      0 119389 119390      0      0      0      0      0      0 
    0    133     38     36      0      0      0      0      0      0   3201   1980      0      0 119389 119390      0      0      0      0      0      0 
    0    133     38     36      0      0      0      0      0      0   3201   1980      0      0 119389 119390      0      0      0      0      0      0 
    0    133     37     36      0      0      0      0      0      0   3201   1980      0      0 119389 119390      0      0      0      0      0      0 
    0    133     37     35      0      0      0      0      0      0   3201   1980      0      0 119389 119390      0      0      0      0      0      0 
    0    133     37     35      0      0      0      0      0      0   3201   1980      0      0 119389 119390      0      0      0      0      4      0 
    0    133     37     35      0      0      0      0      0      0   3201   1980      0      0 119389 119390      0      0      0      0      0      0 
    0    133     37     35      0      0      0      0      0      0   3201   1980      0      0 119389 119390      0      0      0      0      0      0 
    0    132     37     35      0      0      0      0      0      0   3201   1980      0      0 119389 119390      0      0      0      0      0      1 
    0    132     37     35      0      0      0      0      0      0   3201   1980      0      0 119389 119390      0      0      0      0      0      0 
    0    132     37     35      0      0      0      0      0      0   3201   1980      0      0 119389 119390      0      0      0      0      0      1 
    0    472     44     44     89     58      0      0      0      0   3201   1980      0      0 119393 119394      0      0      0      0     57     15 
    0    522     44     45     89     65      0      0      0      0   3201   1980      0      0 119393 119394      0      0      0      0     57     15 
    0    504     45     46     89     65      0      0      0      0   3201   1980      0      0 119393 119394      0      0      0      0     47     34 
    0    514     46     47     89     65      0      0      0      0   3201   1980     28      0 119393 119394      0      0      0      0     49     15 
    0    530     46     47     88     64      0      0      0      0   3201   1980     32      0 119393 119394      0      0      0      0     62     15 
    0    520     46     49     89     65      0      0      0      0   3201   1980      0      0 119393 119394      0      0      0      0     45     14 
    0    454     47     49     90     62      0      0      0      0   3201   1965     13      0 119393 119394      0      0      0      0     78     14 
    0    524     47     50     89     65      0      0      0      0   3201   1980     16      0 119393 119394      0      0      0      0     59     16 
    0    526     47     50     89     59      0      0      0      0   3201   1980      0      0 119393 119394      0      0      0      0     62     15 
    0    529     48     51     89     61      0      0      0      0   3201   1965     74      0 119393 119394      0      0      0      0     63     16 
    0    517     50     50     88     59      0      0      0      0   3201   1980     27      0 119393 119394      0      0      0      0     45     14 
    0    531     48     47     89     64      0      0      0      0   3201   1965     58      0 119393 119394      0      0      0      0     63     16 
    0    536     50     50     88     64      0      0      0      0   3201   1980     58      0 119393 119394      0      0      0      0     73     16 
    0    400     43     43      0      0      0      0      0      0   3201   1980      0      0 119393 119394      0      0      0      0     63     18 
    0    555     53     50     89     60      0      0      0      0   3201   1980     32      0 119393 119394      0      0      0      0     86     17 
    0    537     48     51     88     64      0      0      0      0   3201   1980     32      0 119393 119394      0      0      0      0     62     18 
    0    471     47     48     54     40      0      0      0      0   3201   1980      0      0 119393 119394      0      0      0      0     42     14 
    0    491     45     45     89     66      0      0      0      0   3201   1980     29      0 119393 119394      0      0      0      0     40     15 
    0    548     50     50     88     58      0      0      0      0   3201   1965     21      0 119393 119394      0      0      0      0     90     18 
    0    543     49     51     88     63      0      0      0      0   3201   1980     63      0 119393 119394      0      0      0      0     88     16 
    0    523     49     51     89     65      0      0      0      0   3201   1980      0      0 119393 119394      0      0      0      0     79     15 
    0    533     49     52     88     63      0      0      0      0   3201   1965     30      0 119393 119394      0      0      0      0     62     15 
    0    531     49     51     89     64      0      0      0      0   3201   1965     91      0 119393 119394      0      0      0      0     60     14 
    0    520     50     51     88     58      0      0      0      0   3201   1965     24      0 119393 119394      0      0      0      0     59     15 
    0    518     49     52     89     64      0      0      0      0   3201   1980     20      0 119393 119394      0      0      0      0     47     14 
    0    519     49     51     89     65      0      0      0      0   3201   1980     32      0 119393 119394      0      0      0      0     53     15 
    0    525     50     51     89     65      0      0      0      0   3201   1980      0      0 119393 119394      0      0      0      0     48     14 
    0    521     50     51     89     59      0      0      0      0   3201   1965     66      0 119393 119394      0      0      0      0     49     15 
    0    519     50     52     88     65      0      0      0      0   3201   1980     43      0 119393 119394      0      0      0      0     53     14 
    0    522     50     50     89     59      0      0      0      0   3201   1980      0      0 119393 119394      0      0      0      0     63     16 
    0    540     50     52     89     58      0      0      0      0   3201   1965     37      0 119393 119394      0      0      0      0     67     15 
# gpu    pwr  gtemp  mtemp     sm    mem    enc    dec    jpg    ofa   mclk   pclk  pviol  tviol     fb   bar1   ccpm  sbecc  dbecc    pci  rxpci  txpci 
# Idx      W      C      C      %      %      %      %      %      %    MHz    MHz      %   bool     MB     MB     MB   errs   errs   errs   MB/s   MB/s 
    0    525     50     52     87     64      0      0      0      0   3201   1980     42      0 119393 119394      0      0      0      0     74     17 
    0    533     51     52     89     59      0      0      0      0   3201   1935     31      0 119393 119394      0      0      0      0     53     14 
    0    521     51     52     89     67      0      0      0      0   3201   1980     28      0 119393 119394      0      0      0      0     47     15 
    0    525     50     53     89     65      0      0      0      0   3201   1965     51      0 119393 119394      0      0      0      0     45     14 
    0    500     47     48     65     49      0      0      0      0   3201   1980     15      0 119393 119394      0      0      0      0      0      0 
    0    233     48     50     89     60      0      0      0      0   3201   1980      0      0 119393 119394      0      0      0      0     49     13 
    0    526     50     51     89     65      0      0      0      0   3201   1980      0      0 119393 119394      0      0      0      0     57     15 
    0    531     50     52     88     64      0      0      0      0   3201   1980      0      0 119393 119394      0      0      0      0     57     14 
    0    523     50     53     88     65      0      0      0      0   3201   1980      0      0 119393 119394      0      0      0      0     69     16 
    0    474     49     51      9      7      0      0      0      0   3201   1980     30      0 119393 119394      0      0      0      0     45     14 
    0    537     51     51     88     63      0      0      0      0   3201   1980      0      0 119393 119394      0      0      0      0     63     16 
    0    543     50     52     88     64      0      0      0      0   3201   1980     44      0 119393 119394      0      0      0      0     53     14 
    0    533     51     52     89     59      0      0      0      0   3201   1965     33      0 119393 119394      0      0      0      0     62     15 
    0    525     50     52     89     59      0      0      0      0   3201   1980      0      0 119393 119394      0      0      0      0     42     17 
    0    537     51     52     89     59      0      0      0      0   3201   1980      0      0 119393 119394      0      0      0      0     83     16 
    0    521     51     53     89     67      0      0      0      0   3201   1980     30      0 119393 119394      0      0      0      0     43     14 
    0    534     51     52     88     62      0      0      0      0   3201   1980     61      0 119393 119394      0      0      0      0     63     15 
    0    261     44     43      0      0      0      0      0      0   3201   1980      0      0 119393 119394      0      0      0      0      0      0 
