# gpu    pwr  gtemp  mtemp     sm    mem    enc    dec    jpg    ofa   mclk   pclk  pviol  tviol     fb   bar1   ccpm  sbecc  dbecc    pci  rxpci  txpci 
# Idx      W      C      C      %      %      %      %      %      %    MHz    MHz      %   bool     MB     MB     MB   errs   errs   errs   MB/s   MB/s 
    0    170     42     44     58     46      0      0      0      0   3201   1980      0      0 119389 119390      0      0      0      0      0      0 
    0    145     39     37      0      0      0      0      0      0   3201   1980      0      0 119389 119390      0      0      0      0      0      1 
    0    134     38     37      0      0      0      0      0      0   3201   1980      0      0 119389 119390      0      0      0      0      0      0 
    0    134     38     36      0      0      0      0      0      0   3201   1980      0      0 119389 119390      0      0      0      0      0      1 
    0    133     38     36      0      0      0      0      0      0   3201   1980      0      0 119389 119390      0      0      0      0      0      0 
    0    133     38     36      0      0      0      0      0      0   3201   1980      0      0 119389 119390      0      0      0      0      0      1 
    0    133     38     36      0      0      0      0      0      0   3201   1980      0      0 119389 119390      0      0      0      0      0      0 
    0    133     37     36      0      0      0      0      0      0   3201   1980      0      0 119389 119390      0      0      0      0      0      1 
    0    133     37     36      0      0      0      0      0      0   3201   1980      0      0 119389 119390      0      0      0      0      0      0 
    0    133     37     35      0      0      0      0      0      0   3201   1980      0      0 119389 119390      0      0      0      0      0      1 
    0    133     37     35      0      0      0      0      0      0   3201   1980      0      0 119389 119390      0      0      0      0      0      0 
    0    133     37     35      0      0      0      0      0      0   3201   1980      0      0 119389 119390      0      0      0      0      0      0 
    0    132     37     35      0      0      0      0      0      0   3201   1980      0      0 119389 119390      0      0      0      0      0      0 
    0    286     42     46     89     67      0      0      0      0   3201   1980      0      0 119393 119394      0      0      0      0     42     14 
    0    523     46     45     89     65      0      0      0      0   3201   1920     37      0 119393 119394      0      0      0      0     55     15 
    0    519     45     48     89     61      0      0      0      0   3201   1965     85      0 119393 119394      0      0      0      0     58     15 
    0    509     45     50     89     66      0      0      0      0   3201   1980      7      0 119393 119394      0      0      0      0     42     14 
    0    520     46     47     89     68      0      0      0      0   3201   1980     32      0 119393 119394      0      0      0      0     43     14 
    0    340     46     47     89     67      0      0      0      0   3201   1965     32      0 119393 119394      0      0      0      0     47     14 
    0    516     46     50     89     65      0      0      0      0   3201   1980      0      0 119393 119394      0      0      0      0     56     15 
    0    524     47     49     89     65      0      0      0      0   3201   1980     31      0 119393 119394      0      0      0      0     52     14 
    0    501     47     48     89     65      0      0      0      0   3201   1965     26      0 119393 119394      0      0      0      0     58     15 
    0    520     47     50     88     64      0      0      0      0   3201   1965     46      0 119393 119394      0      0      0      0     43     13 
    0    518     47     49     89     66      0      0      0      0   3201   1980     36      0 119393 119394      0      0      0      0     42     14 
    0    518     48     52     89     67      0      0      0      0   3201   1980     27      0 119393 119394      0      0      0      0     45     14 
    0    339     42     41      0      0      0      0      0      0   3201   1980      0      0 119393 119394      0      0      0      0      0      0 
    0    465     50     51     89     67      0      0      0      0   3201   1980      0      0 119393 119394      0      0      0      0     52     14 
    0    522     48     49     89     65      0      0      0      0   3201   1980     34      0 119393 119394      0      0      0      0     58     15 
    0    531     48     51     88     64      0      0      0      0   3201   1980     75      0 119393 119394      0      0      0      0     58     15 
    0    458     44     44      8      6      0      0      0      0   3201   1980      0      0 119393 119394      0      0      0      0     35     17 
    0    539     49     51     90     56      0      0      0      0   3201   1965     36      0 119393 119394      0      0      0      0     58     15 
    0    526     49     52     88     64      0      0      0      0   3201   1965     31      0 119393 119394      0      0      0      0     47     15 
    0    532     49     51     89     65      0      0      0      0   3201   1980     72      0 119393 119394      0      0      0      0     64     15 
    0    523     49     50     89     65      0      0      0      0   3201   1980     60      0 119393 119394      0      0      0      0     50     15 
    0    429     44     43     12      9      0      0      0      0   3201   1980      0      0 119393 119394      0      0      0      0     57     14 
    0    527     49     50     90     57      0      0      0      0   3201   1965     40      0 119393 119394      0      0      0      0     60     16 
    0    532     49     51     89     65      0      0      0      0   3201   1965     71      0 119393 119394      0      0      0      0     55     14 
    0    536     56     51     90     56      0      0      0      0   3201   1875     54      0 119393 119394      0      0      0      0     65     16 
    0    531     50     51     89     63      0      0      0      0   3201   1980     60      0 119393 119394      0      0      0      0     83     15 
    0    517     49     51     89     65      0      0      0      0   3201   1980      0      0 119393 119394      0      0      0      0     45     15 
    0    201     43     42      0      0      0      0      0      0   3201   1980      0      0 119393 119394      0      0      0      0      0      0 
    0    479     54     51     88     65      0      0      0      0   3201   1980     31      0 119393 119394      0      0      0      0     64     16 
    0    547     50     52     88     62      0      0      0      0   3201   1980     87      0 119393 119394      0      0      0      0     68     16 
    0    543     50     50     88     64      0      0      0      0   3201   1980     52      0 119393 119394      0      0      0      0     59     16 
# gpu    pwr  gtemp  mtemp     sm    mem    enc    dec    jpg    ofa   mclk   pclk  pviol  tviol     fb   bar1   ccpm  sbecc  dbecc    pci  rxpci  txpci 
# Idx      W      C      C      %      %      %      %      %      %    MHz    MHz      %   bool     MB     MB     MB   errs   errs   errs   MB/s   MB/s 
    0    522     50     52     89     65      0      0      0      0   3201   1980     38      0 119393 119394      0      0      0      0     49     14 
    0    527     50     52     89     65      0      0      0      0   3201   1980     32      0 119393 119394      0      0      0      0     47     15 
    0    337     44     43      0      0      0      0      0      0   3201   1980      0      0 119393 119394      0      0      0      0      0      0 
    0    453     49     52     89     66      0      0      0      0   3201   1980      0      0 119393 119394      0      0      0      0     47     15 
    0    378     44     43      0      0      0      0      0      0   3201   1980      0      0 119393 119394      0      0      0      0      0      0 
    0    403     49     52     89     65      0      0      0      0   3201   1965     24      0 119393 119394      0      0      0      0     49     14 
    0    555     51     52     90     56      0      0      0      0   3201   1965     69      0 119393 119394      0      0      0      0    115     22 
    0    556     55     52     88     65      0      0      0      0   3201   1980     71      0 119393 119394      0      0      0      0     68     16 
    0    540     51     52     90     57      0      0      0      0   3201   1965     48      0 119393 119394      0      0      0      0     65     16 
    0    524     50     52     88     64      0      0      0      0   3201   1980     53      0 119393 119394      0      0      0      0     55     15 
    0    488     50     51     91     58      0      0      0      0   3201   1980      0      0 119393 119394      0      0      0      0     47     14 
    0    527     50     52     89     65      0      0      0      0   3201   1980     44      0 119393 119394      0      0      0      0     54     15 
    0    548     51     53     91     51      0      0      0      0   3201   1965     99      0 119393 119394      0      0      0      0     65     16 
    0    524     50     51     89     65      0      0      0      0   3201   1980     42      0 119393 119394      0      0      0      0     48     14 
    0    537     57     52     89     65      0      0      0      0   3201   1875     12      0 119393 119394      0      0      0      0     54     14 
    0    510     50     52     89     68      0      0      0      0   3201   1980     21      0 119393 119394      0      0      0      0     17      0 
    0    362     50     51     89     65      0      0      0      0   3201   1980      0      0 119393 119394      0      0      0      0     70     15 
    0    533     51     52     90     57      0      0      0      0   3201   1980     31      0 119393 119394      0      0      0      0     56     15 
    0    514     50     52     89     66      0      0      0      0   3201   1980     29      0 119393 119394      0      0      0      0     45     13 
    0    416     50     51     90     58      0      0      0      0   3201   1965     28      0 119393 119394      0      0      0      0     48     14 
    0    520     50     52     89     66      0      0      0      0   3201   1980     29      0 119393 119394      0      0      0      0     44     14 
    0    525     50     53     89     65      0      0      0      0   3201   1980     45      0 119393 119394      0      0      0      0     47     15 
    0    524     51     52     89     66      0      0      0      0   3201   1980     60      0 119393 119394      0      0      0      0     47     14 
    0    531     53     51     89     67      0      0      0      0   3201   1950     46      0 119393 119394      0      0      0      0     45     15 
    0    520     52     52     90     59      0      0      0      0   3201   1965     26      0 119393 119394      0      0      0      0     49     14 
    0    522     51     54     88     64      0      0      0      0   3201   1980     53      0 119393 119394      0      0      0      0     50     15 
    0    525     51     52     89     65      0      0      0      0   3201   1980     70      0 119393 119394      0      0      0      0     48     14 
    0    391     45     44      0      0      0      0      0      0   3201   1980      3      0 119393 119394      0      0      0      0     41     15 
    0    527     51     52     89     65      0      0      0      0   3201   1965     84      0 119393 119394      0      0      0      0     53     15 
    0    537     53     52     88     61      0      0      0      0   3201   1935     54      0 119393 119394      0      0      0      0     61     16 
    0    538     52     52     90     56      0      0      0      0   3201   1965     72      0 119393 119394      0      0      0      0     80     16 
    0    535     52     52     89     65      0      0      0      0   3201   1950     85      0 119393 119394      0      0      0      0     64     16 
    0    525     51     53     89     64      0      0      0      0   3201   1980     19      0 119393 119394      0      0      0      0     54     14 
    0    526     51     53     89     65      0      0      0      0   3201   1980      0      0 119393 119394      0      0      0      0     52     15 
    0    529     52     53     89     67      0      0      0      0   3201   1905     35      0 119393 119394      0      0      0      0     47     14 
    0    517     51     53     89     65      0      0      0      0   3201   1980     27      0 119393 119394      0      0      0      0     48     15 
    0    524     51     52     89     67      0      0      0      0   3201   1980     33      0 119393 119394      0      0      0      0     49     15 
    0    539     51     52     89     65      0      0      0      0   3201   1965     63      0 119393 119394      0      0      0      0     55     16 
    0    507     51     52     89     66      0      0      0      0   3201   1965     10      0 119393 119394      0      0      0      0     45     13 
    0    522     51     54     89     65      0      0      0      0   3201   1980     23      0 119393 119394      0      0      0      0     54     15 
    0    380     45     44      0      0      0      0      0      0   3201   1980      0      0 119393 119394      0      0      0      0      0      0 
    0    139     44     42      0      0      0      0      0      0   3201   1980      0      0 119393 119394      0      0      0      0      0      0 
    0    244     49     48     74     50      0      0      0      0   3201   1980      0      0 119393 119394      0      0      0      0     51     14 
    0    527     55     51     89     65      0      0      0      0   3201   1920     14      0 119393 119394      0      0      0      0     54     14 
# gpu    pwr  gtemp  mtemp     sm    mem    enc    dec    jpg    ofa   mclk   pclk  pviol  tviol     fb   bar1   ccpm  sbecc  dbecc    pci  rxpci  txpci 
# Idx      W      C      C      %      %      %      %      %      %    MHz    MHz      %   bool     MB     MB     MB   errs   errs   errs   MB/s   MB/s 
    0    531     50     53     89     66      0      0      0      0   3201   1980     58      0 119393 119394      0      0      0      0     65     15 
    0    515     50     52     89     68      0      0      0      0   3201   1980     34      0 119393 119394      0      0      0      0     42     14 
    0    545     53     50     90     53      0      0      0      0   3201   1965     77      0 119393 119394      0      0      0      0     58     15 
    0    529     51     52     90     56      0      0      0      0   3201   1965     45      0 119393 119394      0      0      0      0     59     15 
    0    520     51     53     89     65      0      0      0      0   3201   1980      4      0 119393 119394      0      0      0      0     44     13 
    0    523     51     54     89     67      0      0      0      0   3201   1980      0      0 119393 119394      0      0      0      0     46     13 
    0    335     45     43      0      0      0      0      0      0   3201   1980      0      0 119393 119394      0      0      0      0      0      0 
    0    484     50     51     89     68      0      0      0      0   3201   1980      0      0 119393 119394      0      0      0      0     43     15 
    0    540     51     53     88     64      0      0      0      0   3201   1980     47      0 119393 119394      0      0      0      0     64     15 
    0    549     51     52     89     64      0      0      0      0   3201   1980     54      0 119393 119394      0      0      0      0     69     15 
    0    538     51     52     89     65      0      0      0      0   3201   1980     33      0 119393 119394      0      0      0      0     54     14 
    0    486     50     52     38     29      0      0      0      0   3201   1980      0      0 119393 119394      0      0      0      0     46     13 
    0    530     51     54     88     64      0      0      0      0   3201   1980     40      0 119393 119394      0      0      0      0     71     16 
    0    537     51     52     89     65      0      0      0      0   3201   1980     33      0 119393 119394      0      0      0      0     54     15 
    0    471     53     47      0      0      0      0      0      0   3201   1980      0      0 119393 119394      0      0      0      0     46     13 
    0    530     51     53     90     60      0      0      0      0   3201   1965     27      0 119393 119394      0      0      0      0     54     14 
    0    521     51     52     89     66      0      0      0      0   3201   1965     59      0 119393 119394      0      0      0      0     54     15 
    0    536     51     52     89     64      0      0      0      0   3201   1980     51      0 119393 119394      0      0      0      0     60     15 
    0    443     50     51     54     35      0      0      0      0   3201   1980      0      0 119393 119394      0      0      0      0     42     14 
    0    537     55     50     90     57      0      0      0      0   3201   1965     57      0 119393 119394      0      0      0      0     63     15 
    0    533     51     53     88     64      0      0      0      0   3201   1980     69      0 119393 119394      0      0      0      0     64     15 
    0    356     45     44      0      0      0      0      0      0   3201   1980      0      0 119393 119394      0      0      0      0      0      0 
