# gpu    pwr  gtemp  mtemp     sm    mem    enc    dec    jpg    ofa   mclk   pclk  pviol  tviol     fb   bar1   ccpm  sbecc  dbecc    pci  rxpci  txpci 
# Idx      W      C      C      %      %      %      %      %      %    MHz    MHz      %   bool     MB     MB     MB   errs   errs   errs   MB/s   MB/s 
    0    165     42     43     49     39      0      0      0      0   3201   1980      0      0 119389 119390      0      0      0      0      0      0 
    0    148     38     36      0      0      0      0      0      0   3201   1980      0      0 119389 119390      0      0      0      0      0      0 
    0    134     38     36      0      0      0      0      0      0   3201   1980      0      0 119389 119390      0      0      0      0      0      0 
    0    134     38     36      0      0      0      0      0      0   3201   1980      0      0 119389 119390      0      0      0      0      0      0 
    0    133     38     36      0      0      0      0      0      0   3201   1980      0      0 119389 119390      0      0      0      0      0      0 
    0    133     37     35      0      0      0      0      0      0   3201   1980      0      0 119389 119390      0      0      0      0      0      1 
    0    133     37     35      0      0      0      0      0      0   3201   1980      0      0 119389 119390      0      0      0      0      0      0 
    0    133     37     35      0      0      0      0      0      0   3201   1980      0      0 119389 119390      0      0      0      0      0      1 
    0    133     37     35      0      0      0      0      0      0   3201   1980      0      0 119389 119390      0      0      0      0      0      0 
    0    132     37     35      0      0      0      0      0      0   3201   1980      0      0 119389 119390      0      0      0      0      0      1 
    0    132     37     35      0      0      0      0      0      0   3201   1980      0      0 119389 119390      0      0      0      0      0      0 
    0    132     37     35      0      0      0      0      0      0   3201   1980      0      0 119389 119390      0      0      0      0      0      1 
    0    132     36     35      0      0      0      0      0      0   3201   1980      0      0 119389 119390      0      0      0      0      0      0 
    0    199     41     42     89     67      0      0      0      0   3201   1980      0      0 119393 119394      0      0      0      0      0      1 
    0    305     38     37     45     34      0      0      0      0   3201   1980      0      0 119393 119394      0      0      0      0     56     14 
    0    372     42     43     49     31      0      0      0      0   3201   1980      0      0 119393 119394      0      0      0      0      0      4 
    0    219     37     36      0      0      0      0      0      0   3201   1980      0      0 119393 119394      0      0      0      0      0      0 
    0    216     37     36      0      0      0      0      0      0   3201   1980     29      0 119393 119394      0      0      0      0      0      0 
    0    235     43     43     89     67      0      0      0      0   3201   1980      0      0 119393 119394      0      0      0      0     42     14 
    0    295     40     42     90     65      0      0      0      0   3201   1980      0      0 119393 119394      0      0      0      0      0      0 
    0    308     39     38      7      5      0      0      0      0   3201   1980      0      0 119393 119394      0      0      0      0      0      0 
    0    242     43     44     90     48      0      0      0      0   3201   1890     13      0 119393 119394      0      0      0      0     51     14 
    0    258     42     43     89     67      0      0      0      0   3201   1980     21      0 119393 119394      0      0      0      0      0      0 
    0    215     38     37      0      0      0      0      0      0   3201   1980      0      0 119393 119394      0      0      0      0      0      0 
    0    216     38     37      0      0      0      0      0      0   3201   1980      0      0 119393 119394      0      0      0      0      0      0 
    0    133     37     36      0      0      0      0      0      0   3201   1980      0      0 119393 119394      0      0      0      0      0      0 
    0    216     37     36      0      0      0      0      0      0   3201   1980      0      0 119393 119394      0      0      0      0      0      0 
    0    301     38     37      0      0      0      0      0      0   3201   1980     32      0 119393 119394      0      0      0      0     12      0 
    0    378     40     40     41     32      0      0      0      0   3201   1965     29      0 119393 119394      0      0      0      0      0      0 
    0    133     37     36      0      0      0      0      0      0   3201   1980      0      0 119393 119394      0      0      0      0      0      0 
    0    428     44     47     89     68      0      0      0      0   3201   1965     27      0 119393 119394      0      0      0      0     43     14 
    0    287     43     44     58     45      0      0      0      0   3201   1950     35      0 119393 119394      0      0      0      0     43     14 
    0    333     41     42     86     66      0      0      0      0   3201   1980     58      0 119393 119394      0      0      0      0      0      0 
    0    302     40     40     57     45      0      0      0      0   3201   1980      0      0 119393 119394      0      0      0      0      0      1 
    0    134     38     36      0      0      0      0      0      0   3201   1980      0      0 119393 119394      0      0      0      0      0      0 
    0    354     44     45     89     69      0      0      0      0   3201   1965     15      0 119393 119394      0      0      0      0     43      5 
    0    327     41     41     64     49      0      0      0      0   3201   1980     19      0 119393 119394      0      0      0      0      0      0 
    0    292     46     42     89     69      0      0      0      0   3201   1980      0      0 119393 119394      0      0      0      0     53     14 
    0    451     44     46     72     50      0      0      0      0   3201   1980     31      0 119393 119394      0      0      0      0      0      0 
    0    219     39     37      0      0      0      0      0      0   3201   1980      0      0 119393 119394      0      0      0      0      0      0 
    0    134     38     36      0      0      0      0      0      0   3201   1980      0      0 119393 119394      0      0      0      0      0      0 
    0    343     39     38      0      0      0      0      0      0   3201   1980     47      0 119393 119394      0      0      0      0     48     14 
    0    504     45     48     88     66      0      0      0      0   3201   1965     70      0 119393 119394      0      0      0      0      0      0 
    0    389     41     41     88     68      0      0      0      0   3201   1980     32      0 119393 119394      0      0      0      0      0      0 
# gpu    pwr  gtemp  mtemp     sm    mem    enc    dec    jpg    ofa   mclk   pclk  pviol  tviol     fb   bar1   ccpm  sbecc  dbecc    pci  rxpci  txpci 
# Idx      W      C      C      %      %      %      %      %      %    MHz    MHz      %   bool     MB     MB     MB   errs   errs   errs   MB/s   MB/s 
    0    244     40     39     31     24      0      0      0      0   3201   1980     30      0 119393 119394      0      0      0      0      0      0 
    0    246     39     38      0      0      0      0      0      0   3201   1980     27      0 119393 119394      0      0      0      0      0      0 
    0    135     38     37      0      0      0      0      0      0   3201   1980      0      0 119393 119394      0      0      0      0      0      0 
    0    308     39     39     23     18      0      0      0      0   3201   1980      0      0 119393 119394      0      0      0      0      0      0 
    0    135     38     36      0      0      0      0      0      0   3201   1980      0      0 119393 119394      0      0      0      0      0      0 
    0    276     43     45     88     62      0      0      0      0   3201   1980     32      0 119393 119394      0      0      0      0     22      0 
    0    365     50     45     88     66      0      0      0      0   3201   1965     50      0 119393 119394      0      0      0      0     49     14 
    0    383     40     39      0      0      0      0      0      0   3201   1980      0      0 119393 119394      0      0      0      0     47     14 
    0    380     41     40     64     50      0      0      0      0   3201   1980      0      0 119393 119394      0      0      0      0     49     14 
    0    284     39     38      0      0      0      0      0      0   3201   1980     30      0 119393 119394      0      0      0      0      0      0 
    0    252     45     45     89     59      0      0      0      0   3201   1980      0      0 119393 119394      0      0      0      0     44      2 
    0    272     40     39      0      0      0      0      0      0   3201   1980     28      0 119393 119394      0      0      0      0      0      6 
    0    424     45     46     46     20      0      0      0      0   3201   1965     89      0 119393 119394      0      0      0      0      0      0 
    0    235     40     40      0      0      0      0      0      0   3201   1965     48      0 119393 119394      0      0      0      0      0      0 
    0    292     39     38      0      0      0      0      0      0   3201   1980      3      0 119393 119394      0      0      0      0     45     14 
    0    192     39     37      0      0      0      0      0      0   3201   1980     27      0 119393 119394      0      0      0      0      0      0 
    0    286     42     42     88     66      0      0      0      0   3201   1980      0      0 119393 119394      0      0      0      0      0      0 
    0    331     44     41      1      1      0      0      0      0   3201   1980     29      0 119393 119394      0      0      0      0     45     14 
    0    259     39     38      0      0      0      0      0      0   3201   1980     35      0 119393 119394      0      0      0      0      0      1 
    0    289     44     45     21     11      0      0      0      0   3201   1980      0      0 119393 119394      0      0      0      0      0      0 
    0    240     44     46     66     45      0      0      0      0   3201   1965     27      0 119393 119394      0      0      0      0      0      1 
    0    296     40     39      0      0      0      0      0      0   3201   1980      7      0 119393 119394      0      0      0      0      0      0 
    0    302     40     39      0      0      0      0      0      0   3201   1980     27      0 119393 119394      0      0      0      0      0      1 
    0    218     39     38     11      9      0      0      0      0   3201   1980     34      0 119393 119394      0      0      0      0     43     14 
    0    218     39     37      0      0      0      0      0      0   3201   1980     32      0 119393 119394      0      0      0      0     54     16 
    0    304     40     39      0      0      0      0      0      0   3201   1980      0      0 119393 119394      0      0      0      0      0      0 
    0    305     40     39      0      0      0      0      0      0   3201   1980     32      0 119393 119394      0      0      0      0      0      1 
    0    135     38     36      0      0      0      0      0      0   3201   1980      0      0 119393 119394      0      0      0      0      0      0 
    0    354     44     43     50     38      0      0      0      0   3201   1965     48      0 119393 119394      0      0      0      0     34      1 
    0    307     40     38      0      0      0      0      0      0   3201   1980     47      0 119393 119394      0      0      0      0     46     14 
    0    406     45     44     20     12      0      0      0      0   3201   1965     38      0 119393 119394      0      0      0      0     53     14 
    0    360     43     39      0      0      0      0      0      0   3201   1980     50      0 119393 119394      0      0      0      0     43     14 
    0    321     44     43      0      0      0      0      0      0   3201   1980     30      0 119393 119394      0      0      0      0     46     14 
    0    333     41     41     22     17      0      0      0      0   3201   1980      0      0 119393 119394      0      0      0      0      0      0 
    0    209     44     45     89     69      0      0      0      0   3201   1980      0      0 119393 119394      0      0      0      0     61     14 
    0    324     40     38      0      0      0      0      0      0   3201   1980      0      0 119393 119394      0      0      0      0      0      0 
    0    221     39     38      0      0      0      0      0      0   3201   1980      0      0 119393 119394      0      0      0      0      0      0 
    0    300     44     45     23     12      0      0      0      0   3201   1965     17      0 119393 119394      0      0      0      0      0      0 
    0    144     39     37      0      0      0      0      0      0   3201   1980     11      0 119393 119394      0      0      0      0     81     14 
    0    304     41     40     43     33      0      0      0      0   3201   1980     31      0 119393 119394      0      0      0      0      0      0 
    0    135     38     36      0      0      0      0      0      0   3201   1980      0      0 119393 119394      0      0      0      0      0      0 
    0    134     38     36      0      0      0      0      0      0   3201   1980      0      0 119393 119394      0      0      0      0      0      0 
    0    164     42     41     20      9      0      0      0      0   3201   1980      0      0 119393 119394      0      0      0      0     47     14 
    0    234     38     36      0      0      0      0      0      0   3201   1980     38      0 119393 119394      0      0      0      0     43     15 
# gpu    pwr  gtemp  mtemp     sm    mem    enc    dec    jpg    ofa   mclk   pclk  pviol  tviol     fb   bar1   ccpm  sbecc  dbecc    pci  rxpci  txpci 
# Idx      W      C      C      %      %      %      %      %      %    MHz    MHz      %   bool     MB     MB     MB   errs   errs   errs   MB/s   MB/s 
    0    355     40     39     38     29      0      0      0      0   3201   1980     65      0 119393 119394      0      0      0      0      0      0 
    0    218     39     38      0      0      0      0      0      0   3201   1980      0      0 119393 119394      0      0      0      0      0      0 
    0    321     47     43     47     36      0      0      0      0   3201   1965     32      0 119393 119394      0      0      0      0     48     14 
    0    352     44     43     33     20      0      0      0      0   3201   1980     33      0 119393 119394      0      0      0      0     34      0 
    0    227     39     38      0      0      0      0      0      0   3201   1980      0      0 119393 119394      0      0      0      0      0      0 
    0    218     39     38      0      0      0      0      0      0   3201   1980      0      0 119393 119394      0      0      0      0      0      0 
    0    134     38     36      0      0      0      0      0      0   3201   1980      0      0 119393 119394      0      0      0      0      0      0 
    0    218     38     37      0      0      0      0      0      0   3201   1980      0      0 119393 119394      0      0      0      0      0      0 
    0    314     39     37      0      0      0      0      0      0   3201   1980     34      0 119393 119394      0      0      0      0     79     14 
    0    435     41     41     88     65      0      0      0      0   3201   1965     51      0 119393 119394      0      0      0      0      1      0 
    0    356     42     42     61     47      0      0      0      0   3201   1965     50      0 119393 119394      0      0      0      0      0      0 
    0    135     38     37      0      0      0      0      0      0   3201   1980      0      0 119393 119394      0      0      0      0     47     15 
    0    334     41     40     88     66      0      0      0      0   3201   1965     44      0 119393 119394      0      0      0      0      0      0 
    0    365     43     43     90     60      0      0      0      0   3201   1980      0      0 119393 119394      0      0      0      0      0      1 
    0    135     38     37      0      0      0      0      0      0   3201   1980      0      0 119393 119394      0      0      0      0     43     14 
    0    357     43     44     47     30      0      0      0      0   3201   1965     17      0 119393 119394      0      0      0      0     13      1 
    0    265     43     43      0      0      0      0      0      0   3201   1965     26      0 119393 119394      0      0      0      0     44     14 
    0    447     41     40     46     35      0      0      0      0   3201   1980     20      0 119393 119394      0      0      0      0      0      0 
    0    161     44     39      0      0      0      0      0      0   3201   1965      6      0 119393 119394      0      0      0      0     47     14 
    0    297     41     39      0      0      0      0      0      0   3201   1935     66      0 119393 119394      0      0      0      0     59     15 
    0    389     40     39      0      0      0      0      0      0   3201   1980     82      0 119393 119394      0      0      0      0      0      0 
