# gpu    pwr  gtemp  mtemp     sm    mem    enc    dec    jpg    ofa   mclk   pclk  pviol  tviol     fb   bar1   ccpm  sbecc  dbecc    pci  rxpci  txpci 
# Idx      W      C      C      %      %      %      %      %      %    MHz    MHz      %   bool     MB     MB     MB   errs   errs   errs   MB/s   MB/s 
    0    168     42     43      0      0      0      0      0      0   3201   1980      0      0 119389 119390      0      0      0      0      0      0 
    0    144     38     36      0      0      0      0      0      0   3201   1980      0      0 119389 119390      0      0      0      0      0      1 
    0    133     38     36      0      0      0      0      0      0   3201   1980      0      0 119389 119390      0      0      0      0      0      0 
    0    133     37     36      0      0      0      0      0      0   3201   1980      0      0 119389 119390      0      0      0      0      0      1 
    0    133     37     35      0      0      0      0      0      0   3201   1980      0      0 119389 119390      0      0      0      0      0      0 
    0    133     37     36      0      0      0      0      0      0   3201   1980      0      0 119389 119390      0      0      0      0      0      1 
    0    133     37     35      0      0      0      0      0      0   3201   1980      0      0 119389 119390      0      0      0      0      0      0 
    0    132     37     35      0      0      0      0      0      0   3201   1980      0      0 119389 119390      0      0      0      0      0      1 
    0    132     37     35      0      0      0      0      0      0   3201   1980      0      0 119389 119390      0      0      0      0      0      0 
    0    132     37     35      0      0      0      0      0      0   3201   1980      0      0 119389 119390      0      0      0      0      0      0 
    0    132     36     35      0      0      0      0      0      0   3201   1980      0      0 119389 119390      0      0      0      0      0      0 
    0    132     36     35      0      0      0      0      0      0   3201   1980      0      0 119389 119390      0      0      0      0      0      0 
    0    132     36     34      0      0      0      0      0      0   3201   1980      0      0 119389 119390      0      0      0      0      0      0 
    0    358     44     45     89     67      0      0      0      0   3201   1980      0      0 119393 119394      0      0      0      0     51     14 
    0    514     44     47     89     62      0      0      0      0   3201   1980     30      0 119393 119394      0      0      0      0     77     19 
    0    519     45     46     89     63      0      0      0      0   3201   1980      0      0 119393 119394      0      0      0      0     52     14 
    0    393     44     41      0      0      0      0      0      0   3201   1980      0      0 119393 119394      0      0      0      0     42     13 
    0    380     39     39      0      0      0      0      0      0   3201   1980      0      0 119393 119394      0      0      0      0      0      0 
    0    305     44     47     89     60      0      0      0      0   3201   1980      0      0 119393 119394      0      0      0      0     51     14 
    0    516     46     47     90     60      0      0      0      0   3201   1980      0      0 119393 119394      0      0      0      0     49     14 
    0    514     46     49     89     67      0      0      0      0   3201   1980      0      0 119393 119394      0      0      0      0      0      0 
    0    335     45     47     89     65      0      0      0      0   3201   1980     33      0 119393 119394      0      0      0      0     58     15 
    0    486     46     50     89     67      0      0      0      0   3201   1980      0      0 119393 119394      0      0      0      0     42     14 
    0    509     45     49     88     66      0      0      0      0   3201   1980      0      0 119393 119394      0      0      0      0      0      0 
    0    431     47     52     89     67      0      0      0      0   3201   1980      0      0 119393 119394      0      0      0      0      0      0 
    0    136     40     39      0      0      0      0      0      0   3201   1980      0      0 119393 119394      0      0      0      0      0     12 
    0    479     46     48     89     68      0      0      0      0   3201   1980      0      0 119393 119394      0      0      0      0     42     14 
    0    520     48     50     90     55      0      0      0      0   3201   1980     30      0 119393 119394      0      0      0      0     53     14 
    0    518     47     49     89     65      0      0      0      0   3201   1980      0      0 119393 119394      0      0      0      0     47     14 
    0    271     45     46      0      0      0      0      0      0   3201   1980      0      0 119393 119394      0      0      0      0     43     13 
    0    523     48     51     89     65      0      0      0      0   3201   1980      0      0 119393 119394      0      0      0      0     53     14 
    0    518     48     52     89     65      0      0      0      0   3201   1980      0      0 119393 119394      0      0      0      0     47     14 
    0    521     48     50     89     65      0      0      0      0   3201   1980     32      0 119393 119394      0      0      0      0     49     13 
    0    520     48     52     89     66      0      0      0      0   3201   1980      0      0 119393 119394      0      0      0      0     41     14 
    0    279     46     46      0      0      0      0      0      0   3201   1980      0      0 119393 119394      0      0      0      0     44     13 
    0    524     49     49     89     59      0      0      0      0   3201   1980     30      0 119393 119394      0      0      0      0     60     15 
    0    521     49     50     89     65      0      0      0      0   3201   1980      0      0 119393 119394      0      0      0      0     65     17 
    0    534     54     50     89     58      0      0      0      0   3201   1965     44      0 119393 119394      0      0      0      0     66     15 
    0    527     50     51     89     65      0      0      0      0   3201   1980      0      0 119393 119394      0      0      0      0     52     14 
    0    367     44     43      0      0      0      0      0      0   3201   1980      0      0 119393 119394      0      0      0      0      0      0 
    0    138     42     41      0      0      0      0      0      0   3201   1980      0      0 119393 119394      0      0      0      0     42     16 
    0    534     50     49     89     59      0      0      0      0   3201   1980      0      0 119393 119394      0      0      0      0     54     15 
    0    525     49     52     88     64      0      0      0      0   3201   1980     30      0 119393 119394      0      0      0      0     66     15 
    0    529     50     52     89     65      0      0      0      0   3201   1980     28      0 119393 119394      0      0      0      0     41     14 
# gpu    pwr  gtemp  mtemp     sm    mem    enc    dec    jpg    ofa   mclk   pclk  pviol  tviol     fb   bar1   ccpm  sbecc  dbecc    pci  rxpci  txpci 
# Idx      W      C      C      %      %      %      %      %      %    MHz    MHz      %   bool     MB     MB     MB   errs   errs   errs   MB/s   MB/s 
    0    500     50     52     89     65      0      0      0      0   3201   1980     31      0 119393 119394      0      0      0      0     42      5 
    0    475     50     52     89     65      0      0      0      0   3201   1980      0      0 119393 119394      0      0      0      0      0      0 
    0    143     43     42      0      0      0      0      0      0   3201   1980      0      0 119393 119394      0      0      0      0     47     14 
    0    518     49     52     89     67      0      0      0      0   3201   1980     30      0 119393 119394      0      0      0      0     46     14 
    0    185     43     41      0      0      0      0      0      0   3201   1980      0      0 119393 119394      0      0      0      0      0      0 
    0    482     49     52     89     66      0      0      0      0   3201   1980      0      0 119393 119394      0      0      0      0     44     13 
    0    543     53     52     89     58      0      0      0      0   3201   1980     35      0 119393 119394      0      0      0      0     74     16 
    0    529     50     51     89     65      0      0      0      0   3201   1980     36      0 119393 119394      0      0      0      0     42     14 
    0    531     50     52     88     64      0      0      0      0   3201   1980     32      0 119393 119394      0      0      0      0     61     15 
    0    484     47     47     89     67      0      0      0      0   3201   1980      0      0 119393 119394      0      0      0      0      0      0 
    0    358     49     52     89     66      0      0      0      0   3201   1980      0      0 119393 119394      0      0      0      0     49     14 
    0    526     50     53     89     65      0      0      0      0   3201   1980      0      0 119393 119394      0      0      0      0     47     14 
    0    528     50     51     89     64      0      0      0      0   3201   1980     30      0 119393 119394      0      0      0      0     51     14 
    0    503     51     52     89     65      0      0      0      0   3201   1980      0      0 119393 119394      0      0      0      0     54     15 
    0    520     50     52     89     60      0      0      0      0   3201   1980      0      0 119393 119394      0      0      0      0     44     15 
    0    314     44     43      0      0      0      0      0      0   3201   1980      0      0 119393 119394      0      0      0      0      0      0 
    0    405     50     51     89     61      0      0      0      0   3201   1980      0      0 119393 119394      0      0      0      0     62     16 
    0    531     51     52     89     60      0      0      0      0   3201   1965     32      0 119393 119394      0      0      0      0     54     15 
    0    377     45     43      0      0      0      0      0      0   3201   1980      0      0 119393 119394      0      0      0      0      0      1 
    0    431     50     51     89     67      0      0      0      0   3201   1980      0      0 119393 119394      0      0      0      0     45     14 
    0    470     50     53     89     69      0      0      0      0   3201   1980      0      0 119393 119394      0      0      0      0     45     15 
    0    528     51     53     89     67      0      0      0      0   3201   1980      0      0 119393 119394      0      0      0      0      8     14 
    0    507     51     53     89     67      0      0      0      0   3201   1980      0      0 119393 119394      0      0      0      0     29      1 
    0    421     50     52     89     66      0      0      0      0   3201   1980      0      0 119393 119394      0      0      0      0     49     14 
    0    418     49     51     89     69      0      0      0      0   3201   1980      0      0 119393 119394      0      0      0      0     45     15 
    0    532     51     52     89     69      0      0      0      0   3201   1980      0      0 119393 119394      0      0      0      0     52     14 
    0    535     51     54     89     68      0      0      0      0   3201   1980      0      0 119393 119394      0      0      0      0     42      6 
    0    224     49     51     89     69      0      0      0      0   3201   1980      0      0 119393 119394      0      0      0      0     46     14 
    0    531     50     53     88     66      0      0      0      0   3201   1980      0      0 119393 119394      0      0      0      0     79     19 
    0    540     51     52     89     62      0      0      0      0   3201   1965     62      0 119393 119394      0      0      0      0     47     14 
    0    542     52     53     89     61      0      0      0      0   3201   1965     14      0 119393 119394      0      0      0      0     60     17 
    0    532     51     52     88     66      0      0      0      0   3201   1980     15      0 119393 119394      0      0      0      0     47     27 
    0    534     51     53     88     66      0      0      0      0   3201   1980     28      0 119393 119394      0      0      0      0     47     15 
    0    529     51     52     89     67      0      0      0      0   3201   1980     30      0 119393 119394      0      0      0      0     43     14 
    0    394     50     52     89     62      0      0      0      0   3201   1965     27      0 119393 119394      0      0      0      0     83     16 
    0    436     46     45      0      0      0      0      0      0   3201   1980      0      0 119393 119394      0      0      0      0      0      0 
    0    462     51     51     36     28      0      0      0      0   3201   1980      0      0 119393 119394      0      0      0      0     42     15 
    0    535     51     54     88     66      0      0      0      0   3201   1980      0      0 119393 119394      0      0      0      0     48     14 
    0    342     49     52     39     26      0      0      0      0   3201   1980      0      0 119393 119394      0      0      0      0     42     15 
    0    531     51     54     89     69      0      0      0      0   3201   1980      0      0 119393 119394      0      0      0      0     46     14 
    0    190     44     43      0      0      0      0      0      0   3201   1980      0      0 119393 119394      0      0      0      0      0      1 
    0    139     43     41      0      0      0      0      0      0   3201   1980      0      0 119393 119394      0      0      0      0      0      0 
    0    272     48     50     89     61      0      0      0      0   3201   1965     31      0 119393 119394      0      0      0      0     53     15 
    0    445     49     52     88     66      0      0      0      0   3201   1980      0      0 119393 119394      0      0      0      0     47     14 
# gpu    pwr  gtemp  mtemp     sm    mem    enc    dec    jpg    ofa   mclk   pclk  pviol  tviol     fb   bar1   ccpm  sbecc  dbecc    pci  rxpci  txpci 
# Idx      W      C      C      %      %      %      %      %      %    MHz    MHz      %   bool     MB     MB     MB   errs   errs   errs   MB/s   MB/s 
    0    530     50     53     89     67      0      0      0      0   3201   1980      0      0 119393 119394      0      0      0      0     43     11 
    0    458     48     49     88     68      0      0      0      0   3201   1980      0      0 119393 119394      0      0      0      0     47     14 
    0    534     50     52     89     60      0      0      0      0   3201   1965     27      0 119393 119394      0      0      0      0     55     16 
    0    532     51     53     89     67      0      0      0      0   3201   1980     28      0 119393 119394      0      0      0      0     50     14 
    0    519     51     52     89     68      0      0      0      0   3201   1980      0      0 119393 119394      0      0      0      0      0      1 
    0    441     47     47     89     69      0      0      0      0   3201   1980      0      0 119393 119394      0      0      0      0      0      0 
    0    148     43     42      0      0      0      0      0      0   3201   1980      0      0 119393 119394      0      0      0      0     42     15 
    0    451     49     50     45     23      0      0      0      0   3201   1980      0      0 119393 119394      0      0      0      0     48     14 
    0    533     51     52     89     61      0      0      0      0   3201   1965     27      0 119393 119394      0      0      0      0     49     15 
    0    539     51     52     88     66      0      0      0      0   3201   1980     35      0 119393 119394      0      0      0      0     47     14 
    0    539     51     52     89     66      0      0      0      0   3201   1980     30      0 119393 119394      0      0      0      0     42     15 
    0    327     49     51     89     69      0      0      0      0   3201   1980      0      0 119393 119394      0      0      0      0     45     14 
    0    540     51     52     88     59      0      0      0      0   3201   1965     14      0 119393 119394      0      0      0      0     68     16 
    0    525     51     52     89     67      0      0      0      0   3201   1980     46      0 119393 119394      0      0      0      0     50     14 
    0    306     49     52     66     47      0      0      0      0   3201   1980      0      0 119393 119394      0      0      0      0     41     15 
    0    534     50     53     89     67      0      0      0      0   3201   1905      2      0 119393 119394      0      0      0      0     49     14 
    0    530     51     53     89     61      0      0      0      0   3201   1980     31      0 119393 119394      0      0      0      0     63     18 
    0    535     51     53     88     66      0      0      0      0   3201   1980     33      0 119393 119394      0      0      0      0      0      0 
    0    282     49     51     89     69      0      0      0      0   3201   1980      0      0 119393 119394      0      0      0      0     42     15 
    0    544     53     52     89     58      0      0      0      0   3201   1965     26      0 119393 119394      0      0      0      0     65     16 
    0    527     51     53     89     69      0      0      0      0   3201   1980     23      0 119393 119394      0      0      0      0      0      1 
