# gpu    pwr  gtemp  mtemp     sm    mem    enc    dec    jpg    ofa   mclk   pclk  pviol  tviol     fb   bar1   ccpm  sbecc  dbecc    pci  rxpci  txpci 
# Idx      W      C      C      %      %      %      %      %      %    MHz    MHz      %   bool     MB     MB     MB   errs   errs   errs   MB/s   MB/s 
    0    153     41     43      0      0      0      0      0      0   3201   1980      0      0 119389 119390      0      0      0      0      0      1 
    0    134     38     36      0      0      0      0      0      0   3201   1980      0      0 119389 119390      0      0      0      0      0      0 
    0    134     38     35      0      0      0      0      0      0   3201   1980      0      0 119389 119390      0      0      0      0      0      1 
    0    134     37     35      0      0      0      0      0      0   3201   1980      0      0 119389 119390      0      0      0      0      0      0 
    0    133     37     35      0      0      0      0      0      0   3201   1980      0      0 119389 119390      0      0      0      0      0      1 
    0    133     37     35      0      0      0      0      0      0   3201   1980      0      0 119389 119390      0      0      0      0      0      0 
    0    133     37     35      0      0      0      0      0      0   3201   1980      0      0 119389 119390      0      0      0      0      0      1 
    0    132     37     35      0      0      0      0      0      0   3201   1980      0      0 119389 119390      0      0      0      0      0      0 
    0    132     37     34      0      0      0      0      0      0   3201   1980      0      0 119389 119390      0      0      0      0      0      0 
    0    132     36     35      0      0      0      0      0      0   3201   1980      0      0 119389 119390      0      0      0      0      0      0 
    0    132     36     34      0      0      0      0      0      0   3201   1980      0      0 119389 119390      0      0      0      0      0      0 
    0    132     36     34      0      0      0      0      0      0   3201   1980      0      0 119389 119390      0      0      0      0      0      0 
    0    132     36     34      0      0      0      0      0      0   3201   1980      0      0 119393 119394      0      0      0      0      0     13 
    0    469     43     44     89     65      0      0      0      0   3201   1980      0      0 119393 119394      0      0      0      0     49     19 
    0    508     44     46     88     63      0      0      0      0   3201   1980      0      0 119393 119394      0      0      0      0     64     15 
    0    514     45     47     87     62      0      0      0      0   3201   1980      0      0 119393 119394      0      0      0      0     74     16 
    0    506     45     46     87     63      0      0      0      0   3201   1980      0      0 119393 119394      0      0      0      0     69     16 
    0    510     45     51     89     64      0      0      0      0   3201   1980      0      0 119393 119394      0      0      0      0     53     14 
    0    502     46     49     87     63      0      0      0      0   3201   1980      0      0 119393 119394      0      0      0      0     51     14 
    0    505     46     50     89     65      0      0      0      0   3201   1980      0      0 119393 119394      0      0      0      0     63     15 
    0    501     47     49     87     63      0      0      0      0   3201   1980      0      0 119393 119394      0      0      0      0     64     15 
    0    512     47     50     88     63      0      0      0      0   3201   1980      0      0 119393 119394      0      0      0      0     73     16 
    0    512     47     50     87     62      0      0      0      0   3201   1980      0      0 119393 119394      0      0      0      0     73     16 
    0    506     47     51     87     61      0      0      0      0   3201   1980      0      0 119393 119394      0      0      0      0     72     15 
    0    510     47     50     89     65      0      0      0      0   3201   1980      0      0 119393 119394      0      0      0      0     52     14 
    0    512     47     50     88     63      0      0      0      0   3201   1980      0      0 119393 119394      0      0      0      0     53     14 
    0    512     48     51     88     64      0      0      0      0   3201   1980      0      0 119393 119394      0      0      0      0     59     14 
    0    499     48     51     88     64      0      0      0      0   3201   1980      0      0 119393 119394      0      0      0      0     63     15 
    0    509     48     49     88     63      0      0      0      0   3201   1980      0      0 119393 119394      0      0      0      0     68     15 
    0    515     49     51     87     63      0      0      0      0   3201   1980      0      0 119393 119394      0      0      0      0     70     16 
    0    511     48     50     88     63      0      0      0      0   3201   1980      0      0 119393 119394      0      0      0      0     75     16 
    0    516     49     52     87     65      0      0      0      0   3201   1980      0      0 119393 119394      0      0      0      0     72     16 
    0    528     49     52     87     66      0      0      0      0   3201   1980      0      0 119393 119394      0      0      0      0     77     17 
    0    517     49     52     88     64      0      0      0      0   3201   1980      0      0 119393 119394      0      0      0      0     73     16 
    0    509     49     50     87     63      0      0      0      0   3201   1980      0      0 119393 119394      0      0      0      0     58     14 
    0    515     49     52     88     64      0      0      0      0   3201   1980      0      0 119393 119394      0      0      0      0     63     15 
    0    515     49     51     88     63      0      0      0      0   3201   1980      0      0 119393 119394      0      0      0      0     73     15 
    0    529     50     51     87     65      0      0      0      0   3201   1980      0      0 119393 119394      0      0      0      0    107     17 
    0    529     50     52     87     65      0      0      0      0   3201   1980      0      0 119393 119394      0      0      0      0     82     17 
    0    527     49     52     87     64      0      0      0      0   3201   1980      0      0 119393 119394      0      0      0      0     75     16 
    0    515     50     50     88     62      0      0      0      0   3201   1980      0      0 119393 119394      0      0      0      0     68     15 
    0    510     50     52     87     62      0      0      0      0   3201   1980      0      0 119393 119394      0      0      0      0     71     15 
    0    526     50     53     87     62      0      0      0      0   3201   1980      0      0 119393 119394      0      0      0      0     97     18 
    0    509     51     52     86     64      0      0      0      0   3201   1980      0      0 119393 119394      0      0      0      0    102     17 
# gpu    pwr  gtemp  mtemp     sm    mem    enc    dec    jpg    ofa   mclk   pclk  pviol  tviol     fb   bar1   ccpm  sbecc  dbecc    pci  rxpci  txpci 
# Idx      W      C      C      %      %      %      %      %      %    MHz    MHz      %   bool     MB     MB     MB   errs   errs   errs   MB/s   MB/s 
    0    520     50     52     85     62      0      0      0      0   3201   1980      0      0 119393 119394      0      0      0      0     92     16 
    0    520     50     52     87     65      0      0      0      0   3201   1980      0      0 119393 119394      0      0      0      0     78     15 
    0    509     50     52     87     63      0      0      0      0   3201   1980      0      0 119393 119394      0      0      0      0     68     16 
    0    508     50     52     88     64      0      0      0      0   3201   1980      0      0 119393 119394      0      0      0      0     48     14 
    0    510     50     52     88     63      0      0      0      0   3201   1980      0      0 119393 119394      0      0      0      0     53     14 
    0    511     51     52     88     64      0      0      0      0   3201   1980      0      0 119393 119394      0      0      0      0     63     15 
    0    537     51     52     86     63      0      0      0      0   3201   1980      0      0 119393 119394      0      0      0      0     87     18 
    0    526     51     52     85     61      0      0      0      0   3201   1980      0      0 119393 119394      0      0      0      0     97     17 
    0    519     51     52     86     62      0      0      0      0   3201   1980      0      0 119393 119394      0      0      0      0    107     18 
    0    520     51     53     87     66      0      0      0      0   3201   1980      0      0 119393 119394      0      0      0      0     87     16 
    0    523     51     52     86     63      0      0      0      0   3201   1980      0      0 119393 119394      0      0      0      0     90     15 
    0    518     51     52     87     65      0      0      0      0   3201   1980      0      0 119393 119394      0      0      0      0     85     16 
    0    521     51     52     87     66      0      0      0      0   3201   1980      0      0 119393 119394      0      0      0      0    103     17 
    0    527     51     53     87     63      0      0      0      0   3201   1980      0      0 119393 119394      0      0      0      0     94     16 
    0    529     51     53     88     65      0      0      0      0   3201   1980      0      0 119393 119394      0      0      0      0     73     16 
    0    510     51     52     89     64      0      0      0      0   3201   1980      0      0 119393 119394      0      0      0      0     68     16 
    0    526     51     52     88     63      0      0      0      0   3201   1980      0      0 119393 119394      0      0      0      0     63     15 
    0    508     51     52     88     63      0      0      0      0   3201   1980      0      0 119393 119394      0      0      0      0     81     16 
    0    511     51     53     88     64      0      0      0      0   3201   1980      0      0 119393 119394      0      0      0      0     73     16 
    0    515     51     53     88     63      0      0      0      0   3201   1980      0      0 119393 119394      0      0      0      0     63     15 
    0    518     51     52     88     64      0      0      0      0   3201   1980      0      0 119393 119394      0      0      0      0     72     20 
    0    519     51     53     88     62      0      0      0      0   3201   1980      0      0 119393 119394      0      0      0      0     73     17 
    0    517     51     52     88     63      0      0      0      0   3201   1980      0      0 119393 119394      0      0      0      0     68     16 
    0    511     51     52     88     63      0      0      0      0   3201   1980      0      0 119393 119394      0      0      0      0     63     16 
    0    510     51     52     88     63      0      0      0      0   3201   1980      0      0 119393 119394      0      0      0      0     63     15 
    0    513     51     53     87     63      0      0      0      0   3201   1980      0      0 119393 119394      0      0      0      0     68     17 
    0    520     51     52     88     64      0      0      0      0   3201   1980      0      0 119393 119394      0      0      0      0     57     14 
    0    509     51     52     88     64      0      0      0      0   3201   1980      0      0 119393 119394      0      0      0      0     63     16 
    0    516     51     52     87     63      0      0      0      0   3201   1980      0      0 119393 119394      0      0      0      0     74     16 
    0    516     51     52     87     65      0      0      0      0   3201   1980      0      0 119393 119394      0      0      0      0     80     17 
    0    519     52     53     86     65      0      0      0      0   3201   1980      0      0 119393 119394      0      0      0      0     92     17 
    0    519     51     52     87     63      0      0      0      0   3201   1980      0      0 119393 119394      0      0      0      0    100     17 
    0    531     52     53     88     64      0      0      0      0   3201   1980      0      0 119393 119394      0      0      0      0     78     16 
    0    523     51     52     88     63      0      0      0      0   3201   1980      0      0 119393 119394      0      0      0      0     75     17 
    0    519     51     52     87     63      0      0      0      0   3201   1980      0      0 119393 119394      0      0      0      0     70     16 
    0    515     51     53     88     63      0      0      0      0   3201   1980      0      0 119393 119394      0      0      0      0     63     16 
    0    515     51     52     88     63      0      0      0      0   3201   1980      0      0 119393 119394      0      0      0      0     71     15 
    0    525     51     54     89     64      0      0      0      0   3201   1980      0      0 119393 119394      0      0      0      0     66     15 
    0    516     51     52     88     64      0      0      0      0   3201   1980      0      0 119393 119394      0      0      0      0     63     14 
    0    522     51     52     88     64      0      0      0      0   3201   1980      0      0 119393 119394      0      0      0      0     57     15 
    0    512     51     53     89     65      0      0      0      0   3201   1980      0      0 119393 119394      0      0      0      0     51     14 
    0    517     51     52     89     68      0      0      0      0   3201   1980      0      0 119393 119394      0      0      0      0     44     15 
    0    440     51     52     89     65      0      0      0      0   3201   1980      0      0 119393 119394      0      0      0      0     48     14 
    0    515     51     52     88     64      0      0      0      0   3201   1980      0      0 119393 119394      0      0      0      0     68     17 
# gpu    pwr  gtemp  mtemp     sm    mem    enc    dec    jpg    ofa   mclk   pclk  pviol  tviol     fb   bar1   ccpm  sbecc  dbecc    pci  rxpci  txpci 
# Idx      W      C      C      %      %      %      %      %      %    MHz    MHz      %   bool     MB     MB     MB   errs   errs   errs   MB/s   MB/s 
    0    517     51     53     88     63      0      0      0      0   3201   1980      0      0 119393 119394      0      0      0      0     73     16 
    0    510     51     52     88     64      0      0      0      0   3201   1980      0      0 119393 119394      0      0      0      0     68     17 
    0    519     52     53     87     62      0      0      0      0   3201   1980      0      0 119393 119394      0      0      0      0     85     15 
    0    517     51     53     88     63      0      0      0      0   3201   1980      0      0 119393 119394      0      0      0      0     71     16 
    0    519     51     53     88     62      0      0      0      0   3201   1980      0      0 119393 119394      0      0      0      0     73     16 
    0    515     51     54     88     64      0      0      0      0   3201   1980      0      0 119393 119394      0      0      0      0     56     16 
    0    514     51     54     89     64      0      0      0      0   3201   1980      0      0 119393 119394      0      0      0      0     48     14 
    0    516     51     53     89     64      0      0      0      0   3201   1980      0      0 119393 119394      0      0      0      0     56     16 
    0    519     52     53     88     64      0      0      0      0   3201   1980      0      0 119393 119394      0      0      0      0     82     17 
    0    525     52     52     87     63      0      0      0      0   3201   1980      0      0 119393 119394      0      0      0      0     87     19 
    0    523     52     54     88     64      0      0      0      0   3201   1980      0      0 119393 119394      0      0      0      0     77     17 
    0    525     52     52     88     66      0      0      0      0   3201   1980      0      0 119393 119394      0      0      0      0     81     18 
    0    519     52     53     88     64      0      0      0      0   3201   1980      0      0 119393 119394      0      0      0      0     71     16 
    0    513     51     53     88     63      0      0      0      0   3201   1980      0      0 119393 119394      0      0      0      0     73     17 
    0    525     52     52     88     64      0      0      0      0   3201   1980      0      0 119393 119394      0      0      0      0     71     16 
    0    519     52     52     88     64      0      0      0      0   3201   1980      0      0 119393 119394      0      0      0      0     69     17 
    0    519     52     52     88     62      0      0      0      0   3201   1980      0      0 119393 119394      0      0      0      0     77     16 
    0    513     52     54     88     64      0      0      0      0   3201   1980      0      0 119393 119394      0      0      0      0     73     17 
    0    518     51     53     88     64      0      0      0      0   3201   1980      0      0 119393 119394      0      0      0      0     73     16 
    0    530     52     52     87     64      0      0      0      0   3201   1980      0      0 119393 119394      0      0      0      0     71     16 
    0    515     52     53     87     63      0      0      0      0   3201   1980      0      0 119393 119394      0      0      0      0     73     16 
    0    511     52     54     87     63      0      0      0      0   3201   1980      0      0 119393 119394      0      0      0      0     67     15 
    0    519     51     54     88     67      0      0      0      0   3201   1980      0      0 119393 119394      0      0      0      0      0      0 
    0    143     44     43      0      0      0      0      0      0   3201   1980      0      0 119393 119394      0      0      0      0      0      0 
