# gpu    pwr  gtemp  mtemp     sm    mem    enc    dec    jpg    ofa   mclk   pclk  pviol  tviol     fb   bar1   ccpm  sbecc  dbecc    pci  rxpci  txpci 
# Idx      W      C      C      %      %      %      %      %      %    MHz    MHz      %   bool     MB     MB     MB   errs   errs   errs   MB/s   MB/s 
    0    162     43     44      0      0      0      0      0      0   3201   1980      0      0 119389 119390      0      0      0      0      0      0 
    0    143     39     37      0      0      0      0      0      0   3201   1980      0      0 119389 119390      0      0      0      0      0      0 
    0    134     39     37      0      0      0      0      0      0   3201   1980      0      0 119389 119390      0      0      0      0      0      0 
    0    134     38     37      0      0      0      0      0      0   3201   1980      0      0 119389 119390      0      0      0      0      0      0 
    0    133     38     36      0      0      0      0      0      0   3201   1980      0      0 119389 119390      0      0      0      0      0      0 
    0    133     38     36      0      0      0      0      0      0   3201   1980      0      0 119389 119390      0      0      0      0      0      0 
    0    133     38     36      0      0      0      0      0      0   3201   1980      0      0 119389 119390      0      0      0      0      0      0 
    0    133     38     36      0      0      0      0      0      0   3201   1980      0      0 119389 119390      0      0      0      0      0      1 
    0    133     37     36      0      0      0      0      0      0   3201   1980      0      0 119389 119390      0      0      0      0      0      0 
    0    133     37     36      0      0      0      0      0      0   3201   1980      0      0 119389 119390      0      0      0      0      0      1 
    0    133     37     36      0      0      0      0      0      0   3201   1980      0      0 119389 119390      0      0      0      0      0      0 
    0    133     37     35      0      0      0      0      0      0   3201   1980      0      0 119389 119390      0      0      0      0      0      1 
    0    133     37     35      0      0      0      0      0      0   3201   1980      0      0 119389 119390      0      0      0      0      0      0 
    0    443     44     44     88     58      0      0      0      0   3201   1980      0      0 119393 119394      0      0      0      0     83      9 
    0    528     46     48     90     60      0      0      0      0   3201   1980      0      0 119393 119394      0      0      0      0     72     15 
    0    536     46     46     89     58      0      0      0      0   3201   1980     38      0 119393 119394      0      0      0      0     73     16 
    0    538     47     45     89     55      0      0      0      0   3201   1965     24      0 119393 119394      0      0      0      0     73     16 
    0    553     52     49     87     62      0      0      0      0   3201   1965     54      0 119393 119394      0      0      0      0     77     18 
    0    543     48     48     89     51      0      0      0      0   3201   1965     51      0 119393 119394      0      0      0      0     73     15 
    0    553     48     49     88     66      0      0      0      0   3201   1980     59      0 119393 119394      0      0      0      0     73     18 
    0    578     49     49     87     63      0      0      0      0   3201   1965     98      0 119393 119394      0      0      0      0    113     18 
    0    536     48     51     89     64      0      0      0      0   3201   1980     44      0 119393 119394      0      0      0      0     53     14 
    0    576     54     50     88     60      0      0      0      0   3201   1965     62      0 119393 119394      0      0      0      0    113     19 
    0    559     54     50     89     60      0      0      0      0   3201   1965     88      0 119393 119394      0      0      0      0     77     16 
    0    538     49     52     88     64      0      0      0      0   3201   1980     82      0 119393 119394      0      0      0      0     90     15 
    0    548     51     49     88     64      0      0      0      0   3201   1980      0      0 119393 119394      0      0      0      0     64     16 
    0    548     49     50     88     63      0      0      0      0   3201   1980     30      0 119393 119394      0      0      0      0     63     15 
    0    530     50     52     87     57      0      0      0      0   3201   1980     65      0 119393 119394      0      0      0      0     63     14 
    0    568     51     52     87     59      0      0      0      0   3201   1965     92      0 119393 119394      0      0      0      0     85     16 
    0    535     50     51     88     63      0      0      0      0   3201   1980     67      0 119393 119394      0      0      0      0     74     16 
    0    530     50     51     88     63      0      0      0      0   3201   1980     29      0 119393 119394      0      0      0      0     47     14 
    0    525     50     52     90     52      0      0      0      0   3201   1965     29      0 119393 119394      0      0      0      0     67     15 
    0    552     51     52     89     59      0      0      0      0   3201   1980     79      0 119393 119394      0      0      0      0     72     16 
    0    531     50     52     91     56      0      0      0      0   3201   1965     54      0 119393 119394      0      0      0      0     82     16 
    0    563     56     51     88     58      0      0      0      0   3201   1980     84      0 119393 119394      0      0      0      0    118     16 
    0    551     50     52     89     64      0      0      0      0   3201   1965     42      0 119393 119394      0      0      0      0     70     16 
    0    563     52     52     90     47      0      0      0      0   3201   1965     71      0 119393 119394      0      0      0      0     73     16 
    0    396     45     43      0      0      0      0      0      0   3201   1980     10      0 119393 119394      0      0      0      0      0      0 
