# gpu    pwr  gtemp  mtemp     sm    mem    enc    dec    jpg    ofa   mclk   pclk  pviol  tviol     fb   bar1   ccpm  sbecc  dbecc    pci  rxpci  txpci 
# Idx      W      C      C      %      %      %      %      %      %    MHz    MHz      %   bool     MB     MB     MB   errs   errs   errs   MB/s   MB/s 
    0    146     40     39      0      0      0      0      0      0   3201   1980      0      0 119389 119390      0      0      0      0      0      0 
    0    133     37     35      0      0      0      0      0      0   3201   1980      0      0 119389 119390      0      0      0      0      0      0 
    0    133     37     35      0      0      0      0      0      0   3201   1980      0      0 119389 119390      0      0      0      0      0      0 
    0    132     37     35      0      0      0      0      0      0   3201   1980      0      0 119389 119390      0      0      0      0      0      0 
    0    132     37     35      0      0      0      0      0      0   3201   1980      0      0 119389 119390      0      0      0      0      0      1 
    0    132     37     35      0      0      0      0      0      0   3201   1980      0      0 119389 119390      0      0      0      0      0      0 
    0    132     37     34      0      0      0      0      0      0   3201   1980      0      0 119389 119390      0      0      0      0      0      1 
    0    132     36     34      0      0      0      0      0      0   3201   1980      0      0 119389 119390      0      0      0      0      0      0 
    0    132     36     34      0      0      0      0      0      0   3201   1980      0      0 119389 119390      0      0      0      0      0      1 
    0    132     36     34      0      0      0      0      0      0   3201   1980      0      0 119389 119390      0      0      0      0      0      0 
    0    132     36     34      0      0      0      0      0      0   3201   1980      0      0 119389 119390      0      0      0      0      0      1 
    0    132     36     34      0      0      0      0      0      0   3201   1980      0      0 119389 119390      0      0      0      0      5      0 
    0    132     36     34      0      0      0      0      0      0   3201   1980      0      0 119389 119390      0      0      0      0      0      1 
    0    448     42     46     89     66      0      0      0      0   3201   1980      0      0 119393 119394      0      0      0      0     46     13 
    0    508     44     45     88     63      0      0      0      0   3201   1980      0      0 119393 119394      0      0      0      0     47     15 
    0    503     44     48     89     65      0      0      0      0   3201   1980      0      0 119393 119394      0      0      0      0     47     14 
    0    385     44     45     89     67      0      0      0      0   3201   1980      0      0 119393 119394      0      0      0      0     42     15 
    0    287     38     38      0      0      0      0      0      0   3201   1980      0      0 119393 119394      0      0      0      0      0      0 
    0    392     44     47     89     65      0      0      0      0   3201   1980      0      0 119393 119394      0      0      0      0     51     14 
    0    512     45     49     89     65      0      0      0      0   3201   1980      0      0 119393 119394      0      0      0      0     41     15 
    0    456     41     42     78     59      0      0      0      0   3201   1980      0      0 119393 119394      0      0      0      0      0      1 
    0    405     45     47     88     64      0      0      0      0   3201   1980      0      0 119393 119394      0      0      0      0     66     15 
    0    480     46     48     89     68      0      0      0      0   3201   1980      0      0 119393 119394      0      0      0      0     41     15 
    0    417     43     40      0      0      0      0      0      0   3201   1980      0      0 119393 119394      0      0      0      0     41     14 
    0    420     41     41      0      0      0      0      0      0   3201   1980      0      0 119393 119394      0      0      0      0      0      1 
    0    200     44     46     89     67      0      0      0      0   3201   1980      0      0 119393 119394      0      0      0      0     41     13 
    0    498     46     48     89     68      0      0      0      0   3201   1980      0      0 119393 119394      0      0      0      0     47     15 
    0    506     46     49     89     65      0      0      0      0   3201   1980      0      0 119393 119394      0      0      0      0     49     14 
    0    511     47     50     89     65      0      0      0      0   3201   1980      0      0 119393 119394      0      0      0      0      0      1 
    0    269     46     49     89     68      0      0      0      0   3201   1980      0      0 119393 119394      0      0      0      0     51     14 
    0    504     47     49     89     65      0      0      0      0   3201   1980      0      0 119393 119394      0      0      0      0     51     14 
    0    520     47     48     89     64      0      0      0      0   3201   1980      0      0 119393 119394      0      0      0      0     55     14 
    0    507     47     50     89     66      0      0      0      0   3201   1980      0      0 119393 119394      0      0      0      0     47     15 
    0    507     47     51     89     67      0      0      0      0   3201   1980      0      0 119393 119394      0      0      0      0      0      0 
    0    268     46     50     89     68      0      0      0      0   3201   1980      0      0 119393 119394      0      0      0      0     44     15 
    0    511     47     49     88     64      0      0      0      0   3201   1980      0      0 119393 119394      0      0      0      0     52     14 
    0    511     48     51     89     65      0      0      0      0   3201   1980      0      0 119393 119394      0      0      0      0     47     15 
    0    518     48     52     88     63      0      0      0      0   3201   1980      0      0 119393 119394      0      0      0      0     63     15 
    0    506     48     51     89     65      0      0      0      0   3201   1980      0      0 119393 119394      0      0      0      0     48     15 
    0    274     42     41      0      0      0      0      0      0   3201   1980      0      0 119393 119394      0      0      0      0      0      0 
    0    209     45     46     22     16      0      0      0      0   3201   1980      0      0 119393 119394      0      0      0      0     64     15 
    0    511     47     51     88     65      0      0      0      0   3201   1980      0      0 119393 119394      0      0      0      0     53     15 
    0    516     48     49     88     63      0      0      0      0   3201   1980      0      0 119393 119394      0      0      0      0     58     14 
    0    485     48     51     89     67      0      0      0      0   3201   1980      0      0 119393 119394      0      0      0      0     42     13 
# gpu    pwr  gtemp  mtemp     sm    mem    enc    dec    jpg    ofa   mclk   pclk  pviol  tviol     fb   bar1   ccpm  sbecc  dbecc    pci  rxpci  txpci 
# Idx      W      C      C      %      %      %      %      %      %    MHz    MHz      %   bool     MB     MB     MB   errs   errs   errs   MB/s   MB/s 
    0    458     44     44     89     66      0      0      0      0   3201   1980      0      0 119393 119394      0      0      0      0     47     14 
    0    410     43     43      0      0      0      0      0      0   3201   1980      0      0 119393 119394      0      0      0      0      0      0 
    0    203     45     46     89     67      0      0      0      0   3201   1980      0      0 119393 119394      0      0      0      0     43     13 
    0    492     45     48     89     67      0      0      0      0   3201   1980      0      0 119393 119394      0      0      0      0      0      0 
    0    150     43     40      0      0      0      0      0      0   3201   1980      0      0 119393 119394      0      0      0      0     46     13 
    0    514     47     51     89     67      0      0      0      0   3201   1980      0      0 119393 119394      0      0      0      0     55     16 
    0    513     48     51     88     64      0      0      0      0   3201   1980      0      0 119393 119394      0      0      0      0     79     15 
    0    508     48     51     89     68      0      0      0      0   3201   1980      0      0 119393 119394      0      0      0      0     47     14 
    0    513     49     52     88     64      0      0      0      0   3201   1980      0      0 119393 119394      0      0      0      0     53     14 
    0    421     43     43     16     12      0      0      0      0   3201   1980      0      0 119393 119394      0      0      0      0      0      0 
    0    430     49     51     89     65      0      0      0      0   3201   1980      0      0 119393 119394      0      0      0      0     54     16 
    0    508     48     51     89     64      0      0      0      0   3201   1980      0      0 119393 119394      0      0      0      0     54     14 
    0    512     48     50     89     65      0      0      0      0   3201   1980      0      0 119393 119394      0      0      0      0     48      9 
    0    484     49     50     88     64      0      0      0      0   3201   1980      0      0 119393 119394      0      0      0      0     47     14 
    0    514     49     52     89     67      0      0      0      0   3201   1980      0      0 119393 119394      0      0      0      0     45     15 
    0    215     42     41      0      0      0      0      0      0   3201   1980      0      0 119393 119394      0      0      0      0      0      0 
    0    485     48     50     89     65      0      0      0      0   3201   1980      0      0 119393 119394      0      0      0      0     46     15 
    0    509     49     51     89     65      0      0      0      0   3201   1980      0      0 119393 119394      0      0      0      0     47     14 
    0    278     42     42      0      0      0      0      0      0   3201   1980      0      0 119393 119394      0      0      0      0      0      3 
    0    512     48     52     89     66      0      0      0      0   3201   1980      0      0 119393 119394      0      0      0      0     46     13 
    0    460     49     50     89     68      0      0      0      0   3201   1980      0      0 119393 119394      0      0      0      0     47     14 
    0    492     48     52     89     67      0      0      0      0   3201   1980      0      0 119393 119394      0      0      0      0     46     13 
    0    461     45     44     22     16      0      0      0      0   3201   1980      0      0 119393 119394      0      0      0      0      0      0 
    0    497     49     52     89     65      0      0      0      0   3201   1980      0      0 119393 119394      0      0      0      0     41     14 
    0    409     48     52     88     67      0      0      0      0   3201   1980      0      0 119393 119394      0      0      0      0     42     14 
    0    516     49     52     89     67      0      0      0      0   3201   1980      0      0 119393 119394      0      0      0      0     46     13 
    0    468     45     45     25     19      0      0      0      0   3201   1980      0      0 119393 119394      0      0      0      0      0      0 
    0    265     48     49     89     68      0      0      0      0   3201   1980      0      0 119393 119394      0      0      0      0     41     14 
    0    513     49     52     89     65      0      0      0      0   3201   1980      0      0 119393 119394      0      0      0      0     64     15 
    0    512     49     51     88     63      0      0      0      0   3201   1980      0      0 119393 119394      0      0      0      0     49     14 
    0    512     49     52     88     64      0      0      0      0   3201   1980      0      0 119393 119394      0      0      0      0     55     14 
    0    512     49     52     89     65      0      0      0      0   3201   1980      0      0 119393 119394      0      0      0      0     48     14 
    0    511     50     52     89     68      0      0      0      0   3201   1980      0      0 119393 119394      0      0      0      0     47     14 
    0    508     50     52     89     66      0      0      0      0   3201   1980      0      0 119393 119394      0      0      0      0      0      0 
    0    393     49     52     89     64      0      0      0      0   3201   1980      0      0 119393 119394      0      0      0      0     54     15 
    0    389     46     43      0      0      0      0      0      0   3201   1980      0      0 119393 119394      0      0      0      0     43     12 
    0    500     49     52     89     68      0      0      0      0   3201   1980      0      0 119393 119394      0      0      0      0     45     13 
    0    515     50     52     89     65      0      0      0      0   3201   1980      0      0 119393 119394      0      0      0      0     45     13 
    0    337     49     52     89     68      0      0      0      0   3201   1980      0      0 119393 119394      0      0      0      0     42     14 
    0    503     49     54     89     67      0      0      0      0   3201   1980      0      0 119393 119394      0      0      0      0      0      0 
    0    139     43     41      0      0      0      0      0      0   3201   1980      0      0 119393 119394      0      0      0      0      0      0 
    0    137     42     40      0      0      0      0      0      0   3201   1980      0      0 119393 119394      0      0      0      0      0      0 
    0    367     48     50     89     65      0      0      0      0   3201   1980      0      0 119393 119394      0      0      0      0     47     14 
    0    425     48     49     89     65      0      0      0      0   3201   1980      0      0 119393 119394      0      0      0      0     53     15 
# gpu    pwr  gtemp  mtemp     sm    mem    enc    dec    jpg    ofa   mclk   pclk  pviol  tviol     fb   bar1   ccpm  sbecc  dbecc    pci  rxpci  txpci 
# Idx      W      C      C      %      %      %      %      %      %    MHz    MHz      %   bool     MB     MB     MB   errs   errs   errs   MB/s   MB/s 
    0    455     45     45     89     66      0      0      0      0   3201   1980      0      0 119393 119394      0      0      0      0     43     13 
    0    488     48     52     52     40      0      0      0      0   3201   1980      0      0 119393 119394      0      0      0      0     42     14 
    0    515     49     52     88     64      0      0      0      0   3201   1980      0      0 119393 119394      0      0      0      0     47     16 
    0    510     49     52     88     65      0      0      0      0   3201   1980      0      0 119393 119394      0      0      0      0     53     14 
    0    427     44     43      0      0      0      0      0      0   3201   1980      0      0 119393 119394      0      0      0      0     41     13 
    0    415     44     43      6      5      0      0      0      0   3201   1980      0      0 119393 119394      0      0      0      0      0      0 
    0    239     47     48     89     68      0      0      0      0   3201   1980      0      0 119393 119394      0      0      0      0     45     13 
    0    439     48     50     89     65      0      0      0      0   3201   1980      0      0 119393 119394      0      0      0      0     55     14 
    0    510     49     52     89     65      0      0      0      0   3201   1980      0      0 119393 119394      0      0      0      0     66     15 
    0    519     50     52     88     64      0      0      0      0   3201   1980      0      0 119393 119394      0      0      0      0     47     14 
    0    505     49     51     89     67      0      0      0      0   3201   1980      0      0 119393 119394      0      0      0      0      0      0 
    0    322     49     51     89     67      0      0      0      0   3201   1980      0      0 119393 119394      0      0      0      0     47     14 
    0    513     49     51     88     64      0      0      0      0   3201   1980      0      0 119393 119394      0      0      0      0     45     15 
    0    514     49     52     89     65      0      0      0      0   3201   1980      0      0 119393 119394      0      0      0      0      0      0 
    0    334     49     52     89     67      0      0      0      0   3201   1980      0      0 119393 119394      0      0      0      0     47     14 
    0    508     49     52     88     63      0      0      0      0   3201   1980      0      0 119393 119394      0      0      0      0     48     14 
    0    514     50     51     89     65      0      0      0      0   3201   1980      0      0 119393 119394      0      0      0      0     65     15 
    0    459     46     46     89     66      0      0      0      0   3201   1980      0      0 119393 119394      0      0      0      0      0      0 
    0    355     49     51     89     67      0      0      0      0   3201   1980      0      0 119393 119394      0      0      0      0     41     13 
    0    518     50     52     89     64      0      0      0      0   3201   1980      0      0 119393 119394      0      0      0      0     63     15 
    0    422     45     44     27     20      0      0      0      0   3201   1980      0      0 119393 119394      0      0      0      0      0      0 
