# gpu    pwr  gtemp  mtemp     sm    mem    enc    dec    jpg    ofa   mclk   pclk  pviol  tviol     fb   bar1   ccpm  sbecc  dbecc    pci  rxpci  txpci 
# Idx      W      C      C      %      %      %      %      %      %    MHz    MHz      %   bool     MB     MB     MB   errs   errs   errs   MB/s   MB/s 
    0    166     42     43      0      0      0      0      0      0   3201   1980      0      0 119389 119390      0      0      0      0      0      0 
    0    139     38     37      0      0      0      0      0      0   3201   1980      0      0 119389 119390      0      0      0      0      0      0 
    0    134     38     36      0      0      0      0      0      0   3201   1980      0      0 119389 119390      0      0      0      0      0      0 
    0    134     38     36      0      0      0      0      0      0   3201   1980      0      0 119389 119390      0      0      0      0      0      0 
    0    133     38     36      0      0      0      0      0      0   3201   1980      0      0 119389 119390      0      0      0      0      0      0 
    0    133     38     35      0      0      0      0      0      0   3201   1980      0      0 119389 119390      0      0      0      0      0      0 
    0    133     37     36      0      0      0      0      0      0   3201   1980      0      0 119389 119390      0      0      0      0      0      0 
    0    133     37     35      0      0      0      0      0      0   3201   1980      0      0 119389 119390      0      0      0      0      0      0 
    0    133     37     35      0      0      0      0      0      0   3201   1980      0      0 119389 119390      0      0      0      0      0      0 
    0    133     37     35      0      0      0      0      0      0   3201   1980      0      0 119389 119390      0      0      0      0      0      0 
    0    132     37     35      0      0      0      0      0      0   3201   1980      0      0 119389 119390      0      0      0      0      0      0 
    0    132     37     35      0      0      0      0      0      0   3201   1980      0      0 119389 119390      0      0      0      0      0      1 
    0    135     37     35      0      0      0      0      0      0   3201   1980      0      0 119393 119394      0      0      0      0      0     12 
    0    538     46     45     89     59      0      0      0      0   3201   1965     59      0 119393 119394      0      0      0      0     93     13 
    0    567     47     46     89     51      0      0      0      0   3201   1965     74      0 119393 119394      0      0      0      0     82     17 
    0    577     52     46     86     55      0      0      0      0   3201   1845     83      0 119393 119394      0      0      0      0    114     20 
    0    626     49     46     87     54      0      0      0      0   3201   1965    100      0 119393 119394      0      0      0      0    124     24 
    0    608     51     48     90     47      0      0      0      0   3201   1965     75      0 119393 119394      0      0      0      0    137     19 
    0    611     50     47     87     50      0      0      0      0   3201   1965    100      0 119393 119394      0      0      0      0    144     19 
    0    584     49     51     88     60      0      0      0      0   3201   1980     67      0 119393 119394      0      0      0      0     88     18 
    0    601     50     49     89     53      0      0      0      0   3201   1965     86      0 119393 119394      0      0      0      0    149     18 
    0    573     49     51     87     58      0      0      0      0   3201   1980     46      0 119393 119394      0      0      0      0     91     16 
    0    578     49     51     88     60      0      0      0      0   3201   1965     80      0 119393 119394      0      0      0      0    108     19 
    0    599     54     49     89     53      0      0      0      0   3201   1935     71      0 119393 119394      0      0      0      0    140     21 
    0    592     51     51     91     42      0      0      0      0   3201   1965    100      0 119393 119394      0      0      0      0    124     20 
