# gpu    pwr  gtemp  mtemp     sm    mem    enc    dec    jpg    ofa   mclk   pclk  pviol  tviol     fb   bar1   ccpm  sbecc  dbecc    pci  rxpci  txpci 
# Idx      W      C      C      %      %      %      %      %      %    MHz    MHz      %   bool     MB     MB     MB   errs   errs   errs   MB/s   MB/s 
    0    166     41     42      0      0      0      0      0      0   3201   1980      0      0 119389 119390      0      0      0      0      0      0 
    0    146     39     37      0      0      0      0      0      0   3201   1980      0      0 119389 119390      0      0      0      0      0      1 
    0    134     38     37      0      0      0      0      0      0   3201   1980      0      0 119389 119390      0      0      0      0      0      0 
    0    134     38     36      0      0      0      0      0      0   3201   1980      0      0 119389 119390      0      0      0      0      0      1 
    0    133     38     36      0      0      0      0      0      0   3201   1980      0      0 119389 119390      0      0      0      0      0      0 
    0    133     38     36      0      0      0      0      0      0   3201   1980      0      0 119389 119390      0      0      0      0      0      1 
    0    133     38     36      0      0      0      0      0      0   3201   1980      0      0 119389 119390      0      0      0      0      0      0 
    0    133     38     35      0      0      0      0      0      0   3201   1980      0      0 119389 119390      0      0      0      0      0      1 
    0    133     37     36      0      0      0      0      0      0   3201   1980      0      0 119389 119390      0      0      0      0      0      0 
    0    133     37     36      0      0      0      0      0      0   3201   1980      0      0 119389 119390      0      0      0      0      0      1 
    0    133     37     35      0      0      0      0      0      0   3201   1980      0      0 119389 119390      0      0      0      0      0      0 
    0    133     37     35      0      0      0      0      0      0   3201   1980      0      0 119389 119390      0      0      0      0      0      0 
    0    133     37     35      0      0      0      0      0      0   3201   1980      0      0 119389 119390      0      0      0      0      0      0 
    0    432     47     45     88     64      0      0      0      0   3201   1965     25      0 119393 119394      0      0      0      0    110     14 
    0    516     45     46     87     63      0      0      0      0   3201   1980      0      0 119393 119394      0      0      0      0     60     14 
    0    503     46     48     90     63      0      0      0      0   3201   1965     14      0 119393 119394      0      0      0      0     47     14 
    0    521     46     47     88     64      0      0      0      0   3201   1980     15      0 119393 119394      0      0      0      0     53     14 
    0    531     47     50     88     64      0      0      0      0   3201   1980     42      0 119393 119394      0      0      0      0     64     16 
    0    514     46     48     89     65      0      0      0      0   3201   1980      0      0 119393 119394      0      0      0      0     42     14 
    0    452     46     50     89     59      0      0      0      0   3201   1980      0      0 119393 119394      0      0      0      0     49     14 
    0    529     48     49     88     64      0      0      0      0   3201   1980      0      0 119393 119394      0      0      0      0     65     14 
    0    521     48     51     89     59      0      0      0      0   3201   1980      0      0 119393 119394      0      0      0      0     57     14 
    0    528     48     51     89     58      0      0      0      0   3201   1980     55      0 119393 119394      0      0      0      0     65     16 
    0    522     48     51     89     60      0      0      0      0   3201   1980      0      0 119393 119394      0      0      0      0     41     13 
    0    528     49     51     88     64      0      0      0      0   3201   1965     27      0 119393 119394      0      0      0      0     79     16 
    0    431     47     45      0      0      0      0      0      0   3201   1980     36      0 119393 119394      0      0      0      0     87     16 
    0    438     43     43      0      0      0      0      0      0   3201   1980      0      0 119393 119394      0      0      0      0     88     14 
    0    544     49     48     87     64      0      0      0      0   3201   1965     86      0 119393 119394      0      0      0      0     88     16 
    0    539     49     51     88     63      0      0      0      0   3201   1980      0      0 119393 119394      0      0      0      0     48     14 
    0    480     46     48     89     65      0      0      0      0   3201   1980      0      0 119393 119394      0      0      0      0     45     13 
    0    510     49     51     88     66      0      0      0      0   3201   1980      0      0 119393 119394      0      0      0      0      0      0 
    0    529     51     50     88     58      0      0      0      0   3201   1965     28      0 119393 119394      0      0      0      0     72     15 
    0    543     52     51     90     53      0      0      0      0   3201   1950     52      0 119393 119394      0      0      0      0     66     16 
    0    520     50     52     88     58      0      0      0      0   3201   1980     19      0 119393 119394      0      0      0      0     53     17 
    0    543     50     52     89     52      0      0      0      0   3201   1965     91      0 119393 119394      0      0      0      0     65     15 
    0    539     50     52     88     63      0      0      0      0   3201   1965     57      0 119393 119394      0      0      0      0     53     14 
    0    515     50     52     88     63      0      0      0      0   3201   1980     16      0 119393 119394      0      0      0      0     59     14 
    0    523     50     51     88     64      0      0      0      0   3201   1980      0      0 119393 119394      0      0      0      0     47     14 
    0    525     50     51     89     59      0      0      0      0   3201   1980      0      0 119393 119394      0      0      0      0     76     14 
    0    529     50     52     88     64      0      0      0      0   3201   1980     28      0 119393 119394      0      0      0      0     47     14 
    0    524     50     52     89     59      0      0      0      0   3201   1980     28      0 119393 119394      0      0      0      0     48     14 
    0    523     50     52     89     65      0      0      0      0   3201   1980      0      0 119393 119394      0      0      0      0     47     14 
    0    526     51     52     89     59      0      0      0      0   3201   1980      0      0 119393 119394      0      0      0      0     88     16 
    0    546     52     51     89     58      0      0      0      0   3201   1965     79      0 119393 119394      0      0      0      0     68     16 
# gpu    pwr  gtemp  mtemp     sm    mem    enc    dec    jpg    ofa   mclk   pclk  pviol  tviol     fb   bar1   ccpm  sbecc  dbecc    pci  rxpci  txpci 
# Idx      W      C      C      %      %      %      %      %      %    MHz    MHz      %   bool     MB     MB     MB   errs   errs   errs   MB/s   MB/s 
    0    531     52     51     89     63      0      0      0      0   3201   1980     15      0 119393 119394      0      0      0      0     53     14 
    0    532     52     52     88     62      0      0      0      0   3201   1965     25      0 119393 119394      0      0      0      0     52     14 
    0    524     50     53     89     65      0      0      0      0   3201   1980     14      0 119393 119394      0      0      0      0     48     14 
    0    522     52     51     90     60      0      0      0      0   3201   1980     32      0 119393 119394      0      0      0      0     51     13 
    0    522     51     54     89     67      0      0      0      0   3201   1980      0      0 119393 119394      0      0      0      0      0      0 
    0    211     48     45     67     40      0      0      0      0   3201   1980      0      0 119393 119394      0      0      0      0     47     14 
    0    527     50     52     88     64      0      0      0      0   3201   1980     32      0 119393 119394      0      0      0      0     59     15 
    0    536     52     52     88     64      0      0      0      0   3201   1980      0      0 119393 119394      0      0      0      0     63     14 
    0    526     51     52     89     65      0      0      0      0   3201   1980      0      0 119393 119394      0      0      0      0     53     14 
    0    473     47     47     47     35      0      0      0      0   3201   1980      0      0 119393 119394      0      0      0      0     46     13 
    0    533     51     53     89     64      0      0      0      0   3201   1980     31      0 119393 119394      0      0      0      0     64     15 
    0    543     51     52     88     64      0      0      0      0   3201   1980     60      0 119393 119394      0      0      0      0     53     14 
    0    528     51     53     87     62      0      0      0      0   3201   1965     34      0 119393 119394      0      0      0      0     64     16 
    0    532     52     52     89     60      0      0      0      0   3201   1980      0      0 119393 119394      0      0      0      0     46     13 
    0    534     52     52     89     59      0      0      0      0   3201   1965     20      0 119393 119394      0      0      0      0     83     17 
    0    527     51     53     88     65      0      0      0      0   3201   1980     35      0 119393 119394      0      0      0      0     45     13 
    0    538     51     53     88     63      0      0      0      0   3201   1980     34      0 119393 119394      0      0      0      0     63     16 
    0    298     45     43      0      0      0      0      0      0   3201   1980      0      0 119393 119394      0      0      0      0      0      0 
