# gpu    pwr  gtemp  mtemp     sm    mem    enc    dec    jpg    ofa   mclk   pclk  pviol  tviol     fb   bar1   ccpm  sbecc  dbecc    pci  rxpci  txpci 
# Idx      W      C      C      %      %      %      %      %      %    MHz    MHz      %   bool     MB     MB     MB   errs   errs   errs   MB/s   MB/s 
    0    141     39     37      0      0      0      0      0      0   3201   1980      0      0 119389 119390      0      0      0      0      0      0 
    0    135     38     37      0      0      0      0      0      0   3201   1980      0      0 119389 119390      0      0      0      0      0      0 
    0    134     38     36      0      0      0      0      0      0   3201   1980      0      0 119389 119390      0      0      0      0      0      0 
    0    133     38     36      0      0      0      0      0      0   3201   1980      0      0 119389 119390      0      0      0      0      0      0 
    0    133     38     36      0      0      0      0      0      0   3201   1980      0      0 119389 119390      0      0      0      0      0      0 
    0    133     38     36      0      0      0      0      0      0   3201   1980      0      0 119389 119390      0      0      0      0      0      0 
    0    133     37     36      0      0      0      0      0      0   3201   1980      0      0 119389 119390      0      0      0      0      0      0 
    0    133     37     36      0      0      0      0      0      0   3201   1980      0      0 119389 119390      0      0      0      0      0      0 
    0    133     37     35      0      0      0      0      0      0   3201   1980      0      0 119389 119390      0      0      0      0      0      0 
    0    133     37     35      0      0      0      0      0      0   3201   1980      0      0 119389 119390      0      0      0      0      0      0 
    0    133     37     35      0      0      0      0      0      0   3201   1980      0      0 119389 119390      0      0      0      0      0      0 
    0    132     37     35      0      0      0      0      0      0   3201   1980      0      0 119389 119390      0      0      0      0      0      0 
    0    132     37     35      0      0      0      0      0      0   3201   1980      0      0 119389 119390      0      0      0      0      1      0 
    0    222     41     42     89     67      0      0      0      0   3201   1980      0      0 119393 119394      0      0      0      0     42     14 
    0    347     38     37      0      0      0      0      0      0   3201   1980      0      0 119393 119394      0      0      0      0     42     14 
    0    456     43     46     10      4      0      0      0      0   3201   1980      0      0 119393 119394      0      0      0      0     46     14 
    0    509     45     48     89     68      0      0      0      0   3201   1980      0      0 119393 119394      0      0      0      0     48     21 
    0    474     41     42     34     26      0      0      0      0   3201   1980      0      0 119393 119394      0      0      0      0      0      0 
    0    473     45     48     88     66      0      0      0      0   3201   1965     29      0 119393 119394      0      0      0      0     43     14 
    0    298     39     39      0      0      0      0      0      0   3201   1980      0      0 119393 119394      0      0      0      0      0      0 
    0    181     42     43      0      0      0      0      0      0   3201   1980      0      0 119393 119394      0      0      0      0     42     14 
    0    351     39     39      0      0      0      0      0      0   3201   1980      0      0 119393 119394      0      0      0      0      0      0 
    0    134     38     37      0      0      0      0      0      0   3201   1980      0      0 119393 119394      0      0      0      0      0      0 
    0    133     38     36      0      0      0      0      0      0   3201   1980      0      0 119393 119394      0      0      0      0     43     14 
    0    504     45     48     88     66      0      0      0      0   3201   1980      0      0 119393 119394      0      0      0      0     43     14 
    0    225     39     38      0      0      0      0      0      0   3201   1980      0      0 119393 119394      0      0      0      0     43     14 
    0    514     45     48     89     69      0      0      0      0   3201   1980      0      0 119393 119394      0      0      0      0     43     14 
    0    496     46     48     89     69      0      0      0      0   3201   1980      0      0 119393 119394      0      0      0      0     42     14 
    0    259     40     39      0      0      0      0      0      0   3201   1980      0      0 119393 119394      0      0      0      0      0      1 
    0    135     39     37      0      0      0      0      0      0   3201   1980      0      0 119393 119394      0      0      0      0      0      0 
    0    489     46     47     88     66      0      0      0      0   3201   1980     32      0 119393 119394      0      0      0      0      0      1 
    0    147     39     38      0      0      0      0      0      0   3201   1980      0      0 119393 119394      0      0      0      0     42     14 
    0    427     41     40     16     12      0      0      0      0   3201   1980      0      0 119393 119394      0      0      0      0      0      1 
    0    367     45     49     89     69      0      0      0      0   3201   1980      0      0 119393 119394      0      0      0      0     47     14 
    0    207     39     38      0      0      0      0      0      0   3201   1980      0      0 119393 119394      0      0      0      0      0      1 
    0    373     45     47     89     69      0      0      0      0   3201   1980      0      0 119393 119394      0      0      0      0     42     14 
    0    201     39     38      0      0      0      0      0      0   3201   1980      0      0 119393 119394      0      0      0      0      0      1 
    0    135     39     37      0      0      0      0      0      0   3201   1980      0      0 119393 119394      0      0      0      0      0      0 
    0    134     38     37      0      0      0      0      0      0   3201   1980      0      0 119393 119394      0      0      0      0      0      1 
    0    432     41     41     88     68      0      0      0      0   3201   1980      0      0 119393 119394      0      0      0      0      0      0 
    0    247     44     45     89     68      0      0      0      0   3201   1980      0      0 119393 119394      0      0      0      0     47     15 
    0    527     46     50     89     69      0      0      0      0   3201   1980      0      0 119393 119394      0      0      0      0      0      0 
    0    235     45     45     89     63      0      0      0      0   3201   1980      0      0 119393 119394      0      0      0      0     54     15 
    0    430     45     45      0      0      0      0      0      0   3201   1980      0      0 119393 119394      0      0      0      0     51     14 
# gpu    pwr  gtemp  mtemp     sm    mem    enc    dec    jpg    ofa   mclk   pclk  pviol  tviol     fb   bar1   ccpm  sbecc  dbecc    pci  rxpci  txpci 
# Idx      W      C      C      %      %      %      %      %      %    MHz    MHz      %   bool     MB     MB     MB   errs   errs   errs   MB/s   MB/s 
    0    443     42     42     58     45      0      0      0      0   3201   1980     30      0 119393 119394      0      0      0      0      0      1 
    0    135     39     38      0      0      0      0      0      0   3201   1980      0      0 119393 119394      0      0      0      0      0      0 
    0    200     43     44     78     56      0      0      0      0   3201   1980      0      0 119393 119394      0      0      0      0     42     15 
    0    523     46     48     89     69      0      0      0      0   3201   1980      0      0 119393 119394      0      0      0      0     89     14 
    0    523     46     49     89     66      0      0      0      0   3201   1980      0      0 119393 119394      0      0      0      0     43     15 
    0    252     45     46     89     69      0      0      0      0   3201   1980      0      0 119393 119394      0      0      0      0     42     14 
    0    526     47     51     89     69      0      0      0      0   3201   1980      0      0 119393 119394      0      0      0      0     46     14 
    0    475     45     48     89     67      0      0      0      0   3201   1980      0      0 119393 119394      0      0      0      0      0      0 
    0    439     44     44     89     69      0      0      0      0   3201   1980      0      0 119393 119394      0      0      0      0     46     14 
    0    450     44     42      0      0      0      0      0      0   3201   1980      0      0 119393 119394      0      0      0      0     43     14 
    0    421     42     42      0      0      0      0      0      0   3201   1980      0      0 119393 119394      0      0      0      0      0      0 
    0    136     40     39      0      0      0      0      0      0   3201   1980      0      0 119393 119394      0      0      0      0      0      0 
    0    221     44     44     44     30      0      0      0      0   3201   1980      0      0 119393 119394      0      0      0      0     46     15 
    0    380     45     47     82     59      0      0      0      0   3201   1980      0      0 119393 119394      0      0      0      0     42     14 
    0    529     47     50     89     62      0      0      0      0   3201   1980      0      0 119393 119394      0      0      0      0     45     15 
    0    362     41     41      0      0      0      0      0      0   3201   1980      0      0 119393 119394      0      0      0      0     51     17 
    0    471     43     43     88     67      0      0      0      0   3201   1980      0      0 119393 119394      0      0      0      0      0      1 
    0    436     43     43      5      4      0      0      0      0   3201   1980      0      0 119393 119394      0      0      0      0      0      0 
    0    460     47     49     88     66      0      0      0      0   3201   1980      0      0 119393 119394      0      0      0      0     61     16 
    0    520     48     50     88     68      0      0      0      0   3201   1980     32      0 119393 119394      0      0      0      0     42     14 
    0    502     48     51     89     61      0      0      0      0   3201   1980      0      0 119393 119394      0      0      0      0     43     15 
    0    304     42     41      0      0      0      0      0      0   3201   1980      0      0 119393 119394      0      0      0      0      0      0 
    0    136     41     39      0      0      0      0      0      0   3201   1980      0      0 119393 119394      0      0      0      0      1      1 
    0    135     40     38      0      0      0      0      0      0   3201   1980      0      0 119393 119394      0      0      0      0      0      0 
    0    135     40     38      0      0      0      0      0      0   3201   1980      0      0 119393 119394      0      0      0      0     30     15 
    0    527     46     48     88     66      0      0      0      0   3201   1980      0      0 119393 119394      0      0      0      0     50     15 
    0    423     47     47     89     62      0      0      0      0   3201   1965     18      0 119393 119394      0      0      0      0     47     15 
    0    531     48     49     89     66      0      0      0      0   3201   1980     41      0 119393 119394      0      0      0      0     57     15 
    0    443     43     43     68     53      0      0      0      0   3201   1980     26      0 119393 119394      0      0      0      0     45     15 
    0    532     48     51     90     62      0      0      0      0   3201   1980     51      0 119393 119394      0      0      0      0     49     14 
    0    369     42     42      0      0      0      0      0      0   3201   1980      0      0 119393 119394      0      0      0      0      0      1 
    0    346     47     49     89     67      0      0      0      0   3201   1980      0      0 119393 119394      0      0      0      0     47     14 
    0    277     41     40      0      0      0      0      0      0   3201   1980      0      0 119393 119394      0      0      0      0      0      1 
    0    407     47     50     89     67      0      0      0      0   3201   1980      0      0 119393 119394      0      0      0      0     47     14 
    0    217     41     40      0      0      0      0      0      0   3201   1980      0      0 119393 119394      0      0      0      0      0      1 
    0    136     40     38      0      0      0      0      0      0   3201   1980      0      0 119393 119394      0      0      0      0      0      0 
    0    135     39     38      0      0      0      0      0      0   3201   1980      0      0 119393 119394      0      0      0      0      0      0 
    0    512     46     47     89     69      0      0      0      0   3201   1980      0      0 119393 119394      0      0      0      0     44     14 
    0    308     41     40      0      0      0      0      0      0   3201   1980      0      0 119393 119394      0      0      0      0      0      0 
    0    140     40     38      0      0      0      0      0      0   3201   1980      0      0 119393 119394      0      0      0      0      0      0 
    0    139     39     37      0      0      0      0      0      0   3201   1980      0      0 119393 119394      0      0      0      0      0      0 
    0    411     46     49     89     69      0      0      0      0   3201   1980      0      0 119393 119394      0      0      0      0     42     10 
    0    456     46     49     89     69      0      0      0      0   3201   1980      0      0 119393 119394      0      0      0      0      0      0 
    0    344     46     48     89     66      0      0      0      0   3201   1965     12      0 119393 119394      0      0      0      0     65     15 
# gpu    pwr  gtemp  mtemp     sm    mem    enc    dec    jpg    ofa   mclk   pclk  pviol  tviol     fb   bar1   ccpm  sbecc  dbecc    pci  rxpci  txpci 
# Idx      W      C      C      %      %      %      %      %      %    MHz    MHz      %   bool     MB     MB     MB   errs   errs   errs   MB/s   MB/s 
    0    528     47     50     87     66      0      0      0      0   3201   1965     34      0 119393 119394      0      0      0      0     53     14 
    0    526     47     50     88     66      0      0      0      0   3201   1980     12      0 119393 119394      0      0      0      0     51     14 
    0    380     47     50     89     69      0      0      0      0   3201   1980      0      0 119393 119394      0      0      0      0     44     13 
    0    497     47     49     89     67      0      0      0      0   3201   1980      0      0 119393 119394      0      0      0      0     47     14 
    0    528     48     50     89     67      0      0      0      0   3201   1980      0      0 119393 119394      0      0      0      0     47     14 
    0    496     48     52     89     69      0      0      0      0   3201   1980      0      0 119393 119394      0      0      0      0     20      0 
    0    148     41     40      0      0      0      0      0      0   3201   1980      0      0 119393 119394      0      0      0      0      0      0 
    0    161     40     39      0      0      0      0      0      0   3201   1980      0      0 119393 119394      0      0      0      0     47     14 
    0    522     47     51     89     69      0      0      0      0   3201   1980      0      0 119393 119394      0      0      0      0      0      0 
    0    402     47     50     89     67      0      0      0      0   3201   1980      0      0 119393 119394      0      0      0      0     48     13 
    0    339     46     50     89     69      0      0      0      0   3201   1980      0      0 119393 119394      0      0      0      0     47     22 
    0    493     46     49     87     67      0      0      0      0   3201   1980      0      0 119393 119394      0      0      0      0     66     16 
    0    449     44     44     89     67      0      0      0      0   3201   1980      0      0 119393 119394      0      0      0      0      0      1 
    0    238     46     46     89     66      0      0      0      0   3201   1980      0      0 119393 119394      0      0      0      0     47     14 
    0    390     45     45     19     11      0      0      0      0   3201   1980      0      0 119393 119394      0      0      0      0     43     15 
    0    487     45     46     88     68      0      0      0      0   3201   1980      0      0 119393 119394      0      0      0      0      0      0 
    0    342     47     50     89     69      0      0      0      0   3201   1980      0      0 119393 119394      0      0      0      0     42     15 
    0    195     41     40      0      0      0      0      0      0   3201   1980      0      0 119393 119394      0      0      0      0      0      0 
    0    136     40     38      0      0      0      0      0      0   3201   1980      0      0 119393 119394      0      0      0      0      0      1 
    0    300     46     48     90     62      0      0      0      0   3201   1980      0      0 119393 119394      0      0      0      0     54     14 
    0    495     47     46     89     69      0      0      0      0   3201   1980      0      0 119393 119394      0      0      0      0     42     14 
    0    472     47     50     89     69      0      0      0      0   3201   1980      0      0 119393 119394      0      0      0      0     42     14 
    0    494     48     49     88     66      0      0      0      0   3201   1980      0      0 119393 119394      0      0      0      0     47     14 
    0    283     41     41      0      0      0      0      0      0   3201   1980      0      0 119393 119394      0      0      0      0      0      0 
    0    136     40     39      0      0      0      0      0      0   3201   1980      0      0 119393 119394      0      0      0      0      0      0 
    0    263     45     47     89     69      0      0      0      0   3201   1980      0      0 119393 119394      0      0      0      0     43     14 
    0    511     47     50     36     28      0      0      0      0   3201   1980      0      0 119393 119394      0      0      0      0      0      0 
    0    137     40     39      0      0      0      0      0      0   3201   1980      0      0 119393 119394      0      0      0      0     45     14 
    0    425     42     42      0      0      0      0      0      0   3201   1980      0      0 119393 119394      0      0      0      0      0      0 
    0    443     47     49     89     67      0      0      0      0   3201   1980      0      0 119393 119394      0      0      0      0     46     14 
    0    239     41     40      0      0      0      0      0      0   3201   1980      0      0 119393 119394      0      0      0      0      0      0 
    0    464     47     49     87     67      0      0      0      0   3201   1980      0      0 119393 119394      0      0      0      0     43     14 
    0    279     41     40      0      0      0      0      0      0   3201   1980      0      0 119393 119394      0      0      0      0      0      0 
    0    236     45     47     89     69      0      0      0      0   3201   1980      0      0 119393 119394      0      0      0      0     42     14 
    0    485     47     51     89     69      0      0      0      0   3201   1980      0      0 119393 119394      0      0      0      0     44     13 
    0    257     41     40      0      0      0      0      0      0   3201   1980      0      0 119393 119394      0      0      0      0      0      0 
    0    297     46     49     89     69      0      0      0      0   3201   1980      0      0 119393 119394      0      0      0      0     46     14 
    0    366     45     48     89     68      0      0      0      0   3201   1980      0      0 119393 119394      0      0      0      0     42     14 
    0    320     41     40     15      7      0      0      0      0   3201   1980      0      0 119393 119394      0      0      0      0     42     14 
    0    524     47     49     89     69      0      0      0      0   3201   1965     32      0 119393 119394      0      0      0      0     45     14 
    0    279     41     40      0      0      0      0      0      0   3201   1980      0      0 119393 119394      0      0      0      0      0      0 
    0    136     40     39      0      0      0      0      0      0   3201   1980      0      0 119393 119394      0      0      0      0      0      0 
    0    265     45     48     89     69      0      0      0      0   3201   1980      0      0 119393 119394      0      0      0      0     42     14 
    0    420     46     48     89     69      0      0      0      0   3201   1980      0      0 119393 119394      0      0      0      0     45     14 
# gpu    pwr  gtemp  mtemp     sm    mem    enc    dec    jpg    ofa   mclk   pclk  pviol  tviol     fb   bar1   ccpm  sbecc  dbecc    pci  rxpci  txpci 
# Idx      W      C      C      %      %      %      %      %      %    MHz    MHz      %   bool     MB     MB     MB   errs   errs   errs   MB/s   MB/s 
    0    507     47     52     89     69      0      0      0      0   3201   1980      0      0 119393 119394      0      0      0      0      0      0 
    0    481     47     49     88     66      0      0      0      0   3201   1980      0      0 119393 119394      0      0      0      0     42     14 
    0    414     47     51     89     67      0      0      0      0   3201   1965     19      0 119393 119394      0      0      0      0     52     14 
    0    454     46     49     89     69      0      0      0      0   3201   1980     13      0 119393 119394      0      0      0      0     44     13 
    0    533     48     50     89     60      0      0      0      0   3201   1980      0      0 119393 119394      0      0      0      0     60     14 
    0    503     48     50     89     69      0      0      0      0   3201   1980      0      0 119393 119394      0      0      0      0     42     14 
    0    477     48     52     89     69      0      0      0      0   3201   1980      0      0 119393 119394      0      0      0      0     42     14 
    0    495     48     51     88     68      0      0      0      0   3201   1980      0      0 119393 119394      0      0      0      0      0      0 
    0    408     48     52     89     69      0      0      0      0   3201   1980      0      0 119393 119394      0      0      0      0     17      0 
    0    416     48     51     89     69      0      0      0      0   3201   1980      0      0 119393 119394      0      0      0      0     48     14 
    0    384     43     43      0      0      0      0      0      0   3201   1980      0      0 119393 119394      0      0      0      0      0      0 
    0    137     41     40      0      0      0      0      0      0   3201   1980      0      0 119393 119394      0      0      0      0      0      0 
    0    510     48     50     88     68      0      0      0      0   3201   1980      0      0 119393 119394      0      0      0      0     42     14 
    0    480     45     46     69     53      0      0      0      0   3201   1980      0      0 119393 119394      0      0      0      0      0      0 
    0    137     41     40      0      0      0      0      0      0   3201   1980      0      0 119393 119394      0      0      0      0      0      0 
    0    426     47     50     88     68      0      0      0      0   3201   1980      0      0 119393 119394      0      0      0      0      0      1 
    0    215     45     47     68     48      0      0      0      0   3201   1980      0      0 119393 119394      0      0      0      0     43     14 
    0    362     42     41      0      0      0      0      0      0   3201   1980      0      0 119393 119394      0      0      0      0     47     15 
    0    461     44     44      0      0      0      0      0      0   3201   1980      0      0 119393 119394      0      0      0      0      0      0 
    0    137     41     39      0      0      0      0      0      0   3201   1980      0      0 119393 119394      0      0      0      0      0      1 
    0    330     46     48     89     69      0      0      0      0   3201   1980      0      0 119393 119394      0      0      0      0     42     14 
    0    333     45     47     89     66      0      0      0      0   3201   1980      0      0 119393 119394      0      0      0      0     42     15 
    0    312     41     40      0      0      0      0      0      0   3201   1980      0      0 119393 119394      0      0      0      0      0      0 
    0    136     40     39      0      0      0      0      0      0   3201   1980      0      0 119393 119394      0      0      0      0      0      1 
    0    135     40     38      0      0      0      0      0      0   3201   1980      0      0 119393 119394      0      0      0      0      0      0 
    0    134     39     37      0      0      0      0      0      0   3201   1980      0      0 119393 119394      0      0      0      0      0      1 
    0    134     39     37      0      0      0      0      0      0   3201   1980      0      0 119393 119394      0      0      0      0      0      0 
    0    134     39     37      0      0      0      0      0      0   3201   1980      0      0 119393 119394      0      0      0      0      0      1 
    0    424     45     47     88     66      0      0      0      0   3201   1980      0      0 119393 119394      0      0      0      0     49     14 
    0    218     39     38      0      0      0      0      0      0   3201   1980      0      0 119393 119394      0      0      0      0      0      1 
    0    383     45     47     88     66      0      0      0      0   3201   1980      0      0 119393 119394      0      0      0      0     52     14 
    0    457     46     49     89     67      0      0      0      0   3201   1980     27      0 119393 119394      0      0      0      0     47     15 
    0    269     40     39      0      0      0      0      0      0   3201   1980      0      0 119393 119394      0      0      0      0      0      0 
    0    344     45     49     89     69      0      0      0      0   3201   1980      0      0 119393 119394      0      0      0      0     42     15 
    0    186     40     39      0      0      0      0      0      0   3201   1980      0      0 119393 119394      0      0      0      0     23     14 
    0    475     46     44     82     59      0      0      0      0   3201   1980      0      0 119393 119394      0      0      0      0     46     15 
    0    525     47     51     87     65      0      0      0      0   3201   1980      0      0 119393 119394      0      0      0      0     47     14 
    0    365     46     49     89     69      0      0      0      0   3201   1980      0      0 119393 119394      0      0      0      0     42     15 
    0    486     46     49     19     15      0      0      0      0   3201   1980      0      0 119393 119394      0      0      0      0      0      0 
    0    362     47     48     89     69      0      0      0      0   3201   1980      0      0 119393 119394      0      0      0      0     43     15 
    0    176     40     39      0      0      0      0      0      0   3201   1980      0      0 119393 119394      0      0      0      0      0      0 
    0    385     46     50     89     69      0      0      0      0   3201   1980      0      0 119393 119394      0      0      0      0     44      8 
    0    151     40     39      0      0      0      0      0      0   3201   1980      0      0 119393 119394      0      0      0      0      0      0 
    0    139     39     38      0      0      0      0      0      0   3201   1980      0      0 119393 119394      0      0      0      0      0      0 
# gpu    pwr  gtemp  mtemp     sm    mem    enc    dec    jpg    ofa   mclk   pclk  pviol  tviol     fb   bar1   ccpm  sbecc  dbecc    pci  rxpci  txpci 
# Idx      W      C      C      %      %      %      %      %      %    MHz    MHz      %   bool     MB     MB     MB   errs   errs   errs   MB/s   MB/s 
    0    170     43     44      0      0      0      0      0      0   3201   1980      0      0 119393 119394      0      0      0      0     45     14 
    0    401     40     40      0      0      0      0      0      0   3201   1980      0      0 119393 119394      0      0      0      0      0      0 
    0    221     44     45     88     66      0      0      0      0   3201   1980      0      0 119393 119394      0      0      0      0     51     14 
    0    516     46     48     89     69      0      0      0      0   3201   1980      0      0 119393 119394      0      0      0      0      0      0 
    0    339     46     49     89     67      0      0      0      0   3201   1980      0      0 119393 119394      0      0      0      0     51     14 
    0    532     47     48     89     66      0      0      0      0   3201   1965     33      0 119393 119394      0      0      0      0     67     15 
    0    309     41     40      0      0      0      0      0      0   3201   1980      0      0 119393 119394      0      0      0      0      0      0 
    0    437     47     48     89     61      0      0      0      0   3201   1980     34      0 119393 119394      0      0      0      0     48     15 
    0    370     41     41      0      0      0      0      0      0   3201   1980      0      0 119393 119394      0      0      0      0      0      0 
    0    136     40     38      0      0      0      0      0      0   3201   1980      0      0 119393 119394      0      0      0      0      0      1 
    0    377     46     47     89     69      0      0      0      0   3201   1980      0      0 119393 119394      0      0      0      0     45     14 
    0    348     46     49     88     66      0      0      0      0   3201   1980      0      0 119393 119394      0      0      0      0     53     14 
    0    455     46     49     89     69      0      0      0      0   3201   1980      0      0 119393 119394      0      0      0      0     42     14 
    0    488     47     49     89     69      0      0      0      0   3201   1980      0      0 119393 119394      0      0      0      0     52     15 
    0    355     41     41      0      0      0      0      0      0   3201   1980      0      0 119393 119394      0      0      0      0      0      0 
    0    136     40     39      0      0      0      0      0      0   3201   1980      0      0 119393 119394      0      0      0      0      0      1 
    0    356     46     48     89     69      0      0      0      0   3201   1980      0      0 119393 119394      0      0      0      0     45     15 
    0    454     47     49     89     69      0      0      0      0   3201   1980      0      0 119393 119394      0      0      0      0     45     14 
    0    474     46     44      0      0      0      0      0      0   3201   1980      0      0 119393 119394      0      0      0      0     42     15 
    0    392     42     41      0      0      0      0      0      0   3201   1980      0      0 119393 119394      0      0      0      0      0      0 
    0    435     47     51     88     66      0      0      0      0   3201   1980      0      0 119393 119394      0      0      0      0     43     15 
    0    530     48     52     88     66      0      0      0      0   3201   1980      0      0 119393 119394      0      0      0      0     47     14 
    0    238     41     40      0      0      0      0      0      0   3201   1980      0      0 119393 119394      0      0      0      0      0      1 
    0    136     40     39      0      0      0      0      0      0   3201   1980      0      0 119393 119394      0      0      0      0      0      0 
    0    413     47     49     88     68      0      0      0      0   3201   1980      0      0 119393 119394      0      0      0      0      0      0 
    0    305     46     48     89     69      0      0      0      0   3201   1980      0      0 119393 119394      0      0      0      0     45     14 
    0    537     48     50     89     62      0      0      0      0   3201   1965     54      0 119393 119394      0      0      0      0     55     14 
    0    525     48     52     89     69      0      0      0      0   3201   1980      3      0 119393 119394      0      0      0      0     42     14 
