# gpu    pwr  gtemp  mtemp     sm    mem    enc    dec    jpg    ofa   mclk   pclk  pviol  tviol     fb   bar1   ccpm  sbecc  dbecc    pci  rxpci  txpci 
# Idx      W      C      C      %      %      %      %      %      %    MHz    MHz      %   bool     MB     MB     MB   errs   errs   errs   MB/s   MB/s 
    0    137     39     37      0      0      0      0      0      0   3201   1980      0      0 119389 119390      0      0      0      0      0      0 
    0    135     39     37      0      0      0      0      0      0   3201   1980      0      0 119389 119390      0      0      0      0      0      0 
    0    134     38     37      0      0      0      0      0      0   3201   1980      0      0 119389 119390      0      0      0      0      0      0 
    0    133     38     36      0      0      0      0      0      0   3201   1980      0      0 119389 119390      0      0      0      0      0      0 
    0    133     38     36      0      0      0      0      0      0   3201   1980      0      0 119389 119390      0      0      0      0      0      0 
    0    133     38     36      0      0      0      0      0      0   3201   1980      0      0 119389 119390      0      0      0      0      0      0 
    0    133     38     36      0      0      0      0      0      0   3201   1980      0      0 119389 119390      0      0      0      0      0      0 
    0    133     37     36      0      0      0      0      0      0   3201   1980      0      0 119389 119390      0      0      0      0      0      0 
    0    133     37     36      0      0      0      0      0      0   3201   1980      0      0 119389 119390      0      0      0      0      1      0 
    0    133     37     35      0      0      0      0      0      0   3201   1980      0      0 119389 119390      0      0      0      0      0      0 
    0    133     37     35      0      0      0      0      0      0   3201   1980      0      0 119389 119390      0      0      0      0      0      0 
    0    133     37     35      0      0      0      0      0      0   3201   1980      0      0 119389 119390      0      0      0      0      0      0 
    0    132     37     35      0      0      0      0      0      0   3201   1980      0      0 119389 119390      0      0      0      0      0      0 
    0    254     42     44     89     67      0      0      0      0   3201   1980      0      0 119393 119394      0      0      0      0     43     14 
    0    520     44     46     89     65      0      0      0      0   3201   1980      0      0 119393 119394      0      0      0      0     52     14 
    0    531     46     48     90     57      0      0      0      0   3201   1980      0      0 119393 119394      0      0      0      0     53     14 
    0    520     45     48     89     65      0      0      0      0   3201   1980      0      0 119393 119394      0      0      0      0     45     14 
    0    519     46     50     89     67      0      0      0      0   3201   1980     29      0 119393 119394      0      0      0      0     42     14 
    0    333     44     45     89     67      0      0      0      0   3201   1980      0      0 119393 119394      0      0      0      0     71     14 
    0    514     46     49     89     61      0      0      0      0   3201   1965     54      0 119393 119394      0      0      0      0     49     14 
    0    518     47     49     88     64      0      0      0      0   3201   1980     70      0 119393 119394      0      0      0      0     51     15 
    0    503     53     47     91     48      0      0      0      0   3201   1770     18      0 119393 119394      0      0      0      0     59     15 
    0    518     48     51     88     64      0      0      0      0   3201   1980     25      0 119393 119394      0      0      0      0     64     14 
    0    518     47     50     89     65      0      0      0      0   3201   1980      0      0 119393 119394      0      0      0      0     47     14 
    0    520     48     51     89     67      0      0      0      0   3201   1980      0      0 119393 119394      0      0      0      0     45     14 
    0    368     42     42      0      0      0      0      0      0   3201   1980      0      0 119393 119394      0      0      0      0      0      0 
    0    377     47     49     89     67      0      0      0      0   3201   1980      0      0 119393 119394      0      0      0      0     43     14 
    0    518     48     49     89     65      0      0      0      0   3201   1980     31      0 119393 119394      0      0      0      0     48     14 
    0    540     49     51     90     56      0      0      0      0   3201   1965     68      0 119393 119394      0      0      0      0     65     15 
    0    497     48     51     60     45      0      0      0      0   3201   1980      9      0 119393 119394      0      0      0      0      0      0 
    0    465     49     49     88     64      0      0      0      0   3201   1965     48      0 119393 119394      0      0      0      0     57     14 
    0    523     48     51     88     64      0      0      0      0   3201   1905     47      0 119393 119394      0      0      0      0     55     14 
    0    530     50     51     89     62      0      0      0      0   3201   1965     85      0 119393 119394      0      0      0      0     65     14 
    0    522     49     52     88     64      0      0      0      0   3201   1980     45      0 119393 119394      0      0      0      0     48     14 
    0    500     49     51     63     48      0      0      0      0   3201   1980      0      0 119393 119394      0      0      0      0      0      0 
    0    496     52     50     89     66      0      0      0      0   3201   1935     12      0 119393 119394      0      0      0      0     53     14 
    0    536     50     50     91     49      0      0      0      0   3201   1965     53      0 119393 119394      0      0      0      0     58     15 
    0    530     51     52     88     62      0      0      0      0   3201   1980     40      0 119393 119394      0      0      0      0     76     14 
    0    548     55     52     90     56      0      0      0      0   3201   1980     67      0 119393 119394      0      0      0      0     70     15 
    0    523     49     52     89     65      0      0      0      0   3201   1980      0      0 119393 119394      0      0      0      0     48     14 
    0    266     43     42      0      0      0      0      0      0   3201   1980      0      0 119393 119394      0      0      0      0      0      0 
    0    446     49     50     89     65      0      0      0      0   3201   1980     55      0 119393 119394      0      0      0      0     76     16 
    0    555     50     51     88     63      0      0      0      0   3201   1965     87      0 119393 119394      0      0      0      0     69     15 
    0    547     50     52     87     64      0      0      0      0   3201   1965     81      0 119393 119394      0      0      0      0     64     15 
# gpu    pwr  gtemp  mtemp     sm    mem    enc    dec    jpg    ofa   mclk   pclk  pviol  tviol     fb   bar1   ccpm  sbecc  dbecc    pci  rxpci  txpci 
# Idx      W      C      C      %      %      %      %      %      %    MHz    MHz      %   bool     MB     MB     MB   errs   errs   errs   MB/s   MB/s 
    0    517     50     52     89     65      0      0      0      0   3201   1980     36      0 119393 119394      0      0      0      0     49     14 
    0    532     50     53     89     65      0      0      0      0   3201   1980     35      0 119393 119394      0      0      0      0     52     14 
    0    398     44     44      0      0      0      0      0      0   3201   1980      0      0 119393 119394      0      0      0      0      0      0 
    0    422     49     52     89     65      0      0      0      0   3201   1980     31      0 119393 119394      0      0      0      0     52     14 
    0    440     45     45     23     17      0      0      0      0   3201   1980      0      0 119393 119394      0      0      0      0      0      0 
    0    373     51     50     91     59      0      0      0      0   3201   1980      0      0 119393 119394      0      0      0      0     48     14 
    0    544     50     52     89     64      0      0      0      0   3201   1965     47      0 119393 119394      0      0      0      0     88     17 
    0    542     50     51     88     65      0      0      0      0   3201   1980     80      0 119393 119394      0      0      0      0     79     16 
    0    530     50     52     88     64      0      0      0      0   3201   1980     71      0 119393 119394      0      0      0      0     73     16 
    0    523     50     52     89     65      0      0      0      0   3201   1980     61      0 119393 119394      0      0      0      0     53     14 
    0    489     49     51     90     58      0      0      0      0   3201   1965     13      0 119393 119394      0      0      0      0     49     15 
    0    522     50     52     88     65      0      0      0      0   3201   1980     58      0 119393 119394      0      0      0      0     53     15 
    0    559     51     52     91     49      0      0      0      0   3201   1965     54      0 119393 119394      0      0      0      0     63     16 
    0    527     50     53     88     65      0      0      0      0   3201   1980     14      0 119393 119394      0      0      0      0     47     14 
    0    524     50     52     88     65      0      0      0      0   3201   1980     52      0 119393 119394      0      0      0      0     53     14 
    0    517     50     53     89     68      0      0      0      0   3201   1980      0      0 119393 119394      0      0      0      0     42     14 
    0    355     49     51     89     65      0      0      0      0   3201   1965     46      0 119393 119394      0      0      0      0     52     14 
    0    531     52     52     88     63      0      0      0      0   3201   1980     31      0 119393 119394      0      0      0      0     53     14 
    0    519     50     52     89     65      0      0      0      0   3201   1980      0      0 119393 119394      0      0      0      0     54     14 
    0    410     50     52     91     59      0      0      0      0   3201   1965     13      0 119393 119394      0      0      0      0     48     14 
    0    521     50     52     90     58      0      0      0      0   3201   1965     42      0 119393 119394      0      0      0      0     45     14 
    0    531     50     51     89     65      0      0      0      0   3201   1980      3      0 119393 119394      0      0      0      0     48     14 
    0    526     50     52     89     65      0      0      0      0   3201   1980     28      0 119393 119394      0      0      0      0     48     14 
    0    517     50     53     89     67      0      0      0      0   3201   1980     36      0 119393 119394      0      0      0      0     52     14 
    0    516     50     52     89     67      0      0      0      0   3201   1980     35      0 119393 119394      0      0      0      0     61     15 
    0    526     50     53     89     65      0      0      0      0   3201   1980     67      0 119393 119394      0      0      0      0     50     14 
    0    529     50     52     89     65      0      0      0      0   3201   1980     31      0 119393 119394      0      0      0      0     48     15 
    0    416     45     44      0      0      0      0      0      0   3201   1980      0      0 119393 119394      0      0      0      0      0      0 
    0    503     51     51     89     65      0      0      0      0   3201   1980      0      0 119393 119394      0      0      0      0     59     15 
    0    533     51     53     89     65      0      0      0      0   3201   1980     49      0 119393 119394      0      0      0      0     64     15 
    0    546     52     52     88     59      0      0      0      0   3201   1965     83      0 119393 119394      0      0      0      0     64     16 
    0    530     55     52     89     65      0      0      0      0   3201   1980     82      0 119393 119394      0      0      0      0     73     15 
    0    539     53     52     89     65      0      0      0      0   3201   1980     26      0 119393 119394      0      0      0      0     54     14 
    0    529     51     52     89     65      0      0      0      0   3201   1980     55      0 119393 119394      0      0      0      0     53     14 
    0    522     51     52     89     66      0      0      0      0   3201   1965     21      0 119393 119394      0      0      0      0     50     15 
    0    522     51     53     88     65      0      0      0      0   3201   1980     59      0 119393 119394      0      0      0      0     48     14 
    0    523     51     54     89     66      0      0      0      0   3201   1980     33      0 119393 119394      0      0      0      0     44     15 
    0    534     51     52     88     64      0      0      0      0   3201   1965     60      0 119393 119394      0      0      0      0     59     14 
    0    512     51     52     89     65      0      0      0      0   3201   1980     13      0 119393 119394      0      0      0      0     43     15 
    0    526     51     52     89     65      0      0      0      0   3201   1980     29      0 119393 119394      0      0      0      0     50     14 
    0    452     46     45     39     30      0      0      0      0   3201   1980      0      0 119393 119394      0      0      0      0      0      0 
    0    139     43     42      0      0      0      0      0      0   3201   1980      0      0 119393 119394      0      0      0      0      0      0 
    0    164     47     46     25     13      0      0      0      0   3201   1980      5      0 119393 119394      0      0      0      0     48     14 
    0    517     51     50     89     65      0      0      0      0   3201   1845     33      0 119393 119394      0      0      0      0     76     14 
# gpu    pwr  gtemp  mtemp     sm    mem    enc    dec    jpg    ofa   mclk   pclk  pviol  tviol     fb   bar1   ccpm  sbecc  dbecc    pci  rxpci  txpci 
# Idx      W      C      C      %      %      %      %      %      %    MHz    MHz      %   bool     MB     MB     MB   errs   errs   errs   MB/s   MB/s 
    0    531     50     51     89     65      0      0      0      0   3201   1980     68      0 119393 119394      0      0      0      0     58     15 
    0    521     50     52     89     67      0      0      0      0   3201   1980     34      0 119393 119394      0      0      0      0     47     14 
    0    533     56     52     89     65      0      0      0      0   3201   1965     63      0 119393 119394      0      0      0      0     58     14 
    0    523     51     53     89     56      0      0      0      0   3201   1980     63      0 119393 119394      0      0      0      0     58     15 
    0    518     50     53     89     66      0      0      0      0   3201   1980     30      0 119393 119394      0      0      0      0     42     15 
    0    522     50     52     89     67      0      0      0      0   3201   1980     34      0 119393 119394      0      0      0      0     43     14 
    0    363     44     43      0      0      0      0      0      0   3201   1980      0      0 119393 119394      0      0      0      0      0      1 
    0    457     50     52     89     67      0      0      0      0   3201   1980      0      0 119393 119394      0      0      0      0     42     14 
    0    541     50     52     89     65      0      0      0      0   3201   1980     56      0 119393 119394      0      0      0      0     58     16 
    0    547     51     53     88     63      0      0      0      0   3201   1980     51      0 119393 119394      0      0      0      0     78     15 
    0    541     51     52     89     65      0      0      0      0   3201   1965     54      0 119393 119394      0      0      0      0     53     15 
    0    486     50     49     89     68      0      0      0      0   3201   1980      1      0 119393 119394      0      0      0      0     44     14 
    0    540     51     52     89     65      0      0      0      0   3201   1965     46      0 119393 119394      0      0      0      0     59     16 
    0    538     51     53     88     64      0      0      0      0   3201   1965     34      0 119393 119394      0      0      0      0     53     14 
    0    471     47     47     28     21      0      0      0      0   3201   1980      1      0 119393 119394      0      0      0      0     43     15 
    0    526     51     52     90     57      0      0      0      0   3201   1965     44      0 119393 119394      0      0      0      0     55     14 
    0    526     52     52     89     66      0      0      0      0   3201   1965     27      0 119393 119394      0      0      0      0     47     15 
    0    543     51     53     89     64      0      0      0      0   3201   1980     88      0 119393 119394      0      0      0      0     64     15 
    0    441     50     47      0      0      0      0      0      0   3201   1980      0      0 119393 119394      0      0      0      0     42     15 
    0    531     51     53     89     65      0      0      0      0   3201   1965     40      0 119393 119394      0      0      0      0     71     14 
    0    535     51     53     89     63      0      0      0      0   3201   1980     84      0 119393 119394      0      0      0      0     66     18 
    0    390     45     44      0      0      0      0      0      0   3201   1980      0      0 119393 119394      0      0      0      0      0      0 
