# gpu    pwr  gtemp  mtemp     sm    mem    enc    dec    jpg    ofa   mclk   pclk  pviol  tviol     fb   bar1   ccpm  sbecc  dbecc    pci  rxpci  txpci 
# Idx      W      C      C      %      %      %      %      %      %    MHz    MHz      %   bool     MB     MB     MB   errs   errs   errs   MB/s   MB/s 
    0    155     39     37      0      0      0      0      0      0   3201   1980      0      0 119389 119390      0      0      0      0      0      1 
    0    135     39     37      0      0      0      0      0      0   3201   1980      0      0 119389 119390      0      0      0      0      0      0 
    0    134     38     37      0      0      0      0      0      0   3201   1980      0      0 119389 119390      0      0      0      0      0      1 
    0    133     38     36      0      0      0      0      0      0   3201   1980      0      0 119389 119390      0      0      0      0      0      0 
    0    133     38     36      0      0      0      0      0      0   3201   1980      0      0 119389 119390      0      0      0      0      0      1 
    0    133     38     36      0      0      0      0      0      0   3201   1980      0      0 119389 119390      0      0      0      0      0      0 
    0    133     38     36      0      0      0      0      0      0   3201   1980      0      0 119389 119390      0      0      0      0      0      1 
    0    133     37     36      0      0      0      0      0      0   3201   1980      0      0 119389 119390      0      0      0      0      0      0 
    0    133     37     35      0      0      0      0      0      0   3201   1980      0      0 119389 119390      0      0      0      0      0      1 
    0    133     37     35      0      0      0      0      0      0   3201   1980      0      0 119389 119390      0      0      0      0      0      0 
    0    133     37     35      0      0      0      0      0      0   3201   1980      0      0 119389 119390      0      0      0      0      0      1 
    0    132     37     35      0      0      0      0      0      0   3201   1980      0      0 119389 119390      0      0      0      0      0      0 
    0    132     37     35      0      0      0      0      0      0   3201   1980      0      0 119389 119390      0      0      0      0      0      0 
    0    218     38     37      0      0      0      0      0      0   3201   1980      0      0 119393 119394      0      0      0      0      0      0 
    0    299     39     39      0      0      0      0      0      0   3201   1980     31      0 119393 119394      0      0      0      0     42     15 
    0    364     43     46     89     68      0      0      0      0   3201   1980      0      0 119393 119394      0      0      0      0     68     14 
    0    220     38     36      0      0      0      0      0      0   3201   1980      0      0 119393 119394      0      0      0      0      0      1 
    0    216     38     36      0      0      0      0      0      0   3201   1980      0      0 119393 119394      0      0      0      0      0      0 
    0    225     42     44     59     41      0      0      0      0   3201   1965     25      0 119393 119394      0      0      0      0     41     15 
    0    258     40     41     84     64      0      0      0      0   3201   1965     34      0 119393 119394      0      0      0      0      0      0 
    0    300     39     38      0      0      0      0      0      0   3201   1980     29      0 119393 119394      0      0      0      0      0      1 
    0    265     44     42     88     64      0      0      0      0   3201   1965     24      0 119393 119394      0      0      0      0     47      5 
    0    243     42     45     22     16      0      0      0      0   3201   1980     19      0 119393 119394      0      0      0      0      0      0 
    0    218     38     37      0      0      0      0      0      0   3201   1980      0      0 119393 119394      0      0      0      0      0      0 
    0    221     38     37      0      0      0      0      0      0   3201   1980      0      0 119393 119394      0      0      0      0      0      0 
    0    134     37     36      0      0      0      0      0      0   3201   1980      0      0 119393 119394      0      0      0      0      0      0 
    0    219     38     36      0      0      0      0      0      0   3201   1980      0      0 119393 119394      0      0      0      0      2     17 
    0    304     38     37      0      0      0      0      0      0   3201   1980      0      0 119393 119394      0      0      0      0      0      0 
    0    371     43     46     89     66      0      0      0      0   3201   1965     68      0 119393 119394      0      0      0      0      0      0 
    0    134     38     36      0      0      0      0      0      0   3201   1980      1      0 119393 119394      0      0      0      0      0      0 
    0    410     47     44     90     58      0      0      0      0   3201   1980     27      0 119393 119394      0      0      0      0     41     14 
    0    283     40     40     33     19      0      0      0      0   3201   1980      0      0 119393 119394      0      0      0      0     44     13 
    0    347     43     43     89     65      0      0      0      0   3201   1965     60      0 119393 119394      0      0      0      0      0      0 
    0    307     43     46     89     67      0      0      0      0   3201   1980     39      0 119393 119394      0      0      0      0      0      0 
    0    134     38     36      0      0      0      0      0      0   3201   1980      0      0 119393 119394      0      0      0      0      0      0 
    0    345     45     43     75     51      0      0      0      0   3201   1980      0      0 119393 119394      0      0      0      0     45      8 
    0    348     44     45     89     65      0      0      0      0   3201   1965     22      0 119393 119394      0      0      0      0      0      0 
    0    279     43     43     22     11      0      0      0      0   3201   1980     13      0 119393 119394      0      0      0      0     54     14 
    0    442     44     45     89     67      0      0      0      0   3201   1980     69      0 119393 119394      0      0      0      0      0      0 
    0    235     39     38      0      0      0      0      0      0   3201   1980     31      0 119393 119394      0      0      0      0      1      0 
    0    134     38     37      0      0      0      0      0      0   3201   1980      0      0 119393 119394      0      0      0      0      0      0 
    0    334     40     39      0      0      0      0      0      0   3201   1980     50      0 119393 119394      0      0      0      0     45     15 
    0    484     45     48     41     30      0      0      0      0   3201   1965     66      0 119393 119394      0      0      0      0      0      0 
    0    383     43     44      0      0      0      0      0      0   3201   1965     78      0 119393 119394      0      0      0      0      0      1 
# gpu    pwr  gtemp  mtemp     sm    mem    enc    dec    jpg    ofa   mclk   pclk  pviol  tviol     fb   bar1   ccpm  sbecc  dbecc    pci  rxpci  txpci 
# Idx      W      C      C      %      %      %      %      %      %    MHz    MHz      %   bool     MB     MB     MB   errs   errs   errs   MB/s   MB/s 
    0    246     40     39      0      0      0      0      0      0   3201   1980     27      0 119393 119394      0      0      0      0      0      0 
    0    245     40     39      0      0      0      0      0      0   3201   1980     34      0 119393 119394      0      0      0      0      0      1 
    0    134     38     36      0      0      0      0      0      0   3201   1980      0      0 119393 119394      0      0      0      0      0      0 
    0    303     40     40      0      0      0      0      0      0   3201   1980      0      0 119393 119394      0      0      0      0      0      1 
    0    134     38     36      0      0      0      0      0      0   3201   1980      0      0 119393 119394      0      0      0      0      0      0 
    0    265     43     42      5      2      0      0      0      0   3201   1980      0      0 119393 119394      0      0      0      0     46      4 
    0    372     50     43     90     48      0      0      0      0   3201   1965     49      0 119393 119394      0      0      0      0     48     13 
    0    394     40     39      0      0      0      0      0      0   3201   1980     50      0 119393 119394      0      0      0      0     67     13 
    0    403     43     41      0      0      0      0      0      0   3201   1965      7      0 119393 119394      0      0      0      0     47     13 
    0    303     40     39      0      0      0      0      0      0   3201   1980     24      0 119393 119394      0      0      0      0      0      0 
    0    278     45     46     89     67      0      0      0      0   3201   1980      0      0 119393 119394      0      0      0      0     42     13 
    0    279     40     39      0      0      0      0      0      0   3201   1980     33      0 119393 119394      0      0      0      0      0      0 
    0    416     45     43     89     65      0      0      0      0   3201   1965     20      0 119393 119394      0      0      0      0      0      0 
    0    237     42     42     81     59      0      0      0      0   3201   1980     13      0 119393 119394      0      0      0      0      0      0 
    0    288     40     39      0      0      0      0      0      0   3201   1980     33      0 119393 119394      0      0      0      0     42     14 
    0    205     39     38      0      0      0      0      0      0   3201   1980     25      0 119393 119394      0      0      0      0      0      0 
    0    281     44     46     80     60      0      0      0      0   3201   1980     30      0 119393 119394      0      0      0      0      0      0 
    0    310     40     39      0      0      0      0      0      0   3201   1980     34      0 119393 119394      0      0      0      0     43     13 
    0    269     39     38      0      0      0      0      0      0   3201   1980     31      0 119393 119394      0      0      0      0      0      0 
    0    278     44     44     89     67      0      0      0      0   3201   1980      0      0 119393 119394      0      0      0      0     43      0 
    0    242     43     44     89     68      0      0      0      0   3201   1980      0      0 119393 119394      0      0      0      0      0      0 
    0    296     40     39      0      0      0      0      0      0   3201   1980     29      0 119393 119394      0      0      0      0      0      0 
    0    304     41     41     28     21      0      0      0      0   3201   1980      0      0 119393 119394      0      0      0      0      0      0 
    0    217     40     39      0      0      0      0      0      0   3201   1980      0      0 119393 119394      0      0      0      0     64     13 
    0    219     39     37      0      0      0      0      0      0   3201   1980      0      0 119393 119394      0      0      0      0      0     13 
    0    302     40     40     33     25      0      0      0      0   3201   1980     61      0 119393 119394      0      0      0      0      0      0 
    0    301     41     40     40     31      0      0      0      0   3201   1980      0      0 119393 119394      0      0      0      0      0      1 
    0    135     38     37      0      0      0      0      0      0   3201   1980      0      0 119393 119394      0      0      0      0      0      0 
    0    342     43     40     64     43      0      0      0      0   3201   1950     14      0 119393 119394      0      0      0      0     45     12 
    0    316     40     39      0      0      0      0      0      0   3201   1980     65      0 119393 119394      0      0      0      0     64     13 
    0    387     43     43     89     67      0      0      0      0   3201   1980      6      0 119393 119394      0      0      0      0     52     15 
    0    354     41     40      0      0      0      0      0      0   3201   1980     48      0 119393 119394      0      0      0      0     40     13 
    0    323     40     39      5      3      0      0      0      0   3201   1980      0      0 119393 119394      0      0      0      0     41     15 
    0    341     44     48     89     67      0      0      0      0   3201   1980     30      0 119393 119394      0      0      0      0      0      0 
    0    199     43     43     29     16      0      0      0      0   3201   1965     20      0 119393 119394      0      0      0      0     74     15 
    0    299     40     39      0      0      0      0      0      0   3201   1980     39      0 119393 119394      0      0      0      0      0      0 
    0    222     39     38      0      0      0      0      0      0   3201   1980      0      0 119393 119394      0      0      0      0      0      1 
    0    328     44     45     90     58      0      0      0      0   3201   1965     19      0 119393 119394      0      0      0      0      0      0 
    0    151     39     37      0      0      0      0      0      0   3201   1980     12      0 119393 119394      0      0      0      0     58     16 
    0    294     41     40      0      0      0      0      0      0   3201   1980      0      0 119393 119394      0      0      0      0      0      0 
    0    135     38     37      0      0      0      0      0      0   3201   1980      0      0 119393 119394      0      0      0      0      0      1 
    0    134     38     36      0      0      0      0      0      0   3201   1980      0      0 119393 119394      0      0      0      0      0      0 
    0    160     38     36      0      0      0      0      0      0   3201   1980      0      0 119393 119394      0      0      0      0     47     13 
    0    211     38     36     15      7      0      0      0      0   3201   1980      0      0 119393 119394      0      0      0      0     65     14 
# gpu    pwr  gtemp  mtemp     sm    mem    enc    dec    jpg    ofa   mclk   pclk  pviol  tviol     fb   bar1   ccpm  sbecc  dbecc    pci  rxpci  txpci 
# Idx      W      C      C      %      %      %      %      %      %    MHz    MHz      %   bool     MB     MB     MB   errs   errs   errs   MB/s   MB/s 
    0    368     41     40      0      0      0      0      0      0   3201   1980     34      0 119393 119394      0      0      0      0      0      0 
    0    216     39     38      0      0      0      0      0      0   3201   1980      0      0 119393 119394      0      0      0      0      0      0 
    0    312     43     43     88     67      0      0      0      0   3201   1980      9      0 119393 119394      0      0      0      0     47     19 
    0    344     44     45     89     68      0      0      0      0   3201   1980     30      0 119393 119394      0      0      0      0      0      0 
    0    245     40     39      0      0      0      0      0      0   3201   1980      0      0 119393 119394      0      0      0      0      0      0 
    0    218     39     38      0      0      0      0      0      0   3201   1980      0      0 119393 119394      0      0      0      0      0      0 
    0    134     38     36      0      0      0      0      0      0   3201   1980      0      0 119393 119394      0      0      0      0      0      0 
    0    223     38     37      0      0      0      0      0      0   3201   1980      0      0 119393 119394      0      0      0      0      0      0 
    0    317     39     38      0      0      0      0      0      0   3201   1980     34      0 119393 119394      0      0      0      0     47     13 
    0    421     41     41     47     34      0      0      0      0   3201   1980     38      0 119393 119394      0      0      0      0      0      0 
    0    357     45     48     89     66      0      0      0      0   3201   1965     50      0 119393 119394      0      0      0      0      0      1 
    0    151     43     40      3      1      0      0      0      0   3201   1980      0      0 119393 119394      0      0      0      0     46     14 
    0    345     44     46     37     28      0      0      0      0   3201   1980     34      0 119393 119394      0      0      0      0      0      1 
    0    369     41     40     89     68      0      0      0      0   3201   1980      0      0 119393 119394      0      0      0      0      0      0 
    0    135     38     37      0      0      0      0      0      0   3201   1980      0      0 119393 119394      0      0      0      0     41     15 
    0    355     44     44     89     67      0      0      0      0   3201   1965     18      0 119393 119394      0      0      0      0      4      0 
    0    268     43     44     35     21      0      0      0      0   3201   1980      9      0 119393 119394      0      0      0      0     42     14 
    0    421     40     39      0      0      0      0      0      0   3201   1980     69      0 119393 119394      0      0      0      0      0      0 
    0    148     43     41      0      0      0      0      0      0   3201   1980      0      0 119393 119394      0      0      0      0     42     15 
    0    296     44     45     67     45      0      0      0      0   3201   1965      9      0 119393 119394      0      0      0      0     58     15 
    0    402     40     39      0      0      0      0      0      0   3201   1980     56      0 119393 119394      0      0      0      0      0      1 
