# gpu    pwr  gtemp  mtemp     sm    mem    enc    dec    jpg    ofa   mclk   pclk  pviol  tviol     fb   bar1   ccpm  sbecc  dbecc    pci  rxpci  txpci 
# Idx      W      C      C      %      %      %      %      %      %    MHz    MHz      %   bool     MB     MB     MB   errs   errs   errs   MB/s   MB/s 
    0    143     36     34     29     17      0      0      0      0   3201   1980      0      0 130135 130136      0      0      0      0      0      0 
    0    144     36     35      0      0      0      0      0      0   3201   1980      0      0 130135 130136      0      0      0      0      0      0 
    0    132     36     34      0      0      0      0      0      0   3201   1980      0      0 130135 130136      0      0      0      0      0      0 
    0    132     36     34      0      0      0      0      0      0   3201   1980      0      0 130135 130136      0      0      0      0      0      0 
    0    132     36     34      0      0      0      0      0      0   3201   1980      0      0 130135 130136      0      0      0      0      0      0 
    0    132     36     34      0      0      0      0      0      0   3201   1980      0      0 130135 130136      0      0      0      0      0      0 
    0    132     36     34      0      0      0      0      0      0   3201   1980      0      0 130135 130136      0      0      0      0      0      0 
    0    132     36     34      0      0      0      0      0      0   3201   1980      0      0 130135 130136      0      0      0      0      0      0 
    0    132     36     34      0      0      0      0      0      0   3201   1980      0      0 130135 130136      0      0      0      0      0      0 
    0    132     36     34      0      0      0      0      0      0   3201   1980      0      0 130135 130136      0      0      0      0      0      0 
    0    132     36     34      0      0      0      0      0      0   3201   1980      0      0 130135 130136      0      0      0      0      0      0 
    0    132     36     34      0      0      0      0      0      0   3201   1980      0      0 130135 130136      0      0      0      0      0      1 
    0    132     36     34      0      0      0      0      0      0   3201   1980      0      0 130135 130136      0      0      0      0      0      0 
    0    226     40     41     82     44      0      0      0      0   3201   1980      0      0 130139 130140      0      0      0      0     50     15 
    0    401     41     40     83     42      0      0      0      0   3201   1980      0      0 130141 130142      0      0      0      0     59     14 
    0    400     42     43     84     40      0      0      0      0   3201   1980      0      0 130141 130142      0      0      0      0     63     17 
    0    351     39     39      0      0      0      0      0      0   3201   1980      0      0 130141 130142      0      0      0      0      0      0 
    0    342     40     41      0      0      0      0      0      0   3201   1980      0      0 130141 130142      0      0      0      0      0      1 
    0    214     41     43     83     44      0      0      0      0   3201   1980      0      0 130141 130142      0      0      0      0     59     14 
    0    398     42     44     83     44      0      0      0      0   3201   1980      0      0 130141 130142      0      0      0      0     49     15 
    0    399     43     43     83     44      0      0      0      0   3201   1980      0      0 130141 130142      0      0      0      0     53     14 
    0    272     43     42     82     41      0      0      0      0   3201   1980      0      0 130141 130142      0      0      0      0     74     17 
    0    391     43     44     83     44      0      0      0      0   3201   1980      0      0 130141 130142      0      0      0      0     50     14 
    0    417     43     43     83     44      0      0      0      0   3201   1980      0      0 130141 130142      0      0      0      0     52     15 
    0    340     43     44     83     44      0      0      0      0   3201   1980      0      0 130141 130142      0      0      0      0     50     14 
    0    176     39     37      0      0      0      0      0      0   3201   1980      0      0 130141 130142      0      0      0      0      0      0 
    0    348     43     43     84     45      0      0      0      0   3201   1980      0      0 130141 130142      0      0      0      0      0     12 
    0    398     43     43     83     43      0      0      0      0   3201   1980      0      0 130141 130142      0      0      0      0     50     14 
    0    404     44     43     83     42      0      0      0      0   3201   1980      0      0 130141 130142      0      0      0      0     59     14 
    0    271     39     39      0      0      0      0      0      0   3201   1980      0      0 130141 130142      0      0      0      0      0      0 
    0    373     44     44     84     39      0      0      0      0   3201   1980      0      0 130141 130142      0      0      0      0     69     15 
    0    408     44     44     83     44      0      0      0      0   3201   1980      0      0 130141 130142      0      0      0      0     59     14 
    0    405     45     44     85     40      0      0      0      0   3201   1980      0      0 130141 130142      0      0      0      0     69     15 
    0    408     44     46     83     42      0      0      0      0   3201   1980      0      0 130141 130142      0      0      0      0     50     14 
    0    278     40     39      0      0      0      0      0      0   3201   1980      0      0 130141 130142      0      0      0      0      0      0 
    0    389     45     43     83     42      0      0      0      0   3201   1980      0      0 130141 130142      0      0      0      0     55     14 
    0    407     45     44     86     38      0      0      0      0   3201   1980      0      0 130141 130142      0      0      0      0     59     14 
    0    412     45     45     84     40      0      0      0      0   3201   1980      0      0 130141 130142      0      0      0      0     76     16 
    0    417     46     45     84     41      0      0      0      0   3201   1980      0      0 130141 130142      0      0      0      0     59     14 
    0    372     43     43     67     36      0      0      0      0   3201   1980      0      0 130141 130142      0      0      0      0      0      0 
    0    136     40     38      0      0      0      0      0      0   3201   1980      0      0 130141 130142      0      0      0      0      0      0 
    0    351     44     45     84     42      0      0      0      0   3201   1980      0      0 130141 130142      0      0      0      0     86     16 
    0    421     45     45     84     41      0      0      0      0   3201   1980      0      0 130141 130142      0      0      0      0     68     16 
    0    416     45     45     84     42      0      0      0      0   3201   1980      0      0 130141 130142      0      0      0      0     74     16 
# gpu    pwr  gtemp  mtemp     sm    mem    enc    dec    jpg    ofa   mclk   pclk  pviol  tviol     fb   bar1   ccpm  sbecc  dbecc    pci  rxpci  txpci 
# Idx      W      C      C      %      %      %      %      %      %    MHz    MHz      %   bool     MB     MB     MB   errs   errs   errs   MB/s   MB/s 
    0    398     45     45     83     42      0      0      0      0   3201   1980      0      0 130141 130142      0      0      0      0     59     15 
    0    372     45     45     82     42      0      0      0      0   3201   1980      0      0 130141 130142      0      0      0      0     58     14 
    0    200     40     39      0      0      0      0      0      0   3201   1980      0      0 130141 130142      0      0      0      0      0      0 
    0    337     44     45     84     43      0      0      0      0   3201   1980      0      0 130141 130142      0      0      0      0     53     14 
    0    236     40     39      0      0      0      0      0      0   3201   1980      0      0 130141 130142      0      0      0      0      0      0 
    0    313     44     43     83     43      0      0      0      0   3201   1980      0      0 130141 130142      0      0      0      0     59     14 
    0    421     46     45     84     39      0      0      0      0   3201   1980      0      0 130141 130142      0      0      0      0     83     17 
    0    416     45     46     83     41      0      0      0      0   3201   1980      0      0 130141 130142      0      0      0      0     69     15 
    0    410     46     45     83     41      0      0      0      0   3201   1980      0      0 130141 130142      0      0      0      0     69     15 
    0    406     45     46     83     44      0      0      0      0   3201   1980      0      0 130141 130142      0      0      0      0     53     14 
    0    270     45     45     84     41      0      0      0      0   3201   1980      0      0 130141 130142      0      0      0      0     59     14 
    0    407     45     44     83     42      0      0      0      0   3201   1980      0      0 130141 130142      0      0      0      0     60     17 
    0    420     46     46     85     37      0      0      0      0   3201   1980      0      0 130141 130142      0      0      0      0     74     15 
    0    386     45     44     83     42      0      0      0      0   3201   1980      0      0 130141 130142      0      0      0      0     59     14 
    0    400     45     46     83     42      0      0      0      0   3201   1980      0      0 130141 130142      0      0      0      0     59     14 
    0    326     41     41      0      0      0      0      0      0   3201   1980      0      0 130141 130142      0      0      0      0      0      0 
    0    254     44     44     84     43      0      0      0      0   3201   1980      0      0 130141 130142      0      0      0      0     60     15 
    0    405     46     45     84     41      0      0      0      0   3201   1980      0      0 130141 130142      0      0      0      0     59     16 
    0    373     42     42      8      5      0      0      0      0   3201   1980      0      0 130141 130142      0      0      0      0      0      1 
    0    269     45     43     84     41      0      0      0      0   3201   1980      0      0 130141 130142      0      0      0      0     59     14 
    0    369     45     46     84     44      0      0      0      0   3201   1980      0      0 130141 130142      0      0      0      0     50     15 
    0    407     45     44     84     43      0      0      0      0   3201   1980      0      0 130141 130142      0      0      0      0     55     14 
    0    397     45     46     84     43      0      0      0      0   3201   1980      0      0 130141 130142      0      0      0      0     59     15 
    0    344     49     46     84     45      0      0      0      0   3201   1980      0      0 130141 130142      0      0      0      0     58     14 
    0    353     42     41      2      1      0      0      0      0   3201   1980      0      0 130141 130142      0      0      0      0     56     15 
    0    412     45     46     82     44      0      0      0      0   3201   1980      0      0 130141 130142      0      0      0      0     50     14 
    0    415     45     43     84     43      0      0      0      0   3201   1980      0      0 130141 130142      0      0      0      0     50     15 
    0    214     41     39      0      0      0      0      0      0   3201   1980      0      0 130141 130142      0      0      0      0      0      2 
    0    391     45     44     83     43      0      0      0      0   3201   1980      0      0 130141 130142      0      0      0      0     59     15 
    0    410     48     44     84     41      0      0      0      0   3201   1980      0      0 130141 130142      0      0      0      0     68     15 
    0    407     46     46     84     40      0      0      0      0   3201   1980      0      0 130141 130142      0      0      0      0     68     15 
    0    411     47     44     83     42      0      0      0      0   3201   1980      0      0 130141 130142      0      0      0      0     59     14 
    0    406     46     47     82     43      0      0      0      0   3201   1980      0      0 130141 130142      0      0      0      0     59     14 
    0    406     46     44     84     43      0      0      0      0   3201   1980      0      0 130141 130142      0      0      0      0     58     14 
    0    317     45     43     83     44      0      0      0      0   3201   1980      0      0 130141 130142      0      0      0      0     59     14 
    0    406     46     47     83     44      0      0      0      0   3201   1980      0      0 130141 130142      0      0      0      0     34      0 
    0    330     46     47     83     45      0      0      0      0   3201   1980      0      0 130141 130142      0      0      0      0     50     14 
    0    400     46     45     82     41      0      0      0      0   3201   1980      0      0 130141 130142      0      0      0      0     59     14 
    0    285     41     40      0      0      0      0      0      0   3201   1980      0      0 130141 130142      0      0      0      0     50     14 
    0    420     46     45     82     44      0      0      0      0   3201   1980      0      0 130141 130142      0      0      0      0     49     14 
    0    235     41     40      0      0      0      0      0      0   3201   1980      0      0 130141 130142      0      0      0      0      0      0 
    0    136     40     39      0      0      0      0      0      0   3201   1980      0      0 130141 130142      0      0      0      0      0      0 
    0    168     43     43     45     22      0      0      0      0   3201   1980      0      0 130141 130142      0      0      0      0     59     14 
    0    343     44     43      0      0      0      0      0      0   3201   1980      0      0 130141 130142      0      0      0      0     60     15 
# gpu    pwr  gtemp  mtemp     sm    mem    enc    dec    jpg    ofa   mclk   pclk  pviol  tviol     fb   bar1   ccpm  sbecc  dbecc    pci  rxpci  txpci 
# Idx      W      C      C      %      %      %      %      %      %    MHz    MHz      %   bool     MB     MB     MB   errs   errs   errs   MB/s   MB/s 
    0    407     45     46     83     41      0      0      0      0   3201   1980      0      0 130141 130142      0      0      0      0     58     14 
    0    378     45     46     83     44      0      0      0      0   3201   1980      0      0 130141 130142      0      0      0      0     50     14 
    0    402     49     46     84     40      0      0      0      0   3201   1980      0      0 130141 130142      0      0      0      0     69     15 
    0    408     45     44     84     41      0      0      0      0   3201   1980      0      0 130141 130142      0      0      0      0     59     14 
    0    410     46     47     84     45      0      0      0      0   3201   1980      0      0 130141 130142      0      0      0      0     49     15 
    0    347     45     45     84     45      0      0      0      0   3201   1980      0      0 130141 130142      0      0      0      0     52     14 
    0    176     40     39      0      0      0      0      0      0   3201   1980      0      0 130141 130142      0      0      0      0      0      1 
    0    349     42     42     84     45      0      0      0      0   3201   1980      0      0 130141 130142      0      0      0      0      0      0 
    0    370     45     46     84     41      0      0      0      0   3201   1980      0      0 130141 130142      0      0      0      0     58     15 
    0    415     45     45     83     41      0      0      0      0   3201   1980      0      0 130141 130142      0      0      0      0     76     15 
    0    412     46     46     82     41      0      0      0      0   3201   1980      0      0 130141 130142      0      0      0      0     69     16 
    0    273     44     43      0      0      0      0      0      0   3201   1980      0      0 130141 130142      0      0      0      0     49     14 
    0    419     45     46     83     41      0      0      0      0   3201   1980      0      0 130141 130142      0      0      0      0     62     16 
    0    414     46     45     83     42      0      0      0      0   3201   1980      0      0 130141 130142      0      0      0      0     57     14 
    0    255     41     40      0      0      0      0      0      0   3201   1980      0      0 130141 130142      0      0      0      0     50     15 
    0    412     45     46     84     41      0      0      0      0   3201   1980      0      0 130141 130142      0      0      0      0     58     14 
    0    408     46     46     83     44      0      0      0      0   3201   1980      0      0 130141 130142      0      0      0      0     65     16 
    0    409     46     47     84     41      0      0      0      0   3201   1980      0      0 130141 130142      0      0      0      0     63     15 
    0    244     44     43     22     10      0      0      0      0   3201   1980      0      0 130141 130142      0      0      0      0     50     14 
    0    421     46     47     83     44      0      0      0      0   3201   1980      0      0 130141 130142      0      0      0      0     69     15 
    0    413     46     43     83     42      0      0      0      0   3201   1980      0      0 130141 130142      0      0      0      0     50     14 
    0    190     41     39      0      0      0      0      0      0   3201   1980      0      0 130141 130142      0      0      0      0      0      0 
