# gpu    pwr  gtemp  mtemp     sm    mem    enc    dec    jpg    ofa   mclk   pclk  pviol  tviol     fb   bar1   ccpm  sbecc  dbecc    pci  rxpci  txpci 
# Idx      W      C      C      %      %      %      %      %      %    MHz    MHz      %   bool     MB     MB     MB   errs   errs   errs   MB/s   MB/s 
    0    154     43     43      6      3      0      0      0      0   3201   1980      0      0 130135 130136      0      0      0      0      0      0 
    0    139     40     38      0      0      0      0      0      0   3201   1980      0      0 130135 130136      0      0      0      0      0      1 
    0    136     40     38      0      0      0      0      0      0   3201   1980      0      0 130135 130136      0      0      0      0      0      0 
    0    136     40     38      0      0      0      0      0      0   3201   1980      0      0 130135 130136      0      0      0      0      0      1 
    0    136     40     38      0      0      0      0      0      0   3201   1980      0      0 130135 130136      0      0      0      0      0      0 
    0    136     40     38      0      0      0      0      0      0   3201   1980      0      0 130135 130136      0      0      0      0      0      1 
    0    136     40     38      0      0      0      0      0      0   3201   1980      0      0 130135 130136      0      0      0      0      0      0 
    0    136     40     38      0      0      0      0      0      0   3201   1980      0      0 130135 130136      0      0      0      0      0      1 
    0    136     40     38      0      0      0      0      0      0   3201   1980      0      0 130135 130136      0      0      0      0      0      0 
    0    136     40     38      0      0      0      0      0      0   3201   1980      0      0 130135 130136      0      0      0      0      0      1 
    0    136     40     38      0      0      0      0      0      0   3201   1980      0      0 130135 130136      0      0      0      0      0      0 
    0    136     40     38      0      0      0      0      0      0   3201   1980      0      0 130135 130136      0      0      0      0      0      0 
    0    136     40     38      0      0      0      0      0      0   3201   1980      0      0 130135 130136      0      0      0      0      0      0 
    0    366     45     43     82     41      0      0      0      0   3201   1980      0      0 130141 130142      0      0      0      0     58     14 
    0    395     46     44     82     40      0      0      0      0   3201   1980      0      0 130141 130142      0      0      0      0     75     16 
    0    400     47     46     83     41      0      0      0      0   3201   1980      0      0 130141 130142      0      0      0      0     84     17 
    0    401     47     47     83     41      0      0      0      0   3201   1980      0      0 130141 130142      0      0      0      0     69     14 
    0    403     47     48     84     45      0      0      0      0   3201   1980      0      0 130141 130142      0      0      0      0     52     14 
    0    402     47     48     81     41      0      0      0      0   3201   1980      0      0 130141 130142      0      0      0      0     59     14 
    0    396     48     48     83     41      0      0      0      0   3201   1980      0      0 130141 130142      0      0      0      0     87     16 
    0    401     48     46     83     41      0      0      0      0   3201   1980      0      0 130141 130142      0      0      0      0     69     15 
    0    400     48     48     82     40      0      0      0      0   3201   1980      0      0 130141 130142      0      0      0      0     85     16 
    0    403     48     49     83     41      0      0      0      0   3201   1980      0      0 130141 130142      0      0      0      0     83     17 
    0    400     49     49     83     42      0      0      0      0   3201   1980      0      0 130141 130142      0      0      0      0     69     15 
    0    396     48     49     83     42      0      0      0      0   3201   1980      0      0 130141 130142      0      0      0      0     49     14 
    0    411     49     50     83     42      0      0      0      0   3201   1980      0      0 130141 130142      0      0      0      0     49     14 
    0    412     49     49     82     41      0      0      0      0   3201   1980      0      0 130141 130142      0      0      0      0     68     15 
    0    399     49     50     82     40      0      0      0      0   3201   1980      0      0 130141 130142      0      0      0      0     76     15 
    0    402     49     49     82     40      0      0      0      0   3201   1980      0      0 130141 130142      0      0      0      0     69     15 
    0    401     49     47     84     41      0      0      0      0   3201   1980      0      0 130141 130142      0      0      0      0    101     15 
    0    401     49     49     83     41      0      0      0      0   3201   1980      0      0 130141 130142      0      0      0      0     67     15 
    0    406     50     47     83     40      0      0      0      0   3201   1980      0      0 130141 130142      0      0      0      0     88     18 
    0    406     50     50     83     40      0      0      0      0   3201   1980      0      0 130141 130142      0      0      0      0     83     17 
    0    405     50     50     83     40      0      0      0      0   3201   1980      0      0 130141 130142      0      0      0      0     68     15 
    0    398     50     50     83     41      0      0      0      0   3201   1980      0      0 130141 130142      0      0      0      0     62     14 
    0    400     50     50     83     40      0      0      0      0   3201   1980      0      0 130141 130142      0      0      0      0     75     16 
    0    406     50     49     83     40      0      0      0      0   3201   1980      0      0 130141 130142      0      0      0      0     81     18 
    0    410     50     49     82     40      0      0      0      0   3201   1980      0      0 130141 130142      0      0      0      0    100     17 
    0    414     50     48     82     42      0      0      0      0   3201   1980      0      0 130141 130142      0      0      0      0    103     18 
    0    404     50     50     83     41      0      0      0      0   3201   1980      0      0 130141 130142      0      0      0      0     66     15 
    0    392     49     50     45     24      0      0      0      0   3201   1980      0      0 130141 130142      0      0      0      0     75     16 
    0    402     50     50     83     40      0      0      0      0   3201   1980      0      0 130141 130142      0      0      0      0     88     18 
    0    419     50     50     82     40      0      0      0      0   3201   1980      0      0 130141 130142      0      0      0      0    126     20 
    0    419     50     50     82     42      0      0      0      0   3201   1980      0      0 130141 130142      0      0      0      0    106     17 
# gpu    pwr  gtemp  mtemp     sm    mem    enc    dec    jpg    ofa   mclk   pclk  pviol  tviol     fb   bar1   ccpm  sbecc  dbecc    pci  rxpci  txpci 
# Idx      W      C      C      %      %      %      %      %      %    MHz    MHz      %   bool     MB     MB     MB   errs   errs   errs   MB/s   MB/s 
    0    414     50     50     83     41      0      0      0      0   3201   1980      0      0 130141 130142      0      0      0      0     83     18 
    0    401     50     50     83     41      0      0      0      0   3201   1980      0      0 130141 130142      0      0      0      0     75     15 
    0    399     50     50     83     41      0      0      0      0   3201   1980      0      0 130141 130142      0      0      0      0     59     15 
    0    394     49     48     83     42      0      0      0      0   3201   1980      0      0 130141 130142      0      0      0      0     59     14 
    0    401     50     49     83     42      0      0      0      0   3201   1980      0      0 130141 130142      0      0      0      0     57     15 
    0    401     49     50     83     42      0      0      0      0   3201   1980      0      0 130141 130142      0      0      0      0     68     15 
    0    414     50     50     82     42      0      0      0      0   3201   1980      0      0 130141 130142      0      0      0      0    116     18 
    0    419     50     48     82     41      0      0      0      0   3201   1980      0      0 130141 130142      0      0      0      0    126     18 
    0    414     50     48     81     40      0      0      0      0   3201   1980      0      0 130141 130142      0      0      0      0     99     17 
    0    407     50     49     83     40      0      0      0      0   3201   1980      0      0 130141 130142      0      0      0      0     84     17 
    0    403     49     50     83     40      0      0      0      0   3201   1980      0      0 130141 130142      0      0      0      0     85     16 
    0    405     50     48     83     40      0      0      0      0   3201   1980      0      0 130141 130142      0      0      0      0     86     17 
    0    411     50     50     83     41      0      0      0      0   3201   1980      0      0 130141 130142      0      0      0      0    103     18 
    0    409     49     48     82     42      0      0      0      0   3201   1980      0      0 130141 130142      0      0      0      0     94     16 
    0    407     49     50     83     41      0      0      0      0   3201   1980      0      0 130141 130142      0      0      0      0     76     17 
    0    402     49     48     83     41      0      0      0      0   3201   1980      0      0 130141 130142      0      0      0      0     52     15 
    0    399     49     50     82     40      0      0      0      0   3201   1980      0      0 130141 130142      0      0      0      0     81     16 
    0    404     49     48     83     40      0      0      0      0   3201   1980      0      0 130141 130142      0      0      0      0     93     16 
    0    403     49     50     84     41      0      0      0      0   3201   1980      0      0 130141 130142      0      0      0      0     72     17 
    0    398     49     49     83     42      0      0      0      0   3201   1980      0      0 130141 130142      0      0      0      0     55     14 
    0    397     49     49     84     41      0      0      0      0   3201   1980      0      0 130141 130142      0      0      0      0     86     17 
    0    401     49     49     83     41      0      0      0      0   3201   1980      0      0 130141 130142      0      0      0      0     68     17 
    0    402     49     49     84     41      0      0      0      0   3201   1980      0      0 130141 130142      0      0      0      0     62     16 
    0    399     49     48     83     41      0      0      0      0   3201   1980      0      0 130141 130142      0      0      0      0     67     15 
    0    395     49     47     83     41      0      0      0      0   3201   1980      0      0 130141 130142      0      0      0      0     69     16 
    0    399     48     47     83     40      0      0      0      0   3201   1980      0      0 130141 130142      0      0      0      0     69     15 
    0    399     48     48     84     41      0      0      0      0   3201   1980      0      0 130141 130142      0      0      0      0     67     15 
    0    398     48     47     83     40      0      0      0      0   3201   1980      0      0 130141 130142      0      0      0      0     59     14 
    0    396     48     49     83     40      0      0      0      0   3201   1980      0      0 130141 130142      0      0      0      0     92     17 
    0    404     48     49     83     41      0      0      0      0   3201   1980      0      0 130141 130142      0      0      0      0    102     17 
    0    414     49     48     82     42      0      0      0      0   3201   1980      0      0 130141 130142      0      0      0      0     96     17 
    0    409     49     46     82     41      0      0      0      0   3201   1980      0      0 130141 130142      0      0      0      0    101     17 
    0    404     49     47     83     41      0      0      0      0   3201   1980      0      0 130141 130142      0      0      0      0     74     16 
    0    404     48     47     83     41      0      0      0      0   3201   1980      0      0 130141 130142      0      0      0      0     76     15 
    0    401     48     49     83     40      0      0      0      0   3201   1980      0      0 130141 130142      0      0      0      0     84     15 
    0    398     48     47     83     41      0      0      0      0   3201   1980      0      0 130141 130142      0      0      0      0     74     15 
    0    398     48     48     83     40      0      0      0      0   3201   1980      0      0 130141 130142      0      0      0      0     58     14 
    0    397     48     48     83     41      0      0      0      0   3201   1980      0      0 130141 130142      0      0      0      0     68     15 
    0    398     48     47     83     41      0      0      0      0   3201   1980      0      0 130141 130142      0      0      0      0     61     15 
    0    392     48     49     83     42      0      0      0      0   3201   1980      0      0 130141 130142      0      0      0      0     56     14 
    0    404     48     48     83     44      0      0      0      0   3201   1980      0      0 130141 130142      0      0      0      0     50     14 
    0    187     43     41      0      0      0      0      0      0   3201   1980      0      0 130141 130142      0      0      0      0      0      0 
    0    291     47     44     83     42      0      0      0      0   3201   1980      0      0 130141 130142      0      0      0      0     58     14 
    0    396     47     47     83     41      0      0      0      0   3201   1980      0      0 130141 130142      0      0      0      0     83     17 
# gpu    pwr  gtemp  mtemp     sm    mem    enc    dec    jpg    ofa   mclk   pclk  pviol  tviol     fb   bar1   ccpm  sbecc  dbecc    pci  rxpci  txpci 
# Idx      W      C      C      %      %      %      %      %      %    MHz    MHz      %   bool     MB     MB     MB   errs   errs   errs   MB/s   MB/s 
    0    400     47     46     83     41      0      0      0      0   3201   1980      0      0 130141 130142      0      0      0      0     75     16 
    0    401     47     46     83     41      0      0      0      0   3201   1980      0      0 130141 130142      0      0      0      0     68     15 
    0    401     48     48     83     41      0      0      0      0   3201   1980      0      0 130141 130142      0      0      0      0     91     16 
    0    404     48     47     81     40      0      0      0      0   3201   1980      0      0 130141 130142      0      0      0      0     83     17 
    0    404     48     46     84     41      0      0      0      0   3201   1980      0      0 130141 130142      0      0      0      0     74     15 
    0    395     47     46     83     42      0      0      0      0   3201   1980      0      0 130141 130142      0      0      0      0     57     14 
    0    414     47     47     83     42      0      0      0      0   3201   1980      0      0 130141 130142      0      0      0      0     49     14 
    0    415     48     47     84     41      0      0      0      0   3201   1980      0      0 130141 130142      0      0      0      0     67     16 
    0    401     48     46     83     40      0      0      0      0   3201   1980      0      0 130141 130142      0      0      0      0    101     17 
    0    417     48     48     82     41      0      0      0      0   3201   1980      0      0 130141 130142      0      0      0      0    100     17 
    0    413     48     48     84     40      0      0      0      0   3201   1980      0      0 130141 130142      0      0      0      0     87     17 
    0    401     47     46     83     41      0      0      0      0   3201   1980      0      0 130141 130142      0      0      0      0     74     16 
    0    402     48     48     83     41      0      0      0      0   3201   1980      0      0 130141 130142      0      0      0      0     90     17 
    0    405     48     46     83     41      0      0      0      0   3201   1980      0      0 130141 130142      0      0      0      0     93     17 
    0    399     47     47     83     40      0      0      0      0   3201   1980      0      0 130141 130142      0      0      0      0     67     15 
    0    400     47     46     83     41      0      0      0      0   3201   1980      0      0 130141 130142      0      0      0      0     74     16 
    0    403     48     48     83     40      0      0      0      0   3201   1980      0      0 130141 130142      0      0      0      0     99     17 
    0    403     48     47     83     41      0      0      0      0   3201   1980      0      0 130141 130142      0      0      0      0     75     17 
    0    400     47     46     83     41      0      0      0      0   3201   1980      0      0 130141 130142      0      0      0      0     66     16 
    0    400     47     48     83     40      0      0      0      0   3201   1980      0      0 130141 130142      0      0      0      0    103     17 
    0    402     47     48     83     41      0      0      0      0   3201   1980      0      0 130141 130142      0      0      0      0     92     16 
    0    402     47     48     84     41      0      0      0      0   3201   1980      0      0 130141 130142      0      0      0      0     52     14 
    0    167     42     41      0      0      0      0      0      0   3201   1980      0      0 130141 130142      0      0      0      0      0      0 
