# gpu    pwr  gtemp  mtemp     sm    mem    enc    dec    jpg    ofa   mclk   pclk  pviol  tviol     fb   bar1   ccpm  sbecc  dbecc    pci  rxpci  txpci 
# Idx      W      C      C      %      %      %      %      %      %    MHz    MHz      %   bool     MB     MB     MB   errs   errs   errs   MB/s   MB/s 
    0    134     37     34      0      0      0      0      0      0   3201   1980      0      0 130135 130136      0      0      0      0      0      1 
    0    132     36     34      0      0      0      0      0      0   3201   1980      0      0 130135 130136      0      0      0      0      0      0 
    0    132     36     34      0      0      0      0      0      0   3201   1980      0      0 130135 130136      0      0      0      0      0      1 
    0    132     36     34      0      0      0      0      0      0   3201   1980      0      0 130135 130136      0      0      0      0      0      0 
    0    132     36     34      0      0      0      0      0      0   3201   1980      0      0 130135 130136      0      0      0      0      0      1 
    0    132     36     34      0      0      0      0      0      0   3201   1980      0      0 130135 130136      0      0      0      0      0      0 
    0    131     36     34      0      0      0      0      0      0   3201   1980      0      0 130135 130136      0      0      0      0      0      0 
    0    131     36     34      0      0      0      0      0      0   3201   1980      0      0 130135 130136      0      0      0      0      0      0 
    0    131     36     34      0      0      0      0      0      0   3201   1980      0      0 130135 130136      0      0      0      0      0      0 
    0    131     35     33      0      0      0      0      0      0   3201   1980      0      0 130135 130136      0      0      0      0      0     15 
    0    131     35     34      0      0      0      0      0      0   3201   1980      0      0 130135 130136      0      0      0      0      0      1 
    0    131     35     33      0      0      0      0      0      0   3201   1980      0      0 130135 130136      0      0      0      0      0      0 
    0    131     35     33      0      0      0      0      0      0   3201   1980      0      0 130135 130136      0      0      0      0      0      0 
    0    273     38     38     83     44      0      0      0      0   3201   1980      0      0 130139 130140      0      0      0      0     18     14 
    0    395     41     43     84     45      0      0      0      0   3201   1980      0      0 130141 130142      0      0      0      0     49     14 
    0    406     42     41     83     45      0      0      0      0   3201   1980      0      0 130141 130142      0      0      0      0     59     14 
    0    247     37     36      0      0      0      0      0      0   3201   1980      0      0 130141 130142      0      0      0      0     50     14 
    0    271     37     36      0      0      0      0      0      0   3201   1980      0      0 130141 130142      0      0      0      0      0      0 
    0    241     41     42     82     43      0      0      0      0   3201   1980      0      0 130141 130142      0      0      0      0     59     14 
    0    330     41     41     83     45      0      0      0      0   3201   1980      0      0 130141 130142      0      0      0      0     59     14 
    0    372     39     39      5      3      0      0      0      0   3201   1980      0      0 130141 130142      0      0      0      0      0      0 
    0    224     41     41     83     41      0      0      0      0   3201   1980      0      0 130141 130142      0      0      0      0     75     15 
    0    314     42     43     83     44      0      0      0      0   3201   1980      0      0 130141 130142      0      0      0      0     40      0 
    0    299     39     38     68     36      0      0      0      0   3201   1980      0      0 130141 130142      0      0      0      0      0      0 
    0    275     39     38      0      0      0      0      0      0   3201   1980      0      0 130141 130142      0      0      0      0      0      0 
    0    133     37     36      0      0      0      0      0      0   3201   1980      0      0 130141 130142      0      0      0      0      0      0 
    0    288     40     40      0      0      0      0      0      0   3201   1980      0      0 130141 130142      0      0      0      0     50     13 
    0    341     39     38     12      6      0      0      0      0   3201   1980      0      0 130141 130142      0      0      0      0     59     14 
    0    395     43     42     84     42      0      0      0      0   3201   1980      0      0 130141 130142      0      0      0      0     49     13 
    0    169     38     37      0      0      0      0      0      0   3201   1980      0      0 130141 130142      0      0      0      0     49     14 
    0    401     43     43     82     39      0      0      0      0   3201   1980      0      0 130141 130142      0      0      0      0     59     13 
    0    347     43     43     83     42      0      0      0      0   3201   1980      0      0 130141 130142      0      0      0      0     50     13 
    0    406     44     44     83     44      0      0      0      0   3201   1980      0      0 130141 130142      0      0      0      0     49     13 
    0    413     44     43     83     44      0      0      0      0   3201   1980      0      0 130141 130142      0      0      0      0     52      0 
    0    155     41     39      0      0      0      0      0      0   3201   1980      0      0 130141 130142      0      0      0      0     51     13 
    0    387     43     44     82     41      0      0      0      0   3201   1980      0      0 130141 130142      0      0      0      0     59     14 
    0    380     43     44     83     42      0      0      0      0   3201   1980      0      0 130141 130142      0      0      0      0     59     14 
    0    390     44     45     82     39      0      0      0      0   3201   1980      0      0 130141 130142      0      0      0      0     62     17 
    0    405     45     43     83     43      0      0      0      0   3201   1980      0      0 130141 130142      0      0      0      0     59     13 
    0    268     40     39      0      0      0      0      0      0   3201   1980      0      0 130141 130142      0      0      0      0      0      1 
    0    134     39     37      0      0      0      0      0      0   3201   1980      0      0 130141 130142      0      0      0      0      0      0 
    0    370     44     44     82     42      0      0      0      0   3201   1980      0      0 130141 130142      0      0      0      0     59     15 
    0    398     44     45     83     41      0      0      0      0   3201   1980      0      0 130141 130142      0      0      0      0     59     14 
    0    406     44     46     83     42      0      0      0      0   3201   1980      0      0 130141 130142      0      0      0      0      0      1 
# gpu    pwr  gtemp  mtemp     sm    mem    enc    dec    jpg    ofa   mclk   pclk  pviol  tviol     fb   bar1   ccpm  sbecc  dbecc    pci  rxpci  txpci 
# Idx      W      C      C      %      %      %      %      %      %    MHz    MHz      %   bool     MB     MB     MB   errs   errs   errs   MB/s   MB/s 
    0    291     41     41     41     22      0      0      0      0   3201   1980      0      0 130141 130142      0      0      0      0      0      0 
    0    288     41     40     20     11      0      0      0      0   3201   1980      0      0 130141 130142      0      0      0      0      0      1 
    0    134     39     37      0      0      0      0      0      0   3201   1980      0      0 130141 130142      0      0      0      0      0      0 
    0    362     43     44     82     44      0      0      0      0   3201   1980      0      0 130141 130142      0      0      0      0      0      1 
    0    134     39     37      0      0      0      0      0      0   3201   1980      0      0 130141 130142      0      0      0      0      0      0 
    0    337     43     43     83     44      0      0      0      0   3201   1980      0      0 130141 130142      0      0      0      0     51     14 
    0    364     44     44     82     37      0      0      0      0   3201   1980      0      0 130141 130142      0      0      0      0    110     16 
    0    387     44     44     83     42      0      0      0      0   3201   1980      0      0 130141 130142      0      0      0      0     49     14 
    0    405     44     45     83     41      0      0      0      0   3201   1980      0      0 130141 130142      0      0      0      0     57     14 
    0    347     41     40      0      0      0      0      0      0   3201   1980      0      0 130141 130142      0      0      0      0      0      1 
    0    266     43     44     82     42      0      0      0      0   3201   1980      0      0 130141 130142      0      0      0      0     50     14 
    0    364     44     40     83     44      0      0      0      0   3201   1980      0      0 130141 130142      0      0      0      0     49     15 
    0    400     44     45     83     42      0      0      0      0   3201   1980      0      0 130141 130142      0      0      0      0     59     14 
    0    306     44     43     83     42      0      0      0      0   3201   1980      0      0 130141 130142      0      0      0      0     53     15 
    0    370     44     43     31     15      0      0      0      0   3201   1980      0      0 130141 130142      0      0      0      0     49     14 
    0    229     40     38      0      0      0      0      0      0   3201   1980      0      0 130141 130142      0      0      0      0      0      1 
    0    302     44     43     83     43      0      0      0      0   3201   1980      0      0 130141 130142      0      0      0      0     59     14 
    0    409     47     44     83     42      0      0      0      0   3201   1980      0      0 130141 130142      0      0      0      0     59     15 
    0    248     40     39      0      0      0      0      0      0   3201   1980      0      0 130141 130142      0      0      0      0      0      0 
    0    292     44     44     84     42      0      0      0      0   3201   1980      0      0 130141 130142      0      0      0      0     50     14 
    0    293     44     43     82     44      0      0      0      0   3201   1980      0      0 130141 130142      0      0      0      0     50     13 
    0    353     42     41     30     16      0      0      0      0   3201   1980      0      0 130141 130142      0      0      0      0      0      0 
    0    343     42     41     82     44      0      0      0      0   3201   1980      0      0 130141 130142      0      0      0      0      0      0 
    0    288     44     45     83     44      0      0      0      0   3201   1980      0      0 130141 130142      0      0      0      0     49     14 
    0    254     43     43     57     29      0      0      0      0   3201   1980      0      0 130141 130142      0      0      0      0     50     14 
    0    388     44     44     83     45      0      0      0      0   3201   1980      0      0 130141 130142      0      0      0      0      0      0 
    0    372     45     44     82     44      0      0      0      0   3201   1980      0      0 130141 130142      0      0      0      0      0      0 
    0    142     43     37      0      0      0      0      0      0   3201   1980      0      0 130141 130142      0      0      0      0     49     13 
    0    409     44     43     82     41      0      0      0      0   3201   1980      0      0 130141 130142      0      0      0      0     51     13 
    0    409     45     44     78     40      0      0      0      0   3201   1980      0      0 130141 130142      0      0      0      0     87     15 
    0    413     45     46     83     40      0      0      0      0   3201   1980      0      0 130141 130142      0      0      0      0     69     15 
    0    405     45     44     83     44      0      0      0      0   3201   1980      0      0 130141 130142      0      0      0      0     50     13 
    0    412     45     45     62     32      0      0      0      0   3201   1980      0      0 130141 130142      0      0      0      0     50     14 
    0    403     45     45     83     45      0      0      0      0   3201   1980      0      0 130141 130142      0      0      0      0     49      3 
    0    244     45     45     84     45      0      0      0      0   3201   1980      0      0 130141 130142      0      0      0      0     59     14 
    0    312     41     40      0      0      0      0      0      0   3201   1980      0      0 130141 130142      0      0      0      0      0      0 
    0    277     41     40     18      9      0      0      0      0   3201   1980      0      0 130141 130142      0      0      0      0     56     14 
    0    374     44     44     82     42      0      0      0      0   3201   1980      0      0 130141 130142      0      0      0      0     58     14 
    0    204     42     39      0      0      0      0      0      0   3201   1980      0      0 130141 130142      0      0      0      0     51     13 
    0    380     45     46     84     45      0      0      0      0   3201   1980      0      0 130141 130142      0      0      0      0      0      0 
    0    136     40     38      0      0      0      0      0      0   3201   1980      0      0 130141 130142      0      0      0      0      0      1 
    0    135     39     37      0      0      0      0      0      0   3201   1980      0      0 130141 130142      0      0      0      0      0      0 
    0    188     42     41     82     41      0      0      0      0   3201   1980      0      0 130141 130142      0      0      0      0     59     15 
    0    273     43     43     14      6      0      0      0      0   3201   1980      0      0 130141 130142      0      0      0      0     59     14 
# gpu    pwr  gtemp  mtemp     sm    mem    enc    dec    jpg    ofa   mclk   pclk  pviol  tviol     fb   bar1   ccpm  sbecc  dbecc    pci  rxpci  txpci 
# Idx      W      C      C      %      %      %      %      %      %    MHz    MHz      %   bool     MB     MB     MB   errs   errs   errs   MB/s   MB/s 
    0    394     44     44     83     42      0      0      0      0   3201   1980      0      0 130141 130142      0      0      0      0      0      1 
    0    275     41     40      0      0      0      0      0      0   3201   1980      0      0 130141 130142      0      0      0      0      0      0 
    0    376     45     45     82     38      0      0      0      0   3201   1980      0      0 130141 130142      0      0      0      0     68     16 
    0    385     45     46     84     42      0      0      0      0   3201   1980      0      0 130141 130142      0      0      0      0     52     14 
    0    337     42     41     83     44      0      0      0      0   3201   1980      0      0 130141 130142      0      0      0      0      0      1 
    0    278     41     40      0      0      0      0      0      0   3201   1980      0      0 130141 130142      0      0      0      0      0      0 
    0    135     39     38      0      0      0      0      0      0   3201   1980      0      0 130141 130142      0      0      0      0      0      1 
    0    275     40     38      0      0      0      0      0      0   3201   1980      0      0 130141 130142      0      0      0      0     30     17 
    0    367     43     43     56     30      0      0      0      0   3201   1980      0      0 130141 130142      0      0      0      0     59     15 
    0    401     44     44     83     41      0      0      0      0   3201   1980      0      0 130141 130142      0      0      0      0      0      0 
    0    337     44     45     82     42      0      0      0      0   3201   1980      0      0 130141 130142      0      0      0      0     49     15 
    0    198     43     41      3      1      0      0      0      0   3201   1980      0      0 130141 130142      0      0      0      0     50     14 
    0    379     44     45     83     41      0      0      0      0   3201   1980      0      0 130141 130142      0      0      0      0     55     14 
    0    406     45     46     83     42      0      0      0      0   3201   1980      0      0 130141 130142      0      0      0      0     49     12 
    0    185     42     43     23     11      0      0      0      0   3201   1980      0      0 130141 130142      0      0      0      0     52     13 
    0    413     45     43     83     43      0      0      0      0   3201   1980      0      0 130141 130142      0      0      0      0     49     14 
    0    379     44     43     33     16      0      0      0      0   3201   1980      0      0 130141 130142      0      0      0      0     59     14 
    0    401     45     46     83     41      0      0      0      0   3201   1980      0      0 130141 130142      0      0      0      0      0      0 
    0    183     43     43     84     43      0      0      0      0   3201   1980      0      0 130141 130142      0      0      0      0     50     14 
    0    367     44     43     82     41      0      0      0      0   3201   1980      0      0 130141 130142      0      0      0      0     59     17 
    0    379     42     42     83     44      0      0      0      0   3201   1980      0      0 130141 130142      0      0      0      0      0      0 
