# gpu    pwr  gtemp  mtemp     sm    mem    enc    dec    jpg    ofa   mclk   pclk  pviol  tviol     fb   bar1   ccpm  sbecc  dbecc    pci  rxpci  txpci 
# Idx      W      C      C      %      %      %      %      %      %    MHz    MHz      %   bool     MB     MB     MB   errs   errs   errs   MB/s   MB/s 
    0    137     36     34      0      0      0      0      0      0   3201   1980      0      0 130135 130136      0      0      0      0      0      1 
    0    132     36     34      0      0      0      0      0      0   3201   1980      0      0 130135 130136      0      0      0      0      0      0 
    0    132     36     34      0      0      0      0      0      0   3201   1980      0      0 130135 130136      0      0      0      0      0      1 
    0    132     36     34      0      0      0      0      0      0   3201   1980      0      0 130135 130136      0      0      0      0      0      0 
    0    132     36     34      0      0      0      0      0      0   3201   1980      0      0 130135 130136      0      0      0      0      0      1 
    0    132     36     34      0      0      0      0      0      0   3201   1980      0      0 130135 130136      0      0      0      0      0      0 
    0    132     35     33      0      0      0      0      0      0   3201   1980      0      0 130135 130136      0      0      0      0      0      1 
    0    131     35     34      0      0      0      0      0      0   3201   1980      0      0 130135 130136      0      0      0      0      0      0 
    0    131     35     34      0      0      0      0      0      0   3201   1980      0      0 130135 130136      0      0      0      0      0      0 
    0    131     35     34      0      0      0      0      0      0   3201   1980      0      0 130135 130136      0      0      0      0      0      0 
    0    131     35     33      0      0      0      0      0      0   3201   1980      0      0 130135 130136      0      0      0      0      0      0 
    0    131     35     33      0      0      0      0      0      0   3201   1980      0      0 130135 130136      0      0      0      0      0      0 
    0    131     35     34      0      0      0      0      0      0   3201   1980      0      0 130135 130136      0      0      0      0      0      0 
    0    337     40     39     83     42      0      0      0      0   3201   1980      0      0 130141 130142      0      0      0      0     69     15 
    0    388     41     41     84     44      0      0      0      0   3201   1980      0      0 130141 130142      0      0      0      0     49     14 
    0    317     41     42     40     20      0      0      0      0   3201   1980      0      0 130141 130142      0      0      0      0     56     14 
    0    394     42     43     83     42      0      0      0      0   3201   1980      0      0 130141 130142      0      0      0      0     51     13 
    0    377     42     43     83     42      0      0      0      0   3201   1980      0      0 130141 130142      0      0      0      0     50     16 
    0    409     42     45     83     44      0      0      0      0   3201   1980      0      0 130141 130142      0      0      0      0      2      0 
    0    287     44     43     84     45      0      0      0      0   3201   1980      0      0 130141 130142      0      0      0      0     59     14 
    0    395     43     43     83     41      0      0      0      0   3201   1980      0      0 130141 130142      0      0      0      0     59     14 
    0    351     43     42     83     39      0      0      0      0   3201   1980      0      0 130141 130142      0      0      0      0     67     15 
    0    398     43     44     83     39      0      0      0      0   3201   1980      0      0 130141 130142      0      0      0      0     75     14 
    0    352     40     39     29     16      0      0      0      0   3201   1980      0      0 130141 130142      0      0      0      0     50     14 
    0    399     43     44     83     41      0      0      0      0   3201   1980      0      0 130141 130142      0      0      0      0     69     15 
    0    406     44     43     83     40      0      0      0      0   3201   1980      0      0 130141 130142      0      0      0      0     62     15 
    0    245     39     38      0      0      0      0      0      0   3201   1980      0      0 130141 130142      0      0      0      0     65     17 
    0    412     44     43     81     37      0      0      0      0   3201   1980      0      0 130141 130142      0      0      0      0     80     18 
    0    403     44     43     83     42      0      0      0      0   3201   1980      0      0 130141 130142      0      0      0      0     59     17 
    0    303     40     39      0      0      0      0      0      0   3201   1980      0      0 130141 130142      0      0      0      0     52     13 
    0    300     40     39      0      0      0      0      0      0   3201   1980      0      0 130141 130142      0      0      0      0     28     14 
    0    399     45     44     82     38      0      0      0      0   3201   1980      0      0 130141 130142      0      0      0      0     88     10 
    0    412     45     43     82     38      0      0      0      0   3201   1980      0      0 130141 130142      0      0      0      0     93     17 
    0    372     44     44     82     40      0      0      0      0   3201   1980      0      0 130141 130142      0      0      0      0     93     16 
    0    406     45     43     82     37      0      0      0      0   3201   1980      0      0 130141 130142      0      0      0      0     62     15 
    0    403     45     43     84     42      0      0      0      0   3201   1980      0      0 130141 130142      0      0      0      0     54     15 
    0    329     45     43     81     40      0      0      0      0   3201   1980      0      0 130141 130142      0      0      0      0     62     15 
    0    391     45     43     83     42      0      0      0      0   3201   1980      0      0 130141 130142      0      0      0      0      0      1 
    0    386     45     46     83     43      0      0      0      0   3201   1980      0      0 130141 130142      0      0      0      0     59     14 
    0    405     45     43     83     42      0      0      0      0   3201   1980      0      0 130141 130142      0      0      0      0     49     14 
    0    407     45     45     83     44      0      0      0      0   3201   1980      0      0 130141 130142      0      0      0      0     52     14 
    0    405     45     46     84     42      0      0      0      0   3201   1980      0      0 130141 130142      0      0      0      0     50     14 
    0    339     45     45     83     41      0      0      0      0   3201   1980      0      0 130141 130142      0      0      0      0     75     17 
    0    418     46     43     81     37      0      0      0      0   3201   1980      0      0 130141 130142      0      0      0      0     76     15 
# gpu    pwr  gtemp  mtemp     sm    mem    enc    dec    jpg    ofa   mclk   pclk  pviol  tviol     fb   bar1   ccpm  sbecc  dbecc    pci  rxpci  txpci 
# Idx      W      C      C      %      %      %      %      %      %    MHz    MHz      %   bool     MB     MB     MB   errs   errs   errs   MB/s   MB/s 
    0    403     45     44     82     42      0      0      0      0   3201   1980      0      0 130141 130142      0      0      0      0     91     14 
    0    396     46     46     83     42      0      0      0      0   3201   1980      0      0 130141 130142      0      0      0      0     68     15 
    0    403     46     44     83     44      0      0      0      0   3201   1980      0      0 130141 130142      0      0      0      0     49     13 
    0    385     45     44     17      7      0      0      0      0   3201   1980      0      0 130141 130142      0      0      0      0     50     14 
    0    313     42     40      0      0      0      0      0      0   3201   1980      0      0 130141 130142      0      0      0      0      0      0 
    0    185     44     42     84     42      0      0      0      0   3201   1980      0      0 130141 130142      0      0      0      0     59     14 
    0    400     45     46     83     41      0      0      0      0   3201   1980      0      0 130141 130142      0      0      0      0     58     16 
    0    415     46     44     81     38      0      0      0      0   3201   1980      0      0 130141 130142      0      0      0      0     62     15 
    0    408     46     46     83     44      0      0      0      0   3201   1980      0      0 130141 130142      0      0      0      0     82     13 
    0    301     41     40     11      4      0      0      0      0   3201   1980      0      0 130141 130142      0      0      0      0     50     14 
    0    415     46     47     81     37      0      0      0      0   3201   1980      0      0 130141 130142      0      0      0      0     68     17 
    0    411     46     44     83     41      0      0      0      0   3201   1980      0      0 130141 130142      0      0      0      0     64     15 
    0    384     46     46     83     41      0      0      0      0   3201   1980      0      0 130141 130142      0      0      0      0     76     15 
    0    369     45     45     83     44      0      0      0      0   3201   1980      0      0 130141 130142      0      0      0      0     51     17 
    0    404     46     46     82     40      0      0      0      0   3201   1980      0      0 130141 130142      0      0      0      0     88     16 
    0    364     45     44     59     30      0      0      0      0   3201   1980      0      0 130141 130142      0      0      0      0     53     15 
    0    409     46     44     82     41      0      0      0      0   3201   1980      0      0 130141 130142      0      0      0      0     50     13 
