# gpu    pwr  gtemp  mtemp     sm    mem    enc    dec    jpg    ofa   mclk   pclk  pviol  tviol     fb   bar1   ccpm  sbecc  dbecc    pci  rxpci  txpci 
# Idx      W      C      C      %      %      %      %      %      %    MHz    MHz      %   bool     MB     MB     MB   errs   errs   errs   MB/s   MB/s 
    0    132     36     34      0      0      0      0      0      0   3201   1980      0      0 130135 130136      0      0      0      0      0      0 
    0    132     36     34      0      0      0      0      0      0   3201   1980      0      0 130135 130136      0      0      0      0      0      0 
    0    132     36     34      0      0      0      0      0      0   3201   1980      0      0 130135 130136      0      0      0      0      0      0 
    0    132     36     34      0      0      0      0      0      0   3201   1980      0      0 130135 130136      0      0      0      0      0      0 
    0    132     36     34      0      0      0      0      0      0   3201   1980      0      0 130135 130136      0      0      0      0      0      0 
    0    132     36     34      0      0      0      0      0      0   3201   1980      0      0 130135 130136      0      0      0      0      0      0 
    0    132     36     34      0      0      0      0      0      0   3201   1980      0      0 130135 130136      0      0      0      0      0      1 
    0    132     36     34      0      0      0      0      0      0   3201   1980      0      0 130135 130136      0      0      0      0      0      0 
    0    132     36     34      0      0      0      0      0      0   3201   1980      0      0 130135 130136      0      0      0      0      0      1 
    0    132     36     34      0      0      0      0      0      0   3201   1980      0      0 130135 130136      0      0      0      0      0      0 
    0    131     35     34      0      0      0      0      0      0   3201   1980      0      0 130135 130136      0      0      0      0      0      1 
    0    131     35     34      0      0      0      0      0      0   3201   1980      0      0 130135 130136      0      0      0      0      0      0 
    0    131     35     33      0      0      0      0      0      0   3201   1980      0      0 130135 130136      0      0      0      0     59      2 
    0    390     42     41     83     41      0      0      0      0   3201   1980      0      0 130141 130142      0      0      0      0     68     15 
    0    398     41     42     82     39      0      0      0      0   3201   1980      0      0 130141 130142      0      0      0      0     69     16 
    0    402     42     42     82     41      0      0      0      0   3201   1980      0      0 130141 130142      0      0      0      0     55     14 
    0    410     43     43     83     40      0      0      0      0   3201   1980      0      0 130141 130142      0      0      0      0     83     17 
    0    414     43     43     82     39      0      0      0      0   3201   1980      0      0 130141 130142      0      0      0      0     82     16 
    0    412     43     43     82     37      0      0      0      0   3201   1980      0      0 130141 130142      0      0      0      0     80     18 
    0    417     43     43     79     38      0      0      0      0   3201   1980      0      0 130141 130142      0      0      0      0     76     16 
    0    435     44     43     82     41      0      0      0      0   3201   1980      0      0 130141 130142      0      0      0      0     85     17 
    0    400     43     45     82     42      0      0      0      0   3201   1980      0      0 130141 130142      0      0      0      0     59     14 
    0    433     47     45     81     40      0      0      0      0   3201   1980      0      0 130141 130142      0      0      0      0     90     17 
    0    416     45     43     82     42      0      0      0      0   3201   1980      0      0 130141 130142      0      0      0      0    102     18 
    0    420     44     43     82     39      0      0      0      0   3201   1980      0      0 130141 130142      0      0      0      0     96     15 
    0    409     45     43     83     39      0      0      0      0   3201   1980      0      0 130141 130142      0      0      0      0     76     16 
    0    408     44     45     83     42      0      0      0      0   3201   1980      0      0 130141 130142      0      0      0      0     71     17 
    0    405     45     44     83     40      0      0      0      0   3201   1980      0      0 130141 130142      0      0      0      0     81     17 
    0    429     46     43     82     40      0      0      0      0   3201   1980      0      0 130141 130142      0      0      0      0     75     16 
    0    411     45     44     83     41      0      0      0      0   3201   1980      0      0 130141 130142      0      0      0      0     60     14 
    0    402     45     44     83     42      0      0      0      0   3201   1980      0      0 130141 130142      0      0      0      0     52      8 
    0    325     45     43     81     37      0      0      0      0   3201   1980      0      0 130141 130142      0      0      0      0     76     16 
    0    413     45     45     83     41      0      0      0      0   3201   1980      0      0 130141 130142      0      0      0      0     74     16 
    0    416     45     44     83     39      0      0      0      0   3201   1980      0      0 130141 130142      0      0      0      0    113     21 
    0    429     46     46     83     37      0      0      0      0   3201   1980      0      0 130141 130142      0      0      0      0    106     16 
    0    417     45     45     83     41      0      0      0      0   3201   1980      0      0 130141 130142      0      0      0      0    111     17 
    0    420     46     45     83     41      0      0      0      0   3201   1980      0      0 130141 130142      0      0      0      0     80     17 
    0    232     41     39      0      0      0      0      0      0   3201   1980      0      0 130141 130142      0      0      0      0      0      0 
