# gpu    pwr  gtemp  mtemp     sm    mem    enc    dec    jpg    ofa   mclk   pclk  pviol  tviol     fb   bar1   ccpm  sbecc  dbecc    pci  rxpci  txpci 
# Idx      W      C      C      %      %      %      %      %      %    MHz    MHz      %   bool     MB     MB     MB   errs   errs   errs   MB/s   MB/s 
    0    136     40     38      0      0      0      0      0      0   3201   1980      0      0 130135 130136      0      0      0      0      0      0 
    0    136     40     38      0      0      0      0      0      0   3201   1980      0      0 130135 130136      0      0      0      0      0      0 
    0    136     40     38      0      0      0      0      0      0   3201   1980      0      0 130135 130136      0      0      0      0      0      0 
    0    136     40     38      0      0      0      0      0      0   3201   1980      0      0 130135 130136      0      0      0      0      0      0 
    0    136     40     38      0      0      0      0      0      0   3201   1980      0      0 130135 130136      0      0      0      0      0      0 
    0    136     40     38      0      0      0      0      0      0   3201   1980      0      0 130135 130136      0      0      0      0      0      0 
    0    136     40     38      0      0      0      0      0      0   3201   1980      0      0 130135 130136      0      0      0      0      0      0 
    0    136     40     38      0      0      0      0      0      0   3201   1980      0      0 130135 130136      0      0      0      0      0      0 
    0    136     40     38      0      0      0      0      0      0   3201   1980      0      0 130135 130136      0      0      0      0      0      0 
    0    136     40     38      0      0      0      0      0      0   3201   1980      0      0 130135 130136      0      0      0      0      0      0 
    0    136     40     38      0      0      0      0      0      0   3201   1980      0      0 130135 130136      0      0      0      0      0      0 
    0    136     40     38      0      0      0      0      0      0   3201   1980      0      0 130135 130136      0      0      0      0      0      0 
    0    136     40     38      0      0      0      0      0      0   3201   1980      0      0 130135 130136      0      0      0      0      0      1 
    0    137     40     38      0      0      0      0      0      0   3201   1980      0      0 130137 130138      0      0      0      0      1      0 
    0    136     40     38      0      0      0      0      0      0   3201   1980      0      0 130137 130138      0      0      0      0      6      4 
    0    190     43     41      6      2      0      0      0      0   3201   1980      0      0 130139 130140      0      0      0      0    103     17 
    0    251     42     39      0      0      0      0      0      0   3201   1980      0      0 130141 130142      0      0      0      0     49     15 
    0    229     41     39      0      0      0      0      0      0   3201   1980      0      0 130141 130142      0      0      0      0      0      0 
    0    262     45     43     83     42      0      0      0      0   3201   1980      0      0 130141 130142      0      0      0      0     50     15 
    0    333     46     44     83     45      0      0      0      0   3201   1980      0      0 130141 130142      0      0      0      0     53     14 
    0    352     43     42     54     29      0      0      0      0   3201   1980      0      0 130141 130142      0      0      0      0      0      1 
    0    269     46     45     83     41      0      0      0      0   3201   1980      0      0 130141 130142      0      0      0      0     73     15 
    0    312     46     47     83     44      0      0      0      0   3201   1980      0      0 130141 130142      0      0      0      0      0      1 
    0    274     43     41      0      0      0      0      0      0   3201   1980      0      0 130141 130142      0      0      0      0      0      0 
    0    276     43     41      0      0      0      0      0      0   3201   1980      0      0 130141 130142      0      0      0      0      0      0 
    0    137     42     40      0      0      0      0      0      0   3201   1980      0      0 130141 130142      0      0      0      0      0      8 
    0    310     45     46     45     24      0      0      0      0   3201   1980      0      0 130141 130142      0      0      0      0     51     13 
    0    336     46     43      0      0      0      0      0      0   3201   1980      0      0 130141 130142      0      0      0      0     58     14 
    0    395     47     46     82     41      0      0      0      0   3201   1980      0      0 130141 130142      0      0      0      0      0      0 
    0    154     43     41      0      0      0      0      0      0   3201   1980      0      0 130141 130142      0      0      0      0     49     14 
    0    401     47     47     84     42      0      0      0      0   3201   1980      0      0 130141 130142      0      0      0      0     49     13 
    0    349     47     48     83     42      0      0      0      0   3201   1980      0      0 130141 130142      0      0      0      0     51     14 
    0    406     48     47     83     44      0      0      0      0   3201   1980      0      0 130141 130142      0      0      0      0     53     13 
    0    417     48     49     83     44      0      0      0      0   3201   1980      0      0 130141 130142      0      0      0      0      0      0 
    0    167     46     43     16      9      0      0      0      0   3201   1980      0      0 130141 130142      0      0      0      0     52     14 
    0    388     48     45     83     42      0      0      0      0   3201   1980      0      0 130141 130142      0      0      0      0     59     14 
    0    377     48     49     84     42      0      0      0      0   3201   1980      0      0 130141 130142      0      0      0      0      0     13 
    0    385     48     49     83     40      0      0      0      0   3201   1980      0      0 130141 130142      0      0      0      0     73     16 
    0    401     49     47     83     42      0      0      0      0   3201   1980      0      0 130141 130142      0      0      0      0     58     14 
    0    248     44     43      0      0      0      0      0      0   3201   1980      0      0 130141 130142      0      0      0      0      0      0 
    0    139     43     41      0      0      0      0      0      0   3201   1980      0      0 130141 130142      0      0      0      0     49     14 
    0    390     48     49     83     44      0      0      0      0   3201   1980      0      0 130141 130142      0      0      0      0     59     14 
    0    397     48     45     83     42      0      0      0      0   3201   1980      0      0 130141 130142      0      0      0      0     49     14 
    0    404     49     46     64     34      0      0      0      0   3201   1980      0      0 130141 130142      0      0      0      0      0      0 
# gpu    pwr  gtemp  mtemp     sm    mem    enc    dec    jpg    ofa   mclk   pclk  pviol  tviol     fb   bar1   ccpm  sbecc  dbecc    pci  rxpci  txpci 
# Idx      W      C      C      %      %      %      %      %      %    MHz    MHz      %   bool     MB     MB     MB   errs   errs   errs   MB/s   MB/s 
    0    290     46     43      5      2      0      0      0      0   3201   1980      0      0 130141 130142      0      0      0      0      0      0 
    0    286     45     43      0      0      0      0      0      0   3201   1980      0      0 130141 130142      0      0      0      0      0      0 
    0    139     44     42      0      0      0      0      0      0   3201   1980      0      0 130141 130142      0      0      0      0     42     14 
    0    364     46     45      0      0      0      0      0      0   3201   1980      0      0 130141 130142      0      0      0      0      0      0 
    0    139     44     41      0      0      0      0      0      0   3201   1980      0      0 130141 130142      0      0      0      0      0      0 
    0    359     48     47     83     45      0      0      0      0   3201   1980      0      0 130141 130142      0      0      0      0     51     13 
    0    355     49     48     83     40      0      0      0      0   3201   1980      0      0 130141 130142      0      0      0      0     73     34 
    0    385     48     45     83     44      0      0      0      0   3201   1980      0      0 130141 130142      0      0      0      0     51     14 
    0    406     49     48     83     41      0      0      0      0   3201   1980      0      0 130141 130142      0      0      0      0     59     14 
    0    333     45     43      0      0      0      0      0      0   3201   1980      0      0 130141 130142      0      0      0      0      0      0 
    0    287     48     49     83     43      0      0      0      0   3201   1980      0      0 130141 130142      0      0      0      0     49     14 
    0    368     48     48     83     44      0      0      0      0   3201   1980      0      0 130141 130142      0      0      0      0     59     14 
    0    393     49     48     84     42      0      0      0      0   3201   1980      0      0 130141 130142      0      0      0      0     42      5 
    0    296     49     49     83     41      0      0      0      0   3201   1980      0      0 130141 130142      0      0      0      0     50     14 
    0    368     49     49     82     44      0      0      0      0   3201   1980      0      0 130141 130142      0      0      0      0     53     14 
    0    201     45     43      0      0      0      0      0      0   3201   1980      0      0 130141 130142      0      0      0      0      0      0 
    0    325     49     48     82     42      0      0      0      0   3201   1980      0      0 130141 130142      0      0      0      0     50     13 
    0    414     49     47     83     42      0      0      0      0   3201   1980      0      0 130141 130142      0      0      0      0     59     14 
    0    226     45     43      0      0      0      0      0      0   3201   1980      0      0 130141 130142      0      0      0      0      0      0 
    0    321     49     48     83     44      0      0      0      0   3201   1980      0      0 130141 130142      0      0      0      0     54     14 
    0    290     49     49     83     44      0      0      0      0   3201   1980      0      0 130141 130142      0      0      0      0      0      0 
    0    326     46     44      0      0      0      0      0      0   3201   1980      0      0 130141 130142      0      0      0      0      0     11 
    0    347     46     44      0      0      0      0      0      0   3201   1980      0      0 130141 130142      0      0      0      0      0      0 
    0    316     49     50     83     44      0      0      0      0   3201   1980      0      0 130141 130142      0      0      0      0     54     14 
    0    257     48     47     83     44      0      0      0      0   3201   1980      0      0 130141 130142      0      0      0      0     49     14 
    0    360     47     46     72     39      0      0      0      0   3201   1980      0      0 130141 130142      0      0      0      0     48     14 
    0    362     47     44      0      0      0      0      0      0   3201   1980      0      0 130141 130142      0      0      0      0      0      0 
    0    171     47     45     83     44      0      0      0      0   3201   1980      0      0 130141 130142      0      0      0      0     50     14 
    0    406     49     50     83     44      0      0      0      0   3201   1980      0      0 130141 130142      0      0      0      0     59     15 
    0    402     50     49     82     44      0      0      0      0   3201   1980      0      0 130141 130142      0      0      0      0     58     14 
    0    406     50     49     83     40      0      0      0      0   3201   1980      0      0 130141 130142      0      0      0      0     61     15 
    0    409     50     50     83     44      0      0      0      0   3201   1980      0      0 130141 130142      0      0      0      0     53     14 
    0    412     50     51     83     44      0      0      0      0   3201   1980      0      0 130141 130142      0      0      0      0     52     13 
    0    399     50     48     83     44      0      0      0      0   3201   1980      0      0 130141 130142      0      0      0      0      0      0 
    0    265     49     49     83     42      0      0      0      0   3201   1980      0      0 130141 130142      0      0      0      0     64     14 
    0    293     46     43      0      0      0      0      0      0   3201   1980      0      0 130141 130142      0      0      0      0      0      0 
    0    301     47     43      0      0      0      0      0      0   3201   1980      0      0 130141 130142      0      0      0      0     49     14 
    0    377     49     50     83     42      0      0      0      0   3201   1980      0      0 130141 130142      0      0      0      0     33      0 
    0    213     49     48     83     44      0      0      0      0   3201   1980      0      0 130141 130142      0      0      0      0     49     14 
    0    349     48     47      0      0      0      0      0      0   3201   1980      0      0 130141 130142      0      0      0      0      0      0 
    0    140     45     43      0      0      0      0      0      0   3201   1980      0      0 130141 130142      0      0      0      0      0      0 
    0    139     44     42      0      0      0      0      0      0   3201   1980      0      0 130141 130142      0      0      0      0      0      0 
    0    234     48     45     83     42      0      0      0      0   3201   1980      0      0 130141 130142      0      0      0      0     58     14 
    0    272     48     48     83     41      0      0      0      0   3201   1980      0      0 130141 130142      0      0      0      0     59     14 
# gpu    pwr  gtemp  mtemp     sm    mem    enc    dec    jpg    ofa   mclk   pclk  pviol  tviol     fb   bar1   ccpm  sbecc  dbecc    pci  rxpci  txpci 
# Idx      W      C      C      %      %      %      %      %      %    MHz    MHz      %   bool     MB     MB     MB   errs   errs   errs   MB/s   MB/s 
    0    350     46     44     12      7      0      0      0      0   3201   1980      0      0 130141 130142      0      0      0      0      0      0 
    0    277     46     43      0      0      0      0      0      0   3201   1980      0      0 130141 130142      0      0      0      0     56     14 
    0    409     49     49     82     40      0      0      0      0   3201   1980      0      0 130141 130142      0      0      0      0     58     14 
    0    392     50     49     83     44      0      0      0      0   3201   1980      0      0 130141 130142      0      0      0      0     50     13 
    0    288     46     43      0      0      0      0      0      0   3201   1980      0      0 130141 130142      0      0      0      0      0      0 
    0    277     46     43      0      0      0      0      0      0   3201   1980      0      0 130141 130142      0      0      0      0      0      1 
    0    147     44     42     17      9      0      0      0      0   3201   1980      0      0 130141 130142      0      0      0      0     50     14 
    0    284     45     43     30     15      0      0      0      0   3201   1980      0      0 130141 130142      0      0      0      0     58     15 
    0    371     49     49     82     42      0      0      0      0   3201   1980      0      0 130141 130142      0      0      0      0     58     14 
    0    383     49     50     83     41      0      0      0      0   3201   1980      0      0 130141 130142      0      0      0      0      0      1 
    0    370     50     48     40     21      0      0      0      0   3201   1980      0      0 130141 130142      0      0      0      0      0      0 
    0    207     48     46     82     44      0      0      0      0   3201   1980      0      0 130141 130142      0      0      0      0     50     15 
    0    374     49     50     83     42      0      0      0      0   3201   1980      0      0 130141 130142      0      0      0      0     53     13 
    0    401     50     50     83     43      0      0      0      0   3201   1980      0      0 130141 130142      0      0      0      0      0      1 
    0    215     48     47     83     44      0      0      0      0   3201   1980      0      0 130141 130142      0      0      0      0     49     14 
    0    415     50     49     83     44      0      0      0      0   3201   1980      0      0 130141 130142      0      0      0      0     58     15 
    0    369     50     50     83     41      0      0      0      0   3201   1980      0      0 130141 130142      0      0      0      0     55     14 
    0    357     47     45     29     16      0      0      0      0   3201   1980      0      0 130141 130142      0      0      0      0      0      0 
    0    232     49     50     83     45      0      0      0      0   3201   1980      0      0 130141 130142      0      0      0      0     50     14 
    0    363     49     50     83     41      0      0      0      0   3201   1980      0      0 130141 130142      0      0      0      0     73     15 
    0    332     46     44      0      0      0      0      0      0   3201   1980      0      0 130141 130142      0      0      0      0      0      0 
    0    140     45     43      0      0      0      0      0      0   3201   1980      0      0 130141 130142      0      0      0      0      0      0 
    0    139     44     42      0      0      0      0      0      0   3201   1980      0      0 130141 130142      0      0      0      0      0      0 
    0    139     44     42      0      0      0      0      0      0   3201   1980      0      0 130141 130142      0      0      0      0      0      0 
    0    139     44     42      0      0      0      0      0      0   3201   1980      0      0 130141 130142      0      0      0      0      0      0 
    0    139     44     41      0      0      0      0      0      0   3201   1980      0      0 130141 130142      0      0      0      0      0      0 
    0    139     43     41      0      0      0      0      0      0   3201   1980      0      0 130141 130142      0      0      0      0      0      0 
