# gpu    pwr  gtemp  mtemp     sm    mem    enc    dec    jpg    ofa   mclk   pclk  pviol  tviol     fb   bar1   ccpm  sbecc  dbecc    pci  rxpci  txpci 
# Idx      W      C      C      %      %      %      %      %      %    MHz    MHz      %   bool     MB     MB     MB   errs   errs   errs   MB/s   MB/s 
    0    152     41     39     37     21      0      0      0      0   3201   1980      0      0 130135 130136      0      0      0      0      0      0 
    0    137     41     39      0      0      0      0      0      0   3201   1980      0      0 130135 130136      0      0      0      0      0      1 
    0    136     41     39      0      0      0      0      0      0   3201   1980      0      0 130135 130136      0      0      0      0      0      0 
    0    136     41     39      0      0      0      0      0      0   3201   1980      0      0 130135 130136      0      0      0      0      0      1 
    0    136     41     38      0      0      0      0      0      0   3201   1980      0      0 130135 130136      0      0      0      0      0      0 
    0    136     41     38      0      0      0      0      0      0   3201   1980      0      0 130135 130136      0      0      0      0      0      1 
    0    136     41     39      0      0      0      0      0      0   3201   1980      0      0 130135 130136      0      0      0      0      0      0 
    0    136     41     38      0      0      0      0      0      0   3201   1980      0      0 130135 130136      0      0      0      0      0      1 
    0    136     41     38      0      0      0      0      0      0   3201   1980      0      0 130135 130136      0      0      0      0      0      0 
    0    136     41     38      0      0      0      0      0      0   3201   1980      0      0 130135 130136      0      0      0      0      0      1 
    0    136     41     38      0      0      0      0      0      0   3201   1980      0      0 130135 130136      0      0      0      0      0      0 
    0    136     40     38      0      0      0      0      0      0   3201   1980      0      0 130135 130136      0      0      0      0      0      1 
    0    136     40     38      0      0      0      0      0      0   3201   1980      0      0 130135 130136      0      0      0      0      0      0 
    0    174     41     39      0      0      0      0      0      0   3201   1980      0      0 130139 130140      0      0      0      0      0      0 
    0    215     41     39     15      8      0      0      0      0   3201   1980      0      0 130139 130140      0      0      0      0      0      0 
    0    251     44     43      7      2      0      0      0      0   3201   1980      0      0 130139 130140      0      0      0      0      0      0 
    0    183     41     39      0      0      0      0      0      0   3201   1980      0      0 130139 130140      0      0      0      0      0      0 
    0    178     41     39      0      0      0      0      0      0   3201   1980      0      0 130139 130140      0      0      0      0      0      0 
    0    175     44     44     84     44      0      0      0      0   3201   1980      0      0 130139 130140      0      0      0      0     63     13 
    0    214     42     41     52     26      0      0      0      0   3201   1980      0      0 130139 130140      0      0      0      0      0      0 
    0    214     42     40      0      0      0      0      0      0   3201   1980      0      0 130139 130140      0      0      0      0      0      0 
    0    184     45     43     79     32      0      0      0      0   3201   1980      0      0 130141 130142      0      0      0      0      0      1 
    0    175     42     40     81     43      0      0      0      0   3201   1980      0      0 130141 130142      0      0      0      0      0      0 
    0    176     41     40      0      0      0      0      0      0   3201   1980      0      0 130141 130142      0      0      0      0      0      1 
    0    175     41     39      0      0      0      0      0      0   3201   1980      0      0 130141 130142      0      0      0      0      0      0 
    0    137     41     39      0      0      0      0      0      0   3201   1980      0      0 130141 130142      0      0      0      0      0      1 
    0    177     41     39      0      0      0      0      0      0   3201   1980      0      0 130141 130142      0      0      0      0      0      0 
    0    215     41     39      0      0      0      0      0      0   3201   1980      0      0 130141 130142      0      0      0      0      0      1 
    0    261     43     41     12      6      0      0      0      0   3201   1980      0      0 130141 130142      0      0      0      0      0      0 
    0    137     41     39      0      0      0      0      0      0   3201   1980      0      0 130141 130142      0      0      0      0      0      1 
    0    279     46     46     83     44      0      0      0      0   3201   1980      0      0 130141 130142      0      0      0      0     49      9 
    0    201     45     42     30     16      0      0      0      0   3201   1980      0      0 130141 130142      0      0      0      0     51     14 
    0    234     43     42     57     30      0      0      0      0   3201   1980      0      0 130141 130142      0      0      0      0      0      0 
    0    215     43     41     32     17      0      0      0      0   3201   1980      0      0 130141 130142      0      0      0      0      0      0 
    0    137     42     39      0      0      0      0      0      0   3201   1980      0      0 130141 130142      0      0      0      0      0      0 
    0    235     45     43     67     36      0      0      0      0   3201   1980      0      0 130141 130142      0      0      0      0     38      0 
    0    248     45     43     23     10      0      0      0      0   3201   1980      0      0 130141 130142      0      0      0      0      0      0 
    0    205     45     43     64     33      0      0      0      0   3201   1980      0      0 130141 130142      0      0      0      0     79     15 
    0    292     44     43     29     14      0      0      0      0   3201   1980      0      0 130141 130142      0      0      0      0      0      0 
    0    178     42     40      0      0      0      0      0      0   3201   1980      0      0 130141 130142      0      0      0      0      0      1 
    0    137     42     39      0      0      0      0      0      0   3201   1980      0      0 130141 130142      0      0      0      0      0      0 
    0    260     42     41      0      0      0      0      0      0   3201   1980      0      0 130141 130142      0      0      0      0     10     18 
    0    339     44     43     83     43      0      0      0      0   3201   1980      0      0 130141 130142      0      0      0      0      0      0 
    0    277     43     42     60     32      0      0      0      0   3201   1980      0      0 130141 130142      0      0      0      0      0      0 
# gpu    pwr  gtemp  mtemp     sm    mem    enc    dec    jpg    ofa   mclk   pclk  pviol  tviol     fb   bar1   ccpm  sbecc  dbecc    pci  rxpci  txpci 
# Idx      W      C      C      %      %      %      %      %      %    MHz    MHz      %   bool     MB     MB     MB   errs   errs   errs   MB/s   MB/s 
    0    196     43     41      0      0      0      0      0      0   3201   1980      0      0 130141 130142      0      0      0      0      0      0 
    0    194     42     40      0      0      0      0      0      0   3201   1980      0      0 130141 130142      0      0      0      0      0      0 
    0    137     42     40      0      0      0      0      0      0   3201   1980      0      0 130141 130142      0      0      0      0      0      0 
    0    215     42     41      0      0      0      0      0      0   3201   1980      0      0 130141 130142      0      0      0      0      0      0 
    0    137     42     40      0      0      0      0      0      0   3201   1980      0      0 130141 130142      0      0      0      0      0      0 
    0    203     45     43     47     23      0      0      0      0   3201   1980      0      0 130141 130142      0      0      0      0      0      0 
    0    267     45     44     83     43      0      0      0      0   3201   1980      0      0 130141 130142      0      0      0      0     57     14 
    0    272     43     41      0      0      0      0      0      0   3201   1980      0      0 130141 130142      0      0      0      0      0     14 
    0    255     43     42     27     15      0      0      0      0   3201   1980      0      0 130141 130142      0      0      0      0     56     14 
    0    223     43     40      0      0      0      0      0      0   3201   1980      0      0 130141 130142      0      0      0      0      0      0 
    0    212     46     44     33     18      0      0      0      0   3201   1980      0      0 130141 130142      0      0      0      0      0      0 
    0    207     43     40      0      0      0      0      0      0   3201   1980      0      0 130141 130142      0      0      0      0      0      0 
    0    290     46     43      3      1      0      0      0      0   3201   1980      0      0 130141 130142      0      0      0      0      0      0 
    0    184     43     41      0      0      0      0      0      0   3201   1980      0      0 130141 130142      0      0      0      0      0      0 
    0    220     43     41      0      0      0      0      0      0   3201   1980      0      0 130141 130142      0      0      0      0     51     13 
    0    173     42     40      0      0      0      0      0      0   3201   1980      0      0 130141 130142      0      0      0      0      0      0 
    0    216     44     42     75     38      0      0      0      0   3201   1980      0      0 130141 130142      0      0      0      0      0      0 
    0    218     43     41      0      0      0      0      0      0   3201   1980      0      0 130141 130142      0      0      0      0     52     14 
    0    220     42     40      0      0      0      0      0      0   3201   1980      0      0 130141 130142      0      0      0      0      0      0 
    0    211     46     44      0      0      0      0      0      0   3201   1980      0      0 130141 130142      0      0      0      0      0      0 
    0    186     44     43     23     11      0      0      0      0   3201   1980      0      0 130141 130142      0      0      0      0      0      0 
    0    213     43     41      0      0      0      0      0      0   3201   1980      0      0 130141 130142      0      0      0      0      0      0 
    0    222     43     41      0      0      0      0      0      0   3201   1980      0      0 130141 130142      0      0      0      0      0      0 
    0    178     42     40      0      0      0      0      0      0   3201   1980      0      0 130141 130142      0      0      0      0     66     13 
    0    180     42     40      0      0      0      0      0      0   3201   1980      0      0 130141 130142      0      0      0      0      0      0 
    0    220     43     41      0      0      0      0      0      0   3201   1980      0      0 130141 130142      0      0      0      0      0      0 
    0    215     43     41      0      0      0      0      0      0   3201   1980      0      0 130141 130142      0      0      0      0      0      0 
    0    137     42     40      0      0      0      0      0      0   3201   1980      0      0 130141 130142      0      0      0      0      0      0 
    0    245     45     42     24     13      0      0      0      0   3201   1980      0      0 130141 130142      0      0      0      0      0      0 
    0    223     42     41      0      0      0      0      0      0   3201   1980      0      0 130141 130142      0      0      0      0     41     15 
    0    264     43     41      0      0      0      0      0      0   3201   1980      0      0 130141 130142      0      0      0      0     59     15 
    0    252     43     41      0      0      0      0      0      0   3201   1980      0      0 130141 130142      0      0      0      0     78     13 
    0    217     43     41      0      0      0      0      0      0   3201   1980      0      0 130141 130142      0      0      0      0     50     14 
    0    230     43     42      0      0      0      0      0      0   3201   1980      0      0 130141 130142      0      0      0      0      0      0 
    0    174     46     43     68     35      0      0      0      0   3201   1980      0      0 130141 130142      0      0      0      0      0     13 
    0    217     42     40      0      0      0      0      0      0   3201   1980      0      0 130141 130142      0      0      0      0      0      0 
    0    178     42     40      0      0      0      0      0      0   3201   1980      0      0 130141 130142      0      0      0      0      0      1 
    0    236     45     43     84     43      0      0      0      0   3201   1980      0      0 130141 130142      0      0      0      0      0      0 
    0    138     42     40      0      0      0      0      0      0   3201   1980      0      0 130141 130142      0      0      0      0      0      1 
    0    219     43     41     17      9      0      0      0      0   3201   1980      0      0 130141 130142      0      0      0      0      0      0 
    0    137     42     40      0      0      0      0      0      0   3201   1980      0      0 130141 130142      0      0      0      0      0      0 
    0    137     42     39      0      0      0      0      0      0   3201   1980      0      0 130141 130142      0      0      0      0      0      0 
    0    143     45     39      0      0      0      0      0      0   3201   1980      0      0 130141 130142      0      0      0      0     85     14 
    0    172     42     40      0      0      0      0      0      0   3201   1980      0      0 130141 130142      0      0      0      0     51     13 
# gpu    pwr  gtemp  mtemp     sm    mem    enc    dec    jpg    ofa   mclk   pclk  pviol  tviol     fb   bar1   ccpm  sbecc  dbecc    pci  rxpci  txpci 
# Idx      W      C      C      %      %      %      %      %      %    MHz    MHz      %   bool     MB     MB     MB   errs   errs   errs   MB/s   MB/s 
    0    268     43     41     12      7      0      0      0      0   3201   1980      0      0 130141 130142      0      0      0      0      0      0 
    0    177     42     40      0      0      0      0      0      0   3201   1980      0      0 130141 130142      0      0      0      0      0      0 
    0    219     43     41     23     12      0      0      0      0   3201   1980      0      0 130141 130142      0      0      0      0     74     14 
    0    244     45     43      0      0      0      0      0      0   3201   1980      0      0 130141 130142      0      0      0      0      0      0 
    0    183     42     40      0      0      0      0      0      0   3201   1980      0      0 130141 130142      0      0      0      0      0      0 
    0    176     42     40      0      0      0      0      0      0   3201   1980      0      0 130141 130142      0      0      0      0      0      0 
    0    137     42     39      0      0      0      0      0      0   3201   1980      0      0 130141 130142      0      0      0      0      0      0 
    0    176     42     40      0      0      0      0      0      0   3201   1980      0      0 130141 130142      0      0      0      0      0      0 
    0    221     42     40      0      0      0      0      0      0   3201   1980      0      0 130141 130142      0      0      0      0      5      0 
    0    296     44     42     83     42      0      0      0      0   3201   1980      0      0 130141 130142      0      0      0      0      0      0 
    0    259     44     42     33     18      0      0      0      0   3201   1980      0      0 130141 130142      0      0      0      0      0      0 
    0    138     42     40      0      0      0      0      0      0   3201   1980      0      0 130141 130142      0      0      0      0     67     14 
    0    251     43     42     82     43      0      0      0      0   3201   1980      0      0 130141 130142      0      0      0      0      0      0 
    0    252     44     43     80     41      0      0      0      0   3201   1980      0      0 130141 130142      0      0      0      0      0      0 
    0    138     42     40      0      0      0      0      0      0   3201   1980      0      0 130141 130142      0      0      0      0      0      2 
    0    232     45     42      2      1      0      0      0      0   3201   1980      0      0 130141 130142      0      0      0      0      0      1 
    0    190     45     42      0      0      0      0      0      0   3201   1980      0      0 130141 130142      0      0      0      0     51     13 
    0    313     43     42     19     10      0      0      0      0   3201   1980      0      0 130141 130142      0      0      0      0      0      1 
    0    138     42     40      0      0      0      0      0      0   3201   1980      0      0 130141 130142      0      0      0      0     53     14 
    0    218     43     41      0      0      0      0      0      0   3201   1980      0      0 130141 130142      0      0      0      0     52     15 
    0    294     43     41      0      0      0      0      0      0   3201   1980      0      0 130141 130142      0      0      0      0      0      0 
