# gpu    pwr  gtemp  mtemp     sm    mem    enc    dec    jpg    ofa   mclk   pclk  pviol  tviol     fb   bar1   ccpm  sbecc  dbecc    pci  rxpci  txpci 
# Idx      W      C      C      %      %      %      %      %      %    MHz    MHz      %   bool     MB     MB     MB   errs   errs   errs   MB/s   MB/s 
    0    134     37     35      0      0      0      0      0      0   3201   1980      0      0 130135 130136      0      0      0      0      0      0 
    0    132     36     34      0      0      0      0      0      0   3201   1980      0      0 130135 130136      0      0      0      0      0      0 
    0    132     36     34      0      0      0      0      0      0   3201   1980      0      0 130135 130136      0      0      0      0      0      0 
    0    132     36     34      0      0      0      0      0      0   3201   1980      0      0 130135 130136      0      0      0      0      0      0 
    0    132     36     34      0      0      0      0      0      0   3201   1980      0      0 130135 130136      0      0      0      0      0      1 
    0    132     36     34      0      0      0      0      0      0   3201   1980      0      0 130135 130136      0      0      0      0      0      0 
    0    132     36     34      0      0      0      0      0      0   3201   1980      0      0 130135 130136      0      0      0      0      0      1 
    0    131     36     34      0      0      0      0      0      0   3201   1980      0      0 130135 130136      0      0      0      0      0      0 
    0    132     36     34      0      0      0      0      0      0   3201   1980      0      0 130135 130136      0      0      0      0      0      1 
    0    132     36     34      0      0      0      0      0      0   3201   1980      0      0 130135 130136      0      0      0      0      0      0 
    0    132     36     34      0      0      0      0      0      0   3201   1980      0      0 130135 130136      0      0      0      0      0      1 
    0    131     36     34      0      0      0      0      0      0   3201   1980      0      0 130135 130136      0      0      0      0      0      0 
    0    131     36     34      0      0      0      0      0      0   3201   1980      0      0 130135 130136      0      0      0      0      0      1 
    0    347     41     40     81     40      0      0      0      0   3201   1980      0      0 130141 130142      0      0      0      0    111     17 
    0    427     43     43     82     39      0      0      0      0   3201   1980      0      0 130141 130142      0      0      0      0    122     16 
    0    437     45     41     82     42      0      0      0      0   3201   1980      0      0 130141 130142      0      0      0      0    113     18 
    0    458     46     43     79     37      0      0      0      0   3201   1980      0      0 130141 130142      0      0      0      0    167     21 
    0    437     45     41     79     33      0      0      0      0   3201   1980      0      0 130141 130142      0      0      0      0    138     21 
    0    457     44     44     81     41      0      0      0      0   3201   1980      0      0 130141 130142      0      0      0      0    134     19 
    0    427     44     43     80     37      0      0      0      0   3201   1980      0      0 130141 130142      0      0      0      0     92     17 
    0    446     45     44     81     38      0      0      0      0   3201   1980      0      0 130141 130142      0      0      0      0    126     19 
    0    438     45     45     80     38      0      0      0      0   3201   1980      0      0 130141 130142      0      0      0      0     80     17 
    0    426     45     43     82     37      0      0      0      0   3201   1980      0      0 130141 130142      0      0      0      0    105     18 
    0    438     45     43     79     36      0      0      0      0   3201   1980      0      0 130141 130142      0      0      0      0    127     21 
    0    445     45     45     81     41      0      0      0      0   3201   1980      0      0 130141 130142      0      0      0      0    126     20 
