# gpu    pwr  gtemp  mtemp     sm    mem    enc    dec    jpg    ofa   mclk   pclk  pviol  tviol     fb   bar1   ccpm  sbecc  dbecc    pci  rxpci  txpci 
# Idx      W      C      C      %      %      %      %      %      %    MHz    MHz      %   bool     MB     MB     MB   errs   errs   errs   MB/s   MB/s 
    0    132     36     34      0      0      0      0      0      0   3201   1980      0      0 130135 130136      0      0      0      0      0      0 
    0    133     36     34      0      0      0      0      0      0   3201   1980      0      0 130135 130136      0      0      0      0      0      0 
    0    132     36     34      0      0      0      0      0      0   3201   1980      0      0 130135 130136      0      0      0      0      0      0 
    0    132     36     34      0      0      0      0      0      0   3201   1980      0      0 130135 130136      0      0      0      0      0      0 
    0    131     35     34      0      0      0      0      0      0   3201   1980      0      0 130135 130136      0      0      0      0      0      0 
    0    132     35     34      0      0      0      0      0      0   3201   1980      0      0 130135 130136      0      0      0      0      0      0 
    0    131     35     33      0      0      0      0      0      0   3201   1980      0      0 130135 130136      0      0      0      0      0      0 
    0    131     35     34      0      0      0      0      0      0   3201   1980      0      0 130135 130136      0      0      0      0      0      0 
    0    131     35     34      0      0      0      0      0      0   3201   1980      0      0 130135 130136      0      0      0      0      0      0 
    0    131     35     34      0      0      0      0      0      0   3201   1980      0      0 130135 130136      0      0      0      0      0      0 
    0    131     35     33      0      0      0      0      0      0   3201   1980      0      0 130135 130136      0      0      0      0      0      0 
    0    131     35     33      0      0      0      0      0      0   3201   1980      0      0 130135 130136      0      0      0      0      0      0 
    0    131     35     33      0      0      0      0      0      0   3201   1980      0      0 130135 130136      0      0      0      0      0      0 
    0    181     38     38     14      5      0      0      0      0   3201   1980      0      0 130139 130140      0      0      0      0     50     14 
    0    222     36     34      0      0      0      0      0      0   3201   1980      0      0 130139 130140      0      0      0      0     92     13 
    0    288     39     40     47     24      0      0      0      0   3201   1980      0      0 130139 130140      0      0      0      0     49     14 
    0    327     40     41     83     44      0      0      0      0   3201   1980      0      0 130139 130140      0      0      0      0     50     14 
    0    302     37     36      0      0      0      0      0      0   3201   1980      0      0 130139 130140      0      0      0      0      0      0 
    0    338     41     43     52     26      0      0      0      0   3201   1980      0      0 130139 130140      0      0      0      0     49     15 
    0    186     37     35      0      0      0      0      0      0   3201   1980      0      0 130139 130140      0      0      0      0      0      0 
    0    153     39     36      2      1      0      0      0      0   3201   1980      0      0 130139 130140      0      0      0      0     49     15 
    0    224     37     35      0      0      0      0      0      0   3201   1980      0      0 130139 130140      0      0      0      0      0      0 
    0    132     36     35      0      0      0      0      0      0   3201   1980      0      0 130139 130140      0      0      0      0      0      1 
    0    132     36     34      0      0      0      0      0      0   3201   1980      0      0 130139 130140      0      0      0      0      0      0 
    0    379     41     41     83     44      0      0      0      0   3201   1980      0      0 130141 130142      0      0      0      0     49      1 
    0    139     37     35      0      0      0      0      0      0   3201   1980      0      0 130141 130142      0      0      0      0      0      0 
    0    314     40     41      0      0      0      0      0      0   3201   1980      0      0 130141 130142      0      0      0      0     53     15 
    0    313     41     39     83     44      0      0      0      0   3201   1980      0      0 130141 130142      0      0      0      0     50     14 
    0    161     37     36      0      0      0      0      0      0   3201   1980      0      0 130141 130142      0      0      0      0      0      1 
    0    132     37     35      0      0      0      0      0      0   3201   1980      0      0 130141 130142      0      0      0      0      0      0 
    0    329     39     38     83     42      0      0      0      0   3201   1980      0      0 130141 130142      0      0      0      0      0      1 
    0    133     37     35      0      0      0      0      0      0   3201   1980      0      0 130141 130142      0      0      0      0     47     14 
    0    273     37     36      0      0      0      0      0      0   3201   1980      0      0 130141 130142      0      0      0      0      0      1 
    0    270     41     40     83     44      0      0      0      0   3201   1980      0      0 130141 130142      0      0      0      0      0      0 
    0    133     37     35      0      0      0      0      0      0   3201   1980      0      0 130141 130142      0      0      0      0      0      1 
    0    273     39     40     83     44      0      0      0      0   3201   1980      0      0 130141 130142      0      0      0      0      0      0 
    0    133     37     35      0      0      0      0      0      0   3201   1980      0      0 130141 130142      0      0      0      0      0      1 
    0    132     36     35      0      0      0      0      0      0   3201   1980      0      0 130141 130142      0      0      0      0      0      0 
    0    132     36     34      0      0      0      0      0      0   3201   1980      0      0 130141 130142      0      0      0      0      0      1 
    0    270     37     36      0      0      0      0      0      0   3201   1980      0      0 130141 130142      0      0      0      0      0      0 
    0    197     40     39     83     44      0      0      0      0   3201   1980      0      0 130141 130142      0      0      0      0     51     15 
    0    324     38     37     55     29      0      0      0      0   3201   1980      0      0 130141 130142      0      0      0      0      0      0 
    0    181     40     41      0      0      0      0      0      0   3201   1980      0      0 130141 130142      0      0      0      0     59     14 
    0    265     40     41     27     13      0      0      0      0   3201   1980      0      0 130141 130142      0      0      0      0     51     15 
# gpu    pwr  gtemp  mtemp     sm    mem    enc    dec    jpg    ofa   mclk   pclk  pviol  tviol     fb   bar1   ccpm  sbecc  dbecc    pci  rxpci  txpci 
# Idx      W      C      C      %      %      %      %      %      %    MHz    MHz      %   bool     MB     MB     MB   errs   errs   errs   MB/s   MB/s 
    0    288     38     36      0      0      0      0      0      0   3201   1980      0      0 130141 130142      0      0      0      0      0      0 
    0    133     37     35      0      0      0      0      0      0   3201   1980      0      0 130141 130142      0      0      0      0      0      0 
    0    160     39     40      0      0      0      0      0      0   3201   1980      0      0 130141 130142      0      0      0      0     49     14 
    0    345     41     43     83     44      0      0      0      0   3201   1980      0      0 130141 130142      0      0      0      0     53      7 
    0    375     40     40     70     37      0      0      0      0   3201   1980      0      0 130141 130142      0      0      0      0      0      0 
    0    159     40     38     19      9      0      0      0      0   3201   1980      0      0 130141 130142      0      0      0      0     50     14 
    0    363     40     41     83     44      0      0      0      0   3201   1980      0      0 130141 130142      0      0      0      0      0      4 
    0    276     39     38     83     42      0      0      0      0   3201   1980      0      0 130141 130142      0      0      0      0      0      0 
    0    269     38     37      0      0      0      0      0      0   3201   1980      0      0 130141 130142      0      0      0      0      0      0 
    0    271     38     37      0      0      0      0      0      0   3201   1980      0      0 130141 130142      0      0      0      0     39     13 
    0    275     38     37      0      0      0      0      0      0   3201   1980      0      0 130141 130142      0      0      0      0      0      0 
    0    133     37     36      0      0      0      0      0      0   3201   1980      0      0 130141 130142      0      0      0      0      0      0 
    0    177     40     41     80     42      0      0      0      0   3201   1980      0      0 130141 130142      0      0      0      0     53     14 
    0    231     37     36      0      0      0      0      0      0   3201   1980      0      0 130141 130142      0      0      0      0     50     14 
    0    394     41     42     83     44      0      0      0      0   3201   1980      0      0 130141 130142      0      0      0      0     51     14 
    0    258     38     37      0      0      0      0      0      0   3201   1980      0      0 130141 130142      0      0      0      0      0      0 
    0    289     38     37      0      0      0      0      0      0   3201   1980      0      0 130141 130142      0      0      0      0      0      0 
    0    274     38     37      0      0      0      0      0      0   3201   1980      0      0 130141 130142      0      0      0      0      0      1 
    0    329     42     42     83     41      0      0      0      0   3201   1980      0      0 130141 130142      0      0      0      0     59     14 
    0    405     43     42     83     44      0      0      0      0   3201   1980      0      0 130141 130142      0      0      0      0      0      0 
    0    326     43     43     84     45      0      0      0      0   3201   1980      0      0 130141 130142      0      0      0      0     51     13 
    0    219     38     37      0      0      0      0      0      0   3201   1980      0      0 130141 130142      0      0      0      0      0      0 
    0    133     38     36      0      0      0      0      0      0   3201   1980      0      0 130141 130142      0      0      0      0      0      0 
    0    133     37     36      0      0      0      0      0      0   3201   1980      0      0 130141 130142      0      0      0      0      0      0 
    0    133     37     35      0      0      0      0      0      0   3201   1980      0      0 130141 130142      0      0      0      0      0      0 
    0    361     42     43     83     42      0      0      0      0   3201   1980      0      0 130141 130142      0      0      0      0     50     14 
    0    266     42     41     83     44      0      0      0      0   3201   1980      0      0 130141 130142      0      0      0      0     59     14 
    0    370     42     42     83     44      0      0      0      0   3201   1980      0      0 130141 130142      0      0      0      0     59     14 
    0    291     39     38      0      0      0      0      0      0   3201   1980      0      0 130141 130142      0      0      0      0      0      0 
    0    362     43     42     83     44      0      0      0      0   3201   1980      0      0 130141 130142      0      0      0      0     50     14 
    0    241     38     37      0      0      0      0      0      0   3201   1980      0      0 130141 130142      0      0      0      0      0      0 
    0    238     42     43     82     40      0      0      0      0   3201   1980      0      0 130141 130142      0      0      0      0     60     15 
    0    174     38     36      0      0      0      0      0      0   3201   1980      0      0 130141 130142      0      0      0      0      0      0 
    0    272     42     43     83     42      0      0      0      0   3201   1980      0      0 130141 130142      0      0      0      0     34      1 
    0    135     38     36      0      0      0      0      0      0   3201   1980      0      0 130141 130142      0      0      0      0      0      0 
    0    133     37     36      0      0      0      0      0      0   3201   1980      0      0 130141 130142      0      0      0      0      0      1 
    0    133     37     35      0      0      0      0      0      0   3201   1980      0      0 130141 130142      0      0      0      0      0      0 
    0    326     41     43     83     44      0      0      0      0   3201   1980      0      0 130141 130142      0      0      0      0     51     15 
    0    196     38     36      0      0      0      0      0      0   3201   1980      0      0 130141 130142      0      0      0      0      0      0 
    0    133     37     35      0      0      0      0      0      0   3201   1980      0      0 130141 130142      0      0      0      0      0      1 
    0    133     37     35      0      0      0      0      0      0   3201   1980      0      0 130141 130142      0      0      0      0      0      0 
    0    271     40     42     82     44      0      0      0      0   3201   1980      0      0 130141 130142      0      0      0      0      0      1 
    0    273     38     38     50     27      0      0      0      0   3201   1980      0      0 130141 130142      0      0      0      0      0      0 
    0    227     41     40     83     42      0      0      0      0   3201   1980      0      0 130141 130142      0      0      0      0     62     15 
# gpu    pwr  gtemp  mtemp     sm    mem    enc    dec    jpg    ofa   mclk   pclk  pviol  tviol     fb   bar1   ccpm  sbecc  dbecc    pci  rxpci  txpci 
# Idx      W      C      C      %      %      %      %      %      %    MHz    MHz      %   bool     MB     MB     MB   errs   errs   errs   MB/s   MB/s 
    0    394     43     43     83     42      0      0      0      0   3201   1980      0      0 130141 130142      0      0      0      0     59     14 
    0    393     42     44     84     42      0      0      0      0   3201   1980      0      0 130141 130142      0      0      0      0      0      0 
    0    235     42     41     83     44      0      0      0      0   3201   1980      0      0 130141 130142      0      0      0      0     49     14 
    0    315     42     43     82     42      0      0      0      0   3201   1980      0      0 130141 130142      0      0      0      0     51     13 
    0    338     42     43     83     42      0      0      0      0   3201   1980      0      0 130141 130142      0      0      0      0     52     14 
    0    293     41     41     81     43      0      0      0      0   3201   1980      0      0 130141 130142      0      0      0      0      0      0 
    0    134     38     37      0      0      0      0      0      0   3201   1980      0      0 130141 130142      0      0      0      0      0      0 
    0    133     37     36      0      0      0      0      0      0   3201   1980      0      0 130141 130142      0      0      0      0     49     14 
    0    378     40     41     83     44      0      0      0      0   3201   1980      0      0 130141 130142      0      0      0      0      0      0 
    0    288     42     41     83     42      0      0      0      0   3201   1980      0      0 130141 130142      0      0      0      0     44      0 
    0    205     41     40     71     37      0      0      0      0   3201   1980      0      0 130141 130142      0      0      0      0     51     14 
    0    350     40     39      0      0      0      0      0      0   3201   1980      0      0 130141 130142      0      0      0      0      0      0 
    0    275     39     38      0      0      0      0      0      0   3201   1980      0      0 130141 130142      0      0      0      0      0      0 
    0    164     40     38     83     42      0      0      0      0   3201   1980      0      0 130141 130142      0      0      0      0     59     14 
    0    248     38     37      0      0      0      0      0      0   3201   1980      0      0 130141 130142      0      0      0      0     50     14 
    0    348     39     38      0      0      0      0      0      0   3201   1980      0      0 130141 130142      0      0      0      0      0      0 
    0    241     42     43     83     44      0      0      0      0   3201   1980      0      0 130141 130142      0      0      0      0     15      0 
    0    140     38     36      0      0      0      0      0      0   3201   1980      0      0 130141 130142      0      0      0      0      0      0 
    0    133     37     36      0      0      0      0      0      0   3201   1980      0      0 130141 130142      0      0      0      0      0      0 
    0    203     41     42     83     44      0      0      0      0   3201   1980      0      0 130141 130142      0      0      0      0     59     14 
    0    309     40     39     13      5      0      0      0      0   3201   1980      0      0 130141 130142      0      0      0      0     53     14 
    0    299     42     43     83     44      0      0      0      0   3201   1980      0      0 130141 130142      0      0      0      0     50     14 
    0    316     42     43     84     42      0      0      0      0   3201   1980      0      0 130141 130142      0      0      0      0     52     14 
    0    206     38     37      0      0      0      0      0      0   3201   1980      0      0 130141 130142      0      0      0      0      0      0 
    0    133     37     36      0      0      0      0      0      0   3201   1980      0      0 130141 130142      0      0      0      0      0      0 
    0    209     41     42     83     44      0      0      0      0   3201   1980      0      0 130141 130142      0      0      0      0     50     14 
    0    337     39     39      0      0      0      0      0      0   3201   1980      0      0 130141 130142      0      0      0      0      0      1 
    0    133     37     36      0      0      0      0      0      0   3201   1980      0      0 130141 130142      0      0      0      0      0      0 
    0    272     38     37      0      0      0      0      0      0   3201   1980      0      0 130141 130142      0      0      0      0      0      1 
    0    332     42     44     83     44      0      0      0      0   3201   1980      0      0 130141 130142      0      0      0      0     51     14 
    0    169     38     36      0      0      0      0      0      0   3201   1980      0      0 130141 130142      0      0      0      0      0      1 
    0    349     42     43     83     44      0      0      0      0   3201   1980      0      0 130141 130142      0      0      0      0     50     14 
    0    201     38     36      0      0      0      0      0      0   3201   1980      0      0 130141 130142      0      0      0      0      0      1 
    0    191     41     42     83     45      0      0      0      0   3201   1980      0      0 130141 130142      0      0      0      0     50     14 
    0    307     42     43     84     45      0      0      0      0   3201   1980      0      0 130141 130142      0      0      0      0     51     15 
    0    156     38     36      0      0      0      0      0      0   3201   1980      0      0 130141 130142      0      0      0      0      0      0 
    0    202     41     41     83     44      0      0      0      0   3201   1980      0      0 130141 130142      0      0      0      0     50     15 
    0    221     40     42     83     44      0      0      0      0   3201   1980      0      0 130141 130142      0      0      0      0     52     14 
    0    223     38     36      0      0      0      0      0      0   3201   1980      0      0 130141 130142      0      0      0      0      0      0 
    0    349     42     43     83     44      0      0      0      0   3201   1980      0      0 130141 130142      0      0      0      0     50     14 
    0    205     38     36      0      0      0      0      0      0   3201   1980      0      0 130141 130142      0      0      0      0      0      0 
    0    133     37     36      0      0      0      0      0      0   3201   1980      0      0 130141 130142      0      0      0      0      0      0 
    0    184     40     39     83     44      0      0      0      0   3201   1980      0      0 130141 130142      0      0      0      0     53     14 
    0    263     40     40     83     44      0      0      0      0   3201   1980      0      0 130141 130142      0      0      0      0     50     14 
# gpu    pwr  gtemp  mtemp     sm    mem    enc    dec    jpg    ofa   mclk   pclk  pviol  tviol     fb   bar1   ccpm  sbecc  dbecc    pci  rxpci  txpci 
# Idx      W      C      C      %      %      %      %      %      %    MHz    MHz      %   bool     MB     MB     MB   errs   errs   errs   MB/s   MB/s 
    0    348     39     39     24     13      0      0      0      0   3201   1980      0      0 130141 130142      0      0      0      0      0      0 
    0    329     42     43     83     43      0      0      0      0   3201   1980      0      0 130141 130142      0      0      0      0     53     14 
    0    256     42     42     82     44      0      0      0      0   3201   1980      0      0 130141 130142      0      0      0      0     59     14 
    0    286     38     37     20     10      0      0      0      0   3201   1980      0      0 130141 130142      0      0      0      0     50     14 
    0    392     42     40     83     42      0      0      0      0   3201   1980      0      0 130141 130142      0      0      0      0     59     14 
    0    317     42     43     77     40      0      0      0      0   3201   1980      0      0 130141 130142      0      0      0      0     50     14 
    0    303     42     44     83     45      0      0      0      0   3201   1980      0      0 130141 130142      0      0      0      0     49     13 
    0    307     43     43     71     38      0      0      0      0   3201   1980      0      0 130141 130142      0      0      0      0      0      0 
    0    273     43     42     83     44      0      0      0      0   3201   1980      0      0 130141 130142      0      0      0      0      0      0 
    0    264     42     43     83     44      0      0      0      0   3201   1980      0      0 130141 130142      0      0      0      0     50     14 
    0    275     39     38      0      0      0      0      0      0   3201   1980      0      0 130141 130142      0      0      0      0      0      0 
    0    133     38     36      0      0      0      0      0      0   3201   1980      0      0 130141 130142      0      0      0      0      0      0 
    0    350     43     43     83     44      0      0      0      0   3201   1980      0      0 130141 130142      0      0      0      0     50     14 
    0    326     40     39      0      0      0      0      0      0   3201   1980      0      0 130141 130142      0      0      0      0      0      0 
    0    134     38     36      0      0      0      0      0      0   3201   1980      0      0 130141 130142      0      0      0      0      0      0 
    0    269     41     42     13      7      0      0      0      0   3201   1980      0      0 130141 130142      0      0      0      0      0      0 
    0    143     38     36      0      0      0      0      0      0   3201   1980      0      0 130141 130142      0      0      0      0     50     13 
    0    265     38     37      0      0      0      0      0      0   3201   1980      0      0 130141 130142      0      0      0      0      0      0 
    0    303     39     38      0      0      0      0      0      0   3201   1980      0      0 130141 130142      0      0      0      0      0      0 
    0    133     38     36      0      0      0      0      0      0   3201   1980      0      0 130141 130142      0      0      0      0      0      0 
    0    224     41     41     83     44      0      0      0      0   3201   1980      0      0 130141 130142      0      0      0      0     49     14 
    0    202     38     36      0      0      0      0      0      0   3201   1980      0      0 130141 130142      0      0      0      0     50     14 
    0    230     38     37      0      0      0      0      0      0   3201   1980      0      0 130141 130142      0      0      0      0      0      0 
    0    133     38     36      0      0      0      0      0      0   3201   1980      0      0 130141 130142      0      0      0      0      0      0 
    0    133     37     36      0      0      0      0      0      0   3201   1980      0      0 130141 130142      0      0      0      0      0      0 
    0    133     37     35      0      0      0      0      0      0   3201   1980      0      0 130141 130142      0      0      0      0      0      1 
    0    133     37     36      0      0      0      0      0      0   3201   1980      0      0 130141 130142      0      0      0      0      0      0 
    0    133     37     35      0      0      0      0      0      0   3201   1980      0      0 130141 130142      0      0      0      0      0      1 
    0    288     41     41     83     42      0      0      0      0   3201   1980      0      0 130141 130142      0      0      0      0     52     14 
    0    167     37     36      0      0      0      0      0      0   3201   1980      0      0 130141 130142      0      0      0      0      0      1 
    0    259     41     40     83     42      0      0      0      0   3201   1980      0      0 130141 130142      0      0      0      0     57     13 
    0    283     41     43     83     42      0      0      0      0   3201   1980      0      0 130141 130142      0      0      0      0     59     16 
    0    199     38     36      0      0      0      0      0      0   3201   1980      0      0 130141 130142      0      0      0      0      0      0 
    0    236     42     43     83     44      0      0      0      0   3201   1980      0      0 130141 130142      0      0      0      0     50     15 
    0    148     38     36      0      0      0      0      0      0   3201   1980      0      0 130141 130142      0      0      0      0      0      0 
    0    272     39     37      0      0      0      0      0      0   3201   1980      0      0 130141 130142      0      0      0      0     49     15 
    0    393     42     42     83     42      0      0      0      0   3201   1980      0      0 130141 130142      0      0      0      0     51     13 
    0    228     42     40     83     44      0      0      0      0   3201   1980      0      0 130141 130142      0      0      0      0     51     15 
    0    318     40     39      0      0      0      0      0      0   3201   1980      0      0 130141 130142      0      0      0      0      0      0 
    0    253     42     43     83     44      0      0      0      0   3201   1980      0      0 130141 130142      0      0      0      0      6      1 
    0    135     38     37      0      0      0      0      0      0   3201   1980      0      0 130141 130142      0      0      0      0      0      0 
    0    269     42     43     83     44      0      0      0      0   3201   1980      0      0 130141 130142      0      0      0      0      0      1 
    0    134     38     37      0      0      0      0      0      0   3201   1980      0      0 130141 130142      0      0      0      0      0      0 
    0    133     38     36      0      0      0      0      0      0   3201   1980      0      0 130141 130142      0      0      0      0      0      0 
# gpu    pwr  gtemp  mtemp     sm    mem    enc    dec    jpg    ofa   mclk   pclk  pviol  tviol     fb   bar1   ccpm  sbecc  dbecc    pci  rxpci  txpci 
# Idx      W      C      C      %      %      %      %      %      %    MHz    MHz      %   bool     MB     MB     MB   errs   errs   errs   MB/s   MB/s 
    0    133     38     36      0      0      0      0      0      0   3201   1980      0      0 130141 130142      0      0      0      0      0      0 
    0    275     38     37      0      0      0      0      0      0   3201   1980      0      0 130141 130142      0      0      0      0      0      0 
    0    133     38     36      0      0      0      0      0      0   3201   1980      0      0 130141 130142      0      0      0      0     59     14 
    0    380     43     44     38     21      0      0      0      0   3201   1980      0      0 130141 130142      0      0      0      0      0      0 
    0    209     42     43     82     41      0      0      0      0   3201   1980      0      0 130141 130142      0      0      0      0     59     14 
    0    343     43     42     82     40      0      0      0      0   3201   1980      0      0 130141 130142      0      0      0      0     68     15 
    0    249     39     38      0      0      0      0      0      0   3201   1980      0      0 130141 130142      0      0      0      0      0      0 
    0    294     43     43     83     43      0      0      0      0   3201   1980      0      0 130141 130142      0      0      0      0     49     17 
    0    296     39     38      0      0      0      0      0      0   3201   1980      0      0 130141 130142      0      0      0      0      0      0 
    0    134     38     37      0      0      0      0      0      0   3201   1980      0      0 130141 130142      0      0      0      0      0      0 
    0    230     42     43     81     43      0      0      0      0   3201   1980      0      0 130141 130142      0      0      0      0     50     14 
    0    210     41     42     83     42      0      0      0      0   3201   1980      0      0 130141 130142      0      0      0      0     67     15 
    0    287     39     37      0      0      0      0      0      0   3201   1980      0      0 130141 130142      0      0      0      0     50     14 
    0    312     42     42     83     44      0      0      0      0   3201   1980      0      0 130141 130142      0      0      0      0     69     14 
    0    286     39     38      0      0      0      0      0      0   3201   1980      0      0 130141 130142      0      0      0      0      1      0 
    0    134     38     37      0      0      0      0      0      0   3201   1980      0      0 130141 130142      0      0      0      0      0      0 
    0    219     42     42     82     44      0      0      0      0   3201   1980      0      0 130141 130142      0      0      0      0     52     14 
    0    285     43     43     83     44      0      0      0      0   3201   1980      0      0 130141 130142      0      0      0      0     52      9 
    0    296     41     40     52     28      0      0      0      0   3201   1980      0      0 130141 130142      0      0      0      0      0      1 
    0    273     39     38      0      0      0      0      0      0   3201   1980      0      0 130141 130142      0      0      0      0      0      0 
    0    278     43     43     82     42      0      0      0      0   3201   1980      0      0 130141 130142      0      0      0      0     53     14 
    0    406     44     43     84     42      0      0      0      0   3201   1980      0      0 130141 130142      0      0      0      0     59     13 
    0    207     39     38      0      0      0      0      0      0   3201   1980      0      0 130141 130142      0      0      0      0      0      1 
    0    134     38     37      0      0      0      0      0      0   3201   1980      0      0 130141 130142      0      0      0      0      0      0 
    0    257     43     43     83     44      0      0      0      0   3201   1980      0      0 130141 130142      0      0      0      0      0      1 
    0    187     42     43     52     26      0      0      0      0   3201   1980      0      0 130141 130142      0      0      0      0     52     13 
    0    357     43     44     83     42      0      0      0      0   3201   1980      0      0 130141 130142      0      0      0      0     59     15 
    0    394     44     45     83     44      0      0      0      0   3201   1980      0      0 130141 130142      0      0      0      0     49     14 
    0    166     39     37      0      0      0      0      0      0   3201   1980      0      0 130141 130142      0      0      0      0      0      1 
