# gpu    pwr  gtemp  mtemp     sm    mem    enc    dec    jpg    ofa   mclk   pclk  pviol  tviol     fb   bar1   ccpm  sbecc  dbecc    pci  rxpci  txpci 
# Idx      W      C      C      %      %      %      %      %      %    MHz    MHz      %   bool     MB     MB     MB   errs   errs   errs   MB/s   MB/s 
    0    134     40     35      0      0      0      0      0      0   3201   1980      0      0 121795 121796      0      0      0      0      0      0 
    0    134     39     36      0      0      0      0      0      0   3201   1980      0      0 121795 121796      0      0      0      0      0      0 
    0    134     38     36      0      0      0      0      0      0   3201   1980      0      0 121795 121796      0      0      0      0      0      1 
    0    134     38     36      0      0      0      0      0      0   3201   1980      0      0 121795 121796      0      0      0      0      0      0 
    0    133     38     36      0      0      0      0      0      0   3201   1980      0      0 121795 121796      0      0      0      0      0      1 
    0    133     38     36      0      0      0      0      0      0   3201   1980      0      0 121795 121796      0      0      0      0      0      0 
    0    133     38     36      0      0      0      0      0      0   3201   1980      0      0 121795 121796      0      0      0      0      0      1 
    0    133     38     36      0      0      0      0      0      0   3201   1980      0      0 121795 121796      0      0      0      0      0      0 
    0    133     38     36      0      0      0      0      0      0   3201   1980      0      0 121795 121796      0      0      0      0      0      1 
    0    133     38     36      0      0      0      0      0      0   3201   1980      0      0 121795 121796      0      0      0      0      0      0 
    0    133     38     36      0      0      0      0      0      0   3201   1980      0      0 121795 121796      0      0      0      0      0      1 
    0    133     38     36      0      0      0      0      0      0   3201   1980      0      0 121795 121796      0      0      0      0      0      0 
    0    133     38     36      0      0      0      0      0      0   3201   1980      0      0 121795 121796      0      0      0      0      0      0 
    0    382     43     44     83     44      0      0      0      0   3201   1980      0      0 121815 121816      0      0      0      0     48     13 
    0    412     44     43     83     45      0      0      0      0   3201   1980      0      0 121815 121816      0      0      0      0     47     13 
    0    413     44     45     83     44      0      0      0      0   3201   1980      0      0 121815 121816      0      0      0      0     79     13 
    0    413     44     44     84     45      0      0      0      0   3201   1980      0      0 121815 121816      0      0      0      0     49     13 
    0    415     45     46     83     44      0      0      0      0   3201   1980      0      0 121815 121816      0      0      0      0     48     13 
    0    413     45     45     83     44      0      0      0      0   3201   1980      0      0 121815 121816      0      0      0      0     47     13 
    0    417     46     46     84     45      0      0      0      0   3201   1980      0      0 121815 121816      0      0      0      0     47     13 
    0    411     45     46     77     39      0      0      0      0   3201   1980      0      0 121815 121816      0      0      0      0     47     13 
    0    416     46     44     82     42      0      0      0      0   3201   1980      0      0 121815 121816      0      0      0      0     47     13 
    0    416     46     47     82     42      0      0      0      0   3201   1980      0      0 121815 121816      0      0      0      0     49     13 
    0    418     46     46     82     42      0      0      0      0   3201   1980      0      0 121815 121816      0      0      0      0     48     13 
    0    417     46     46     83     44      0      0      0      0   3201   1980      0      0 121815 121816      0      0      0      0     48     13 
    0    418     46     47     84     45      0      0      0      0   3201   1980      0      0 121815 121816      0      0      0      0     48     13 
    0    417     46     47     83     44      0      0      0      0   3201   1980      0      0 121815 121816      0      0      0      0     47     13 
    0    419     46     45     84     45      0      0      0      0   3201   1980      0      0 121815 121816      0      0      0      0     48     14 
    0    418     46     45     83     44      0      0      0      0   3201   1980      0      0 121815 121816      0      0      0      0     75     13 
    0    418     47     47     83     44      0      0      0      0   3201   1980      0      0 121815 121816      0      0      0      0     47     13 
    0    417     48     47     83     44      0      0      0      0   3201   1980      0      0 121815 121816      0      0      0      0     50     13 
    0    416     48     47     83     44      0      0      0      0   3201   1980      0      0 121815 121816      0      0      0      0     47     13 
    0    418     47     47     82     42      0      0      0      0   3201   1980      0      0 121815 121816      0      0      0      0     48     19 
    0    416     47     48     82     42      0      0      0      0   3201   1980      0      0 121815 121816      0      0      0      0     49     13 
    0    421     47     45     81     42      0      0      0      0   3201   1980      0      0 121815 121816      0      0      0      0     47     14 
    0    419     47     48     81     42      0      0      0      0   3201   1980      0      0 121815 121816      0      0      0      0     47     13 
    0    421     47     48     83     44      0      0      0      0   3201   1980      0      0 121815 121816      0      0      0      0     48     13 
    0    418     47     47     83     44      0      0      0      0   3201   1980      0      0 121815 121816      0      0      0      0     50     13 
    0    419     47     47     83     44      0      0      0      0   3201   1980      0      0 121815 121816      0      0      0      0     47     13 
    0    418     47     48     83     44      0      0      0      0   3201   1980      0      0 121815 121816      0      0      0      0     49     13 
    0    419     47     48     83     44      0      0      0      0   3201   1980      0      0 121815 121816      0      0      0      0     54     16 
    0    417     47     46     83     44      0      0      0      0   3201   1980      0      0 121815 121816      0      0      0      0     47     13 
    0    419     47     46     83     45      0      0      0      0   3201   1980      0      0 121815 121816      0      0      0      0     49     13 
    0    422     47     49     83     44      0      0      0      0   3201   1980      0      0 121815 121816      0      0      0      0     47     14 
# gpu    pwr  gtemp  mtemp     sm    mem    enc    dec    jpg    ofa   mclk   pclk  pviol  tviol     fb   bar1   ccpm  sbecc  dbecc    pci  rxpci  txpci 
# Idx      W      C      C      %      %      %      %      %      %    MHz    MHz      %   bool     MB     MB     MB   errs   errs   errs   MB/s   MB/s 
    0    420     47     48     82     42      0      0      0      0   3201   1980      0      0 121815 121816      0      0      0      0     48     13 
    0    420     48     47     82     42      0      0      0      0   3201   1980      0      0 121815 121816      0      0      0      0     47     14 
    0    419     47     46     82     42      0      0      0      0   3201   1980      0      0 121815 121816      0      0      0      0     50     13 
    0    418     47     48     82     42      0      0      0      0   3201   1980      0      0 121815 121816      0      0      0      0     51     13 
    0    420     47     46     83     44      0      0      0      0   3201   1980      0      0 121815 121816      0      0      0      0     47     14 
    0    418     47     48     83     44      0      0      0      0   3201   1980      0      0 121815 121816      0      0      0      0     49     13 
    0    420     47     48     83     44      0      0      0      0   3201   1980      0      0 121815 121816      0      0      0      0     47     13 
    0    418     48     47     83     44      0      0      0      0   3201   1980      0      0 121815 121816      0      0      0      0     49     13 
    0    419     48     48     83     44      0      0      0      0   3201   1980      0      0 121815 121816      0      0      0      0     47     15 
    0    419     48     47     83     44      0      0      0      0   3201   1980      0      0 121815 121816      0      0      0      0     61     13 
    0    417     47     47     83     44      0      0      0      0   3201   1980      0      0 121815 121816      0      0      0      0     47     13 
    0    420     47     49     84     45      0      0      0      0   3201   1980      0      0 121815 121816      0      0      0      0     49     13 
    0    423     48     48     82     42      0      0      0      0   3201   1980      0      0 121815 121816      0      0      0      0     47     13 
    0    423     48     48     82     42      0      0      0      0   3201   1980      0      0 121815 121816      0      0      0      0     49     13 
    0    421     48     48     82     42      0      0      0      0   3201   1980      0      0 121815 121816      0      0      0      0     49     13 
    0    418     48     48     83     44      0      0      0      0   3201   1980      0      0 121815 121816      0      0      0      0     50     13 
    0    419     48     48     83     44      0      0      0      0   3201   1980      0      0 121815 121816      0      0      0      0     47     13 
    0    423     48     47     83     44      0      0      0      0   3201   1980      0      0 121815 121816      0      0      0      0     49     13 
    0    415     48     48     83     44      0      0      0      0   3201   1980      0      0 121815 121816      0      0      0      0     49     13 
    0    420     48     45     83     44      0      0      0      0   3201   1980      0      0 121815 121816      0      0      0      0     49     13 
    0    420     48     49     83     44      0      0      0      0   3201   1980      0      0 121815 121816      0      0      0      0     49     13 
    0    420     48     47     83     44      0      0      0      0   3201   1980      0      0 121815 121816      0      0      0      0     82     13 
    0    418     48     49     83     44      0      0      0      0   3201   1980      0      0 121815 121816      0      0      0      0     50     13 
    0    421     48     47     83     44      0      0      0      0   3201   1980      0      0 121815 121816      0      0      0      0     47     13 
    0    419     48     46     82     42      0      0      0      0   3201   1980      0      0 121815 121816      0      0      0      0     47     14 
    0    420     48     48     82     43      0      0      0      0   3201   1980      0      0 121815 121816      0      0      0      0     51     13 
    0    418     48     49     83     45      0      0      0      0   3201   1980      0      0 121815 121816      0      0      0      0     47     13 
    0    420     48     49     83     44      0      0      0      0   3201   1980      0      0 121815 121816      0      0      0      0     51     13 
    0    415     48     49     84     45      0      0      0      0   3201   1980      0      0 121815 121816      0      0      0      0     49     13 
    0    422     48     48     83     44      0      0      0      0   3201   1980      0      0 121815 121816      0      0      0      0     48     13 
    0    419     48     46     83     44      0      0      0      0   3201   1980      0      0 121815 121816      0      0      0      0     49     13 
    0    420     48     48     83     44      0      0      0      0   3201   1980      0      0 121815 121816      0      0      0      0     93     13 
    0    421     48     49     83     44      0      0      0      0   3201   1980      0      0 121815 121816      0      0      0      0     47     13 
    0    421     48     47     83     44      0      0      0      0   3201   1980      0      0 121815 121816      0      0      0      0     48     16 
    0    419     48     49     83     44      0      0      0      0   3201   1980      0      0 121815 121816      0      0      0      0     48     13 
    0    422     48     49     83     44      0      0      0      0   3201   1980      0      0 121815 121816      0      0      0      0     47     14 
    0    419     48     47     83     44      0      0      0      0   3201   1980      0      0 121815 121816      0      0      0      0     48     13 
    0    421     48     47     84     45      0      0      0      0   3201   1980      0      0 121815 121816      0      0      0      0     47     14 
    0    420     48     49     84     45      0      0      0      0   3201   1980      0      0 121815 121816      0      0      0      0     48     13 
    0    418     48     47     83     44      0      0      0      0   3201   1980      0      0 121815 121816      0      0      0      0     47     14 
    0    420     48     46     83     44      0      0      0      0   3201   1980      0      0 121815 121816      0      0      0      0     47     13 
    0    417     48     48     83     44      0      0      0      0   3201   1980      0      0 121815 121816      0      0      0      0     47     14 
    0    422     48     50     83     44      0      0      0      0   3201   1980      0      0 121815 121816      0      0      0      0     47     14 
    0    417     48     48     83     44      0      0      0      0   3201   1980      0      0 121815 121816      0      0      0      0     48     14 
# gpu    pwr  gtemp  mtemp     sm    mem    enc    dec    jpg    ofa   mclk   pclk  pviol  tviol     fb   bar1   ccpm  sbecc  dbecc    pci  rxpci  txpci 
# Idx      W      C      C      %      %      %      %      %      %    MHz    MHz      %   bool     MB     MB     MB   errs   errs   errs   MB/s   MB/s 
    0    420     48     49     83     44      0      0      0      0   3201   1980      0      0 121815 121816      0      0      0      0     47     13 
    0    421     48     47     83     44      0      0      0      0   3201   1980      0      0 121815 121816      0      0      0      0     47     14 
    0    420     48     48     83     44      0      0      0      0   3201   1980      0      0 121815 121816      0      0      0      0     81     13 
    0    416     48     47     83     44      0      0      0      0   3201   1980      0      0 121815 121816      0      0      0      0     47     14 
    0    420     49     48     83     45      0      0      0      0   3201   1980      0      0 121815 121816      0      0      0      0     50     13 
    0    418     48     47     84     45      0      0      0      0   3201   1980      0      0 121815 121816      0      0      0      0     48     14 
    0    425     48     48     83     44      0      0      0      0   3201   1980      0      0 121815 121816      0      0      0      0     47     13 
    0    421     48     47     83     44      0      0      0      0   3201   1980      0      0 121815 121816      0      0      0      0     47     14 
    0    420     48     48     83     44      0      0      0      0   3201   1980      0      0 121815 121816      0      0      0      0     51     13 
    0    419     48     49     84     45      0      0      0      0   3201   1980      0      0 121815 121816      0      0      0      0     50     14 
    0    419     48     47     83     44      0      0      0      0   3201   1980      0      0 121815 121816      0      0      0      0     47     13 
    0    419     48     49     83     44      0      0      0      0   3201   1980      0      0 121815 121816      0      0      0      0     48     14 
    0    419     48     49     83     44      0      0      0      0   3201   1980      0      0 121815 121816      0      0      0      0     49     13 
    0    417     48     47     83     45      0      0      0      0   3201   1980      0      0 121815 121816      0      0      0      0     49     14 
    0    424     48     47     83     44      0      0      0      0   3201   1980      0      0 121815 121816      0      0      0      0     47     16 
    0    419     48     49     84     45      0      0      0      0   3201   1980      0      0 121815 121816      0      0      0      0     47     15 
    0    423     48     48     83     44      0      0      0      0   3201   1980      0      0 121815 121816      0      0      0      0     47     13 
    0    419     48     49     84     45      0      0      0      0   3201   1980      0      0 121815 121816      0      0      0      0     47     14 
    0    420     48     47     83     44      0      0      0      0   3201   1980      0      0 121815 121816      0      0      0      0     47     13 
    0    418     48     47     83     45      0      0      0      0   3201   1980      0      0 121815 121816      0      0      0      0     47     14 
    0    420     48     46     82     44      0      0      0      0   3201   1980      0      0 121815 121816      0      0      0      0     48     13 
    0    229     43     41      0      0      0      0      0      0   3201   1980      0      0 121815 121816      0      0      0      0      0      1 
