# gpu    pwr  gtemp  mtemp     sm    mem    enc    dec    jpg    ofa   mclk   pclk  pviol  tviol     fb   bar1   ccpm  sbecc  dbecc    pci  rxpci  txpci 
# Idx      W      C      C      %      %      %      %      %      %    MHz    MHz      %   bool     MB     MB     MB   errs   errs   errs   MB/s   MB/s 
    0    149     39     35      0      0      0      0      0      0   3201   1980      0      0 121795 121796      0      0      0      0      4      0 
    0    136     39     37      0      0      0      0      0      0   3201   1980      0      0 121795 121796      0      0      0      0      0      0 
    0    134     39     37      0      0      0      0      0      0   3201   1980      0      0 121795 121796      0      0      0      0      0      0 
    0    134     38     36      0      0      0      0      0      0   3201   1980      0      0 121795 121796      0      0      0      0      1      0 
    0    134     38     36      0      0      0      0      0      0   3201   1980      0      0 121795 121796      0      0      0      0      0      0 
    0    133     38     36      0      0      0      0      0      0   3201   1980      0      0 121795 121796      0      0      0      0      0      1 
    0    133     38     36      0      0      0      0      0      0   3201   1980      0      0 121795 121796      0      0      0      0      0      0 
    0    133     38     36      0      0      0      0      0      0   3201   1980      0      0 121795 121796      0      0      0      0      0      1 
    0    133     38     36      0      0      0      0      0      0   3201   1980      0      0 121795 121796      0      0      0      0      0      0 
    0    133     38     36      0      0      0      0      0      0   3201   1980      0      0 121795 121796      0      0      0      0      0      1 
    0    133     38     36      0      0      0      0      0      0   3201   1980      0      0 121795 121796      0      0      0      0      0      0 
    0    133     38     36      0      0      0      0      0      0   3201   1980      0      0 121795 121796      0      0      0      0      0      1 
    0    133     37     35      0      0      0      0      0      0   3201   1980      0      0 121795 121796      0      0      0      0      0      0 
    0    348     42     43     83     44      0      0      0      0   3201   1980      0      0 121815 121816      0      0      0      0     49     15 
    0    414     43     44     83     44      0      0      0      0   3201   1980      0      0 121815 121816      0      0      0      0     47     13 
    0    415     44     45     83     44      0      0      0      0   3201   1980      0      0 121815 121816      0      0      0      0     49     13 
    0    415     44     45     84     45      0      0      0      0   3201   1980      0      0 121815 121816      0      0      0      0     49     16 
    0    415     45     46     84     45      0      0      0      0   3201   1980      0      0 121815 121816      0      0      0      0     50     13 
    0    415     45     46     83     45      0      0      0      0   3201   1980      0      0 121815 121816      0      0      0      0     49     13 
    0    413     45     44     83     44      0      0      0      0   3201   1980      0      0 121815 121816      0      0      0      0     51     13 
    0    418     45     46     82     42      0      0      0      0   3201   1980      0      0 121815 121816      0      0      0      0     50     13 
    0    418     46     46     82     42      0      0      0      0   3201   1980      0      0 121815 121816      0      0      0      0     47     13 
    0    421     46     47     81     42      0      0      0      0   3201   1980      0      0 121815 121816      0      0      0      0     50     13 
    0    418     46     47     81     42      0      0      0      0   3201   1980      0      0 121815 121816      0      0      0      0     47     14 
    0    417     46     45     82     42      0      0      0      0   3201   1980      0      0 121815 121816      0      0      0      0     48     13 
    0    417     46     48     83     45      0      0      0      0   3201   1980      0      0 121815 121816      0      0      0      0     48     13 
    0    416     46     47     83     44      0      0      0      0   3201   1980      0      0 121815 121816      0      0      0      0     47     14 
    0    419     46     46     82     44      0      0      0      0   3201   1980      0      0 121815 121816      0      0      0      0     49     13 
    0    417     46     47     83     44      0      0      0      0   3201   1980      0      0 121815 121816      0      0      0      0     53     15 
    0    416     46     47     84     45      0      0      0      0   3201   1980      0      0 121815 121816      0      0      0      0     47     13 
    0    418     47     48     83     44      0      0      0      0   3201   1980      0      0 121815 121816      0      0      0      0     47     14 
    0    418     47     47     83     44      0      0      0      0   3201   1980      0      0 121815 121816      0      0      0      0     47     13 
    0    421     47     46     83     44      0      0      0      0   3201   1980      0      0 121815 121816      0      0      0      0     49     13 
    0    417     47     48     83     45      0      0      0      0   3201   1980      0      0 121815 121816      0      0      0      0     49     13 
    0    421     47     47     83     45      0      0      0      0   3201   1980      0      0 121815 121816      0      0      0      0     47     13 
    0    422     47     48     83     44      0      0      0      0   3201   1980      0      0 121815 121816      0      0      0      0     47     13 
    0    418     47     46     83     44      0      0      0      0   3201   1980      0      0 121815 121816      0      0      0      0     47     13 
    0    418     47     48     83     45      0      0      0      0   3201   1980      0      0 121815 121816      0      0      0      0     47     14 
    0    413     47     48     83     44      0      0      0      0   3201   1980      0      0 121815 121816      0      0      0      0     47     14 
    0    420     47     48     83     45      0      0      0      0   3201   1980      0      0 121815 121816      0      0      0      0     50     13 
    0    418     47     45     84     45      0      0      0      0   3201   1980      0      0 121815 121816      0      0      0      0     77     14 
    0    422     47     47     84     45      0      0      0      0   3201   1980      0      0 121815 121816      0      0      0      0     47     13 
    0    415     47     47     83     44      0      0      0      0   3201   1980      0      0 121815 121816      0      0      0      0     49     13 
    0    421     47     48     83     44      0      0      0      0   3201   1980      0      0 121815 121816      0      0      0      0     87     13 
# gpu    pwr  gtemp  mtemp     sm    mem    enc    dec    jpg    ofa   mclk   pclk  pviol  tviol     fb   bar1   ccpm  sbecc  dbecc    pci  rxpci  txpci 
# Idx      W      C      C      %      %      %      %      %      %    MHz    MHz      %   bool     MB     MB     MB   errs   errs   errs   MB/s   MB/s 
    0    420     47     47     83     45      0      0      0      0   3201   1980      0      0 121815 121816      0      0      0      0     48     14 
    0    421     47     46     84     45      0      0      0      0   3201   1980      0      0 121815 121816      0      0      0      0     47     13 
    0    421     47     47     83     44      0      0      0      0   3201   1980      0      0 121815 121816      0      0      0      0     47     14 
    0    422     47     48     83     44      0      0      0      0   3201   1980      0      0 121815 121816      0      0      0      0     47     13 
    0    421     47     48     83     44      0      0      0      0   3201   1980      0      0 121815 121816      0      0      0      0     47     14 
    0    418     47     47     83     44      0      0      0      0   3201   1980      0      0 121815 121816      0      0      0      0     47     13 
    0    419     47     48     83     44      0      0      0      0   3201   1980      0      0 121815 121816      0      0      0      0     47     13 
    0    420     47     48     83     44      0      0      0      0   3201   1980      0      0 121815 121816      0      0      0      0     47     13 
    0    421     47     46     84     45      0      0      0      0   3201   1980      0      0 121815 121816      0      0      0      0     75     13 
    0    419     47     48     83     45      0      0      0      0   3201   1980      0      0 121815 121816      0      0      0      0     47     13 
    0    418     47     48     83     44      0      0      0      0   3201   1980      0      0 121815 121816      0      0      0      0     48     13 
    0    420     49     48     83     44      0      0      0      0   3201   1980      0      0 121815 121816      0      0      0      0     47     13 
    0    422     49     48     83     44      0      0      0      0   3201   1980      0      0 121815 121816      0      0      0      0     47     13 
    0    421     48     48     83     44      0      0      0      0   3201   1980      0      0 121815 121816      0      0      0      0     47     14 
    0    417     48     49     83     44      0      0      0      0   3201   1980      0      0 121815 121816      0      0      0      0     47     13 
    0    422     47     46     83     44      0      0      0      0   3201   1980      0      0 121815 121816      0      0      0      0     48     13 
    0    423     48     46     83     44      0      0      0      0   3201   1980      0      0 121815 121816      0      0      0      0     47     13 
    0    421     47     48     83     44      0      0      0      0   3201   1980      0      0 121815 121816      0      0      0      0     48     13 
    0    416     47     46     83     44      0      0      0      0   3201   1980      0      0 121815 121816      0      0      0      0     50     13 
    0    420     48     49     83     44      0      0      0      0   3201   1980      0      0 121815 121816      0      0      0      0     49     16 
    0    418     47     47     83     44      0      0      0      0   3201   1980      0      0 121815 121816      0      0      0      0     47     13 
    0    421     47     47     82     43      0      0      0      0   3201   1980      0      0 121815 121816      0      0      0      0     47     13 
    0    418     47     48     83     44      0      0      0      0   3201   1980      0      0 121815 121816      0      0      0      0     48     13 
    0    420     48     48     83     44      0      0      0      0   3201   1980      0      0 121815 121816      0      0      0      0     47     13 
    0    424     48     47     83     44      0      0      0      0   3201   1980      0      0 121815 121816      0      0      0      0     47     13 
    0    422     48     47     83     44      0      0      0      0   3201   1980      0      0 121815 121816      0      0      0      0     47     13 
    0    422     48     48     84     45      0      0      0      0   3201   1980      0      0 121815 121816      0      0      0      0     49     13 
    0    416     48     47     83     45      0      0      0      0   3201   1980      0      0 121815 121816      0      0      0      0     48     13 
    0    419     48     50     84     45      0      0      0      0   3201   1980      0      0 121815 121816      0      0      0      0     47     13 
    0    422     48     47     83     45      0      0      0      0   3201   1980      0      0 121815 121816      0      0      0      0     47     13 
    0    420     48     49     83     44      0      0      0      0   3201   1980      0      0 121815 121816      0      0      0      0     47     14 
    0    420     48     48     83     45      0      0      0      0   3201   1980      0      0 121815 121816      0      0      0      0     47     16 
    0    423     48     46     83     44      0      0      0      0   3201   1980      0      0 121815 121816      0      0      0      0     50     13 
    0    426     48     49     82     42      0      0      0      0   3201   1980      0      0 121815 121816      0      0      0      0     48     13 
    0    419     48     49     82     43      0      0      0      0   3201   1980      0      0 121815 121816      0      0      0      0     49     13 
    0    423     48     47     84     45      0      0      0      0   3201   1980      0      0 121815 121816      0      0      0      0     49     13 
    0    421     48     45     83     44      0      0      0      0   3201   1980      0      0 121815 121816      0      0      0      0     47     14 
    0    422     48     48     83     44      0      0      0      0   3201   1980      0      0 121815 121816      0      0      0      0     43     13 
    0    417     48     48     84     45      0      0      0      0   3201   1980      0      0 121815 121816      0      0      0      0     47     13 
    0    418     48     49     83     44      0      0      0      0   3201   1980      0      0 121815 121816      0      0      0      0     47     13 
    0    420     48     48     83     44      0      0      0      0   3201   1980      0      0 121815 121816      0      0      0      0     51     13 
    0    421     48     47     83     44      0      0      0      0   3201   1980      0      0 121815 121816      0      0      0      0     48     13 
    0    415     48     50     84     45      0      0      0      0   3201   1980      0      0 121815 121816      0      0      0      0     49     14 
    0    420     48     47     83     44      0      0      0      0   3201   1980      0      0 121815 121816      0      0      0      0     84     13 
# gpu    pwr  gtemp  mtemp     sm    mem    enc    dec    jpg    ofa   mclk   pclk  pviol  tviol     fb   bar1   ccpm  sbecc  dbecc    pci  rxpci  txpci 
# Idx      W      C      C      %      %      %      %      %      %    MHz    MHz      %   bool     MB     MB     MB   errs   errs   errs   MB/s   MB/s 
    0    420     48     47     84     45      0      0      0      0   3201   1980      0      0 121815 121816      0      0      0      0     49     14 
    0    422     48     47     82     42      0      0      0      0   3201   1980      0      0 121815 121816      0      0      0      0     47     14 
    0    429     48     48     82     42      0      0      0      0   3201   1980      0      0 121815 121816      0      0      0      0     48     14 
    0    420     48     47     82     42      0      0      0      0   3201   1980      0      0 121815 121816      0      0      0      0     48     13 
    0    420     48     46     82     42      0      0      0      0   3201   1980      0      0 121815 121816      0      0      0      0     50     14 
    0    421     48     49     83     45      0      0      0      0   3201   1980      0      0 121815 121816      0      0      0      0     49     13 
    0    417     48     48     83     45      0      0      0      0   3201   1980      0      0 121815 121816      0      0      0      0     47     14 
    0    419     48     49     83     44      0      0      0      0   3201   1980      0      0 121815 121816      0      0      0      0     55     13 
    0    417     48     46     83     44      0      0      0      0   3201   1980      0      0 121815 121816      0      0      0      0     47     15 
    0    419     48     48     83     45      0      0      0      0   3201   1980      0      0 121815 121816      0      0      0      0     47     14 
    0    418     48     47     83     44      0      0      0      0   3201   1980      0      0 121815 121816      0      0      0      0     48     17 
    0    417     48     47     83     44      0      0      0      0   3201   1980      0      0 121815 121816      0      0      0      0     47     13 
    0    426     48     47     83     44      0      0      0      0   3201   1980      0      0 121815 121816      0      0      0      0     50     15 
    0    419     48     49     82     42      0      0      0      0   3201   1980      0      0 121815 121816      0      0      0      0     47     13 
    0    415     48     47     82     42      0      0      0      0   3201   1980      0      0 121815 121816      0      0      0      0     48     14 
    0    421     48     48     82     42      0      0      0      0   3201   1980      0      0 121815 121816      0      0      0      0     47     13 
    0    420     48     46     82     42      0      0      0      0   3201   1980      0      0 121815 121816      0      0      0      0     47     14 
    0    421     48     47     83     44      0      0      0      0   3201   1980      0      0 121815 121816      0      0      0      0     47     13 
    0    422     48     49     84     45      0      0      0      0   3201   1980      0      0 121815 121816      0      0      0      0     48     14 
    0    416     48     48     83     44      0      0      0      0   3201   1980      0      0 121815 121816      0      0      0      0     47     13 
    0    424     48     46     82     44      0      0      0      0   3201   1980      0      0 121815 121816      0      0      0      0     48     14 
    0    159     42     41      0      0      0      0      0      0   3201   1980      0      0 121815 121816      0      0      0      0      0      0 
