# gpu    pwr  gtemp  mtemp     sm    mem    enc    dec    jpg    ofa   mclk   pclk  pviol  tviol     fb   bar1   ccpm  sbecc  dbecc    pci  rxpci  txpci 
# Idx      W      C      C      %      %      %      %      %      %    MHz    MHz      %   bool     MB     MB     MB   errs   errs   errs   MB/s   MB/s 
    0    141     35     34      0      0      0      0      0      0   3201   1980      0      0 121795 121796      0      0      0      0      0      0 
    0    137     34     33      0      0      0      0      0      0   3201   1980      0      0 121795 121796      0      0      0      0      0      0 
    0    131     34     33      0      0      0      0      0      0   3201   1980      0      0 121795 121796      0      0      0      0      0      0 
    0    130     34     33      0      0      0      0      0      0   3201   1980      0      0 121795 121796      0      0      0      0      0      0 
    0    130     34     33      0      0      0      0      0      0   3201   1980      0      0 121795 121796      0      0      0      0      0      0 
    0    130     34     33      0      0      0      0      0      0   3201   1980      0      0 121795 121796      0      0      0      0      0      0 
    0    130     34     33      0      0      0      0      0      0   3201   1980      0      0 121795 121796      0      0      0      0      0      0 
    0    130     34     33      0      0      0      0      0      0   3201   1980      0      0 121795 121796      0      0      0      0      0      1 
    0    130     34     32      0      0      0      0      0      0   3201   1980      0      0 121795 121796      0      0      0      0      0      0 
    0    130     33     33      0      0      0      0      0      0   3201   1980      0      0 121795 121796      0      0      0      0      0      1 
    0    130     33     32      0      0      0      0      0      0   3201   1980      0      0 121795 121796      0      0      0      0      0      0 
    0    130     33     32      0      0      0      0      0      0   3201   1980      0      0 121795 121796      0      0      0      0      0      1 
    0    130     33     33      0      0      0      0      0      0   3201   1980      0      0 121795 121796      0      0      0      0      0      0 
    0    171     34     33      0      0      0      0      0      0   3201   1980      0      0 121843 121844      0      0      0      0      0      1 
    0    218     34     33      0      0      0      0      0      0   3201   1980      0      0 121843 121844      0      0      0      0     47     14 
    0    241     35     34     59     32      0      0      0      0   3201   1980      0      0 121843 121844      0      0      0      0     47     15 
    0    159     34     33      0      0      0      0      0      0   3201   1980      0      0 121843 121844      0      0      0      0      0      0 
    0    169     34     33      0      0      0      0      0      0   3201   1980      0      0 121843 121844      0      0      0      0      0      1 
    0    190     37     34     10      4      0      0      0      0   3201   1980      0      0 121843 121844      0      0      0      0     48      1 
    0    183     35     34     14      8      0      0      0      0   3201   1980      0      0 121843 121844      0      0      0      0      0     18 
    0    209     34     33      0      0      0      0      0      0   3201   1980      0      0 121843 121844      0      0      0      0      0      0 
    0    203     38     36     72     37      0      0      0      0   3201   1980      0      0 121843 121844      0      0      0      0     47     14 
    0    228     35     33      0      0      0      0      0      0   3201   1980      0      0 121843 121844      0      0      0      0      0      0 
    0    171     34     33      0      0      0      0      0      0   3201   1980      0      0 121843 121844      0      0      0      0      0      1 
    0    173     34     33      0      0      0      0      0      0   3201   1980      0      0 121843 121844      0      0      0      0      0      0 
    0    130     34     33      0      0      0      0      0      0   3201   1980      0      0 121843 121844      0      0      0      0      0      1 
    0    168     34     33      0      0      0      0      0      0   3201   1980      0      0 121843 121844      0      0      0      0     48     13 
    0    212     34     33      0      0      0      0      0      0   3201   1980      0      0 121843 121844      0      0      0      0     18     17 
    0    287     35     34     83     44      0      0      0      0   3201   1980      0      0 121843 121844      0      0      0      0      0      0 
    0    131     34     33      0      0      0      0      0      0   3201   1980      0      0 121843 121844      0      0      0      0      0      1 
    0    291     38     38     84     44      0      0      0      0   3201   1980      0      0 121843 121844      0      0      0      0      0      0 
    0    206     37     36     33     16      0      0      0      0   3201   1980      0      0 121843 121844      0      0      0      0      0      1 
    0    248     35     34     83     44      0      0      0      0   3201   1980      0      0 121843 121844      0      0      0      0      0      0 
    0    207     35     34     76     40      0      0      0      0   3201   1980      0      0 121843 121844      0      0      0      0      0      1 
    0    131     34     33      0      0      0      0      0      0   3201   1980      0      0 121843 121844      0      0      0      0     30     16 
    0    251     38     36     65     33      0      0      0      0   3201   1980      0      0 121843 121844      0      0      0      0      0      1 
    0    249     36     36     79     40      0      0      0      0   3201   1980      0      0 121843 121844      0      0      0      0      0      0 
    0    233     39     36     23     11      0      0      0      0   3201   1980      0      0 121843 121844      0      0      0      0     49     15 
    0    272     36     34     37     20      0      0      0      0   3201   1980      0      0 121843 121844      0      0      0      0     68     14 
    0    169     34     33      0      0      0      0      0      0   3201   1980      0      0 121843 121844      0      0      0      0      0      0 
    0    131     34     33      0      0      0      0      0      0   3201   1980      0      0 121843 121844      0      0      0      0      0      0 
    0    290     35     34      0      0      0      0      0      0   3201   1980      0      0 121843 121844      0      0      0      0     48     15 
    0    337     37     37     60     32      0      0      0      0   3201   1980      0      0 121843 121844      0      0      0      0      2      0 
    0    286     36     35      0      0      0      0      0      0   3201   1980      0      0 121843 121844      0      0      0      0      0      1 
# gpu    pwr  gtemp  mtemp     sm    mem    enc    dec    jpg    ofa   mclk   pclk  pviol  tviol     fb   bar1   ccpm  sbecc  dbecc    pci  rxpci  txpci 
# Idx      W      C      C      %      %      %      %      %      %    MHz    MHz      %   bool     MB     MB     MB   errs   errs   errs   MB/s   MB/s 
    0    212     35     34      0      0      0      0      0      0   3201   1980      0      0 121843 121844      0      0      0      0      0      0 
    0    210     35     33      0      0      0      0      0      0   3201   1980      0      0 121843 121844      0      0      0      0      0      0 
    0    131     34     33      0      0      0      0      0      0   3201   1980      0      0 121843 121844      0      0      0      0      0      0 
    0    209     35     33      0      0      0      0      0      0   3201   1980      0      0 121843 121844      0      0      0      0      0      0 
    0    131     34     33      0      0      0      0      0      0   3201   1980      0      0 121843 121844      0      0      0      0      0      0 
    0    208     37     38      8      3      0      0      0      0   3201   1980      0      0 121843 121844      0      0      0      0      0      0 
    0    313     40     40     83     44      0      0      0      0   3201   1980      0      0 121843 121844      0      0      0      0     47     16 
    0    313     36     34      0      0      0      0      0      0   3201   1980      0      0 121843 121844      0      0      0      0     45     15 
    0    265     38     38      0      0      0      0      0      0   3201   1980      0      0 121843 121844      0      0      0      0     47     13 
    0    205     35     34      0      0      0      0      0      0   3201   1980      0      0 121843 121844      0      0      0      0      0      0 
    0    213     36     36     68     36      0      0      0      0   3201   1980      0      0 121843 121844      0      0      0      0      0      0 
    0    207     35     34      0      0      0      0      0      0   3201   1980      0      0 121843 121844      0      0      0      0     48     14 
    0    309     38     38     84     43      0      0      0      0   3201   1980      0      0 121843 121844      0      0      0      0      0      0 
    0    210     36     35     83     44      0      0      0      0   3201   1980      0      0 121843 121844      0      0      0      0      0      0 
    0    239     38     37     31     15      0      0      0      0   3201   1980      0      0 121843 121844      0      0      0      0      0      0 
    0    140     35     33      0      0      0      0      0      0   3201   1980      0      0 121843 121844      0      0      0      0      0      0 
    0    208     36     34      2      1      0      0      0      0   3201   1980      0      0 121843 121844      0      0      0      0     69     14 
    0    237     37     36      0      0      0      0      0      0   3201   1980      0      0 121843 121844      0      0      0      0     47     14 
    0    150     35     33      0      0      0      0      0      0   3201   1980      0      0 121843 121844      0      0      0      0      0      0 
    0    208     36     36     83     44      0      0      0      0   3201   1980      0      0 121843 121844      0      0      0      0      0      0 
    0    169     35     33     45     24      0      0      0      0   3201   1980      0      0 121843 121844      0      0      0      0      0      0 
    0    210     35     33      0      0      0      0      0      0   3201   1980      0      0 121843 121844      0      0      0      0      0      0 
    0    207     35     33      0      0      0      0      0      0   3201   1980      0      0 121843 121844      0      0      0      0      0      0 
    0    181     35     33      0      0      0      0      0      0   3201   1980      0      0 121843 121844      0      0      0      0     47      4 
    0    149     37     33      0      0      0      0      0      0   3201   1980      0      0 121843 121844      0      0      0      0     49     14 
    0    192     35     33      0      0      0      0      0      0   3201   1980      0      0 121843 121844      0      0      0      0      0      0 
    0    211     35     33      0      0      0      0      0      0   3201   1980      0      0 121843 121844      0      0      0      0      0      0 
    0    131     34     33      0      0      0      0      0      0   3201   1980      0      0 121843 121844      0      0      0      0     47     14 
    0    228     35     34     63     32      0      0      0      0   3201   1980      0      0 121843 121844      0      0      0      0      0      0 
    0    264     35     33      0      0      0      0      0      0   3201   1980      0      0 121843 121844      0      0      0      0     48      0 
    0    264     38     35     28     15      0      0      0      0   3201   1980      0      0 121843 121844      0      0      0      0     50     14 
    0    250     39     35      0      0      0      0      0      0   3201   1980      0      0 121843 121844      0      0      0      0      3      0 
    0    222     37     36      8      3      0      0      0      0   3201   1980      0      0 121843 121844      0      0      0      0      0      0 
    0    207     35     34      0      0      0      0      0      0   3201   1980      0      0 121843 121844      0      0      0      0      0      0 
    0    170     36     36     83     45      0      0      0      0   3201   1980      0      0 121843 121844      0      0      0      0     48      5 
    0    183     34     33      0      0      0      0      0      0   3201   1980      0      0 121843 121844      0      0      0      0      0      0 
    0    170     34     33      0      0      0      0      0      0   3201   1980      0      0 121843 121844      0      0      0      0      0      0 
    0    249     38     37     84     43      0      0      0      0   3201   1980      0      0 121843 121844      0      0      0      0      0      0 
    0    131     34     33      0      0      0      0      0      0   3201   1980      0      0 121843 121844      0      0      0      0     47      9 
    0    186     35     33      0      0      0      0      0      0   3201   1980      0      0 121843 121844      0      0      0      0      0      0 
    0    131     34     33      0      0      0      0      0      0   3201   1980      0      0 121843 121844      0      0      0      0      0      0 
    0    130     34     33      0      0      0      0      0      0   3201   1980      0      0 121843 121844      0      0      0      0      0      0 
    0    164     36     36     25     12      0      0      0      0   3201   1980      0      0 121843 121844      0      0      0      0     50     29 
    0    178     37     35     83     44      0      0      0      0   3201   1980      0      0 121843 121844      0      0      0      0     49     13 
# gpu    pwr  gtemp  mtemp     sm    mem    enc    dec    jpg    ofa   mclk   pclk  pviol  tviol     fb   bar1   ccpm  sbecc  dbecc    pci  rxpci  txpci 
# Idx      W      C      C      %      %      %      %      %      %    MHz    MHz      %   bool     MB     MB     MB   errs   errs   errs   MB/s   MB/s 
    0    263     35     34      0      0      0      0      0      0   3201   1980      0      0 121843 121844      0      0      0      0      0      0 
    0    169     34     33      0      0      0      0      0      0   3201   1980      0      0 121843 121844      0      0      0      0      0      0 
    0    231     37     33      0      0      0      0      0      0   3201   1980      0      0 121843 121844      0      0      0      0     47     13 
    0    237     36     36      0      0      0      0      0      0   3201   1980      0      0 121843 121844      0      0      0      0      0      0 
    0    169     35     33      0      0      0      0      0      0   3201   1980      0      0 121843 121844      0      0      0      0      5      0 
    0    170     34     33      0      0      0      0      0      0   3201   1980      0      0 121843 121844      0      0      0      0      0      0 
    0    131     34     33      0      0      0      0      0      0   3201   1980      0      0 121843 121844      0      0      0      0      0      0 
    0    172     34     33      0      0      0      0      0      0   3201   1980      0      0 121843 121844      0      0      0      0      0      0 
    0    246     34     33      7      3      0      0      0      0   3201   1980      0      0 121843 121844      0      0      0      0     50     17 
    0    336     37     37     76     40      0      0      0      0   3201   1980      0      0 121843 121844      0      0      0      0      0      0 
    0    249     36     35      0      0      0      0      0      0   3201   1980      0      0 121843 121844      0      0      0      0      0      0 
    0    159     37     35     82     43      0      0      0      0   3201   1980      0      0 121843 121844      0      0      0      0      0      0 
    0    263     37     37      9      5      0      0      0      0   3201   1980      0      0 121843 121844      0      0      0      0     41     15 
    0    250     35     34      0      0      0      0      0      0   3201   1980      0      0 121843 121844      0      0      0      0      0      0 
    0    137     34     33      0      0      0      0      0      0   3201   1980      0      0 121843 121844      0      0      0      0      4      0 
    0    220     36     35      0      0      0      0      0      0   3201   1980      0      0 121843 121844      0      0      0      0      0      0 
    0    209     37     37     77     41      0      0      0      0   3201   1980      0      0 121843 121844      0      0      0      0     48     14 
    0    282     35     34      0      0      0      0      0      0   3201   1980      0      0 121843 121844      0      0      0      0      0      0 
    0    163     37     34      1      0      0      0      0      0   3201   1980      0      0 121843 121844      0      0      0      0      0      0 
    0    221     38     36     84     43      0      0      0      0   3201   1980      0      0 121843 121844      0      0      0      0     50     13 
    0    273     35     34      0      0      0      0      0      0   3201   1980      0      0 121843 121844      0      0      0      0      0      0 
