# gpu    pwr  gtemp  mtemp     sm    mem    enc    dec    jpg    ofa   mclk   pclk  pviol  tviol     fb   bar1   ccpm  sbecc  dbecc    pci  rxpci  txpci 
# Idx      W      C      C      %      %      %      %      %      %    MHz    MHz      %   bool     MB     MB     MB   errs   errs   errs   MB/s   MB/s 
    0    140     41     40      0      0      0      0      0      0   3201   1980      0      0 121795 121796      0      0      0      0      0      1 
    0    135     39     37      0      0      0      0      0      0   3201   1980      0      0 121795 121796      0      0      0      0      0      0 
    0    134     39     37      0      0      0      0      0      0   3201   1980      0      0 121795 121796      0      0      0      0      0      1 
    0    134     39     37      0      0      0      0      0      0   3201   1980      0      0 121795 121796      0      0      0      0      0      0 
    0    134     38     36      0      0      0      0      0      0   3201   1980      0      0 121795 121796      0      0      0      0      0      1 
    0    134     38     36      0      0      0      0      0      0   3201   1980      0      0 121795 121796      0      0      0      0      0      0 
    0    133     38     36      0      0      0      0      0      0   3201   1980      0      0 121795 121796      0      0      0      0      0      1 
    0    133     38     36      0      0      0      0      0      0   3201   1980      0      0 121795 121796      0      0      0      0     39      0 
    0    133     38     36      0      0      0      0      0      0   3201   1980      0      0 121795 121796      0      0      0      0      0      1 
    0    133     38     36      0      0      0      0      0      0   3201   1980      0      0 121795 121796      0      0      0      0      0      0 
    0    133     38     36      0      0      0      0      0      0   3201   1980      0      0 121795 121796      0      0      0      0      0      0 
    0    133     38     36      0      0      0      0      0      0   3201   1980      0      0 121795 121796      0      0      0      0      0      0 
    0    133     38     36      0      0      0      0      0      0   3201   1980      0      0 121795 121796      0      0      0      0      0      0 
    0    378     43     43     83     44      0      0      0      0   3201   1980      0      0 121815 121816      0      0      0      0     75     14 
    0    411     44     44     83     44      0      0      0      0   3201   1980      0      0 121815 121816      0      0      0      0     48     13 
    0    415     44     44     83     44      0      0      0      0   3201   1980      0      0 121815 121816      0      0      0      0     48     13 
    0    416     45     44     83     44      0      0      0      0   3201   1980      0      0 121815 121816      0      0      0      0     47     13 
    0    416     45     43     83     44      0      0      0      0   3201   1980      0      0 121815 121816      0      0      0      0     47     13 
    0    417     45     44     82     42      0      0      0      0   3201   1980      0      0 121815 121816      0      0      0      0     47     14 
    0    419     45     44     81     42      0      0      0      0   3201   1980      0      0 121815 121816      0      0      0      0     49     13 
    0    416     45     44     81     42      0      0      0      0   3201   1980      0      0 121815 121816      0      0      0      0     49     13 
    0    416     45     44     82     42      0      0      0      0   3201   1980      0      0 121815 121816      0      0      0      0     47     14 
    0    416     45     47     83     44      0      0      0      0   3201   1980      0      0 121815 121816      0      0      0      0     49     13 
    0    415     46     47     83     44      0      0      0      0   3201   1980      0      0 121815 121816      0      0      0      0     50     13 
    0    417     46     45     83     44      0      0      0      0   3201   1980      0      0 121815 121816      0      0      0      0     47     14 
    0    415     46     45     82     44      0      0      0      0   3201   1980      0      0 121815 121816      0      0      0      0     47     14 
    0    418     46     47     84     45      0      0      0      0   3201   1980      0      0 121815 121816      0      0      0      0     82     13 
    0    417     46     47     83     44      0      0      0      0   3201   1980      0      0 121815 121816      0      0      0      0     49     13 
    0    419     47     47     83     44      0      0      0      0   3201   1980      0      0 121815 121816      0      0      0      0     47     13 
    0    415     47     46     84     45      0      0      0      0   3201   1980      0      0 121815 121816      0      0      0      0     47     13 
    0    418     46     47     82     42      0      0      0      0   3201   1980      0      0 121815 121816      0      0      0      0     49     13 
    0    418     47     48     82     42      0      0      0      0   3201   1980      0      0 121815 121816      0      0      0      0     47     14 
    0    419     47     47     82     42      0      0      0      0   3201   1980      0      0 121815 121816      0      0      0      0     47     13 
    0    420     47     45     82     42      0      0      0      0   3201   1980      0      0 121815 121816      0      0      0      0     47     14 
    0    417     47     46     83     44      0      0      0      0   3201   1980      0      0 121815 121816      0      0      0      0     48     13 
    0    420     47     48     83     44      0      0      0      0   3201   1980      0      0 121815 121816      0      0      0      0     47     14 
    0    419     47     46     83     44      0      0      0      0   3201   1980      0      0 121815 121816      0      0      0      0     47     13 
    0    417     47     47     83     44      0      0      0      0   3201   1980      0      0 121815 121816      0      0      0      0     49     14 
    0    418     47     47     83     44      0      0      0      0   3201   1980      0      0 121815 121816      0      0      0      0     48     16 
    0    419     47     48     83     44      0      0      0      0   3201   1980      0      0 121815 121816      0      0      0      0     49     14 
    0    420     48     47     83     44      0      0      0      0   3201   1980      0      0 121815 121816      0      0      0      0     47     13 
    0    417     49     48     83     44      0      0      0      0   3201   1980      0      0 121815 121816      0      0      0      0     50     14 
    0    416     47     48     82     42      0      0      0      0   3201   1980      0      0 121815 121816      0      0      0      0     48     13 
    0    418     47     48     82     42      0      0      0      0   3201   1980      0      0 121815 121816      0      0      0      0     47     14 
# gpu    pwr  gtemp  mtemp     sm    mem    enc    dec    jpg    ofa   mclk   pclk  pviol  tviol     fb   bar1   ccpm  sbecc  dbecc    pci  rxpci  txpci 
# Idx      W      C      C      %      %      %      %      %      %    MHz    MHz      %   bool     MB     MB     MB   errs   errs   errs   MB/s   MB/s 
    0    418     47     47     82     42      0      0      0      0   3201   1980      0      0 121815 121816      0      0      0      0     48     13 
    0    422     47     48     82     42      0      0      0      0   3201   1980      0      0 121815 121816      0      0      0      0     47     14 
    0    418     47     48     83     45      0      0      0      0   3201   1980      0      0 121815 121816      0      0      0      0     49     13 
    0    420     47     47     83     44      0      0      0      0   3201   1980      0      0 121815 121816      0      0      0      0     48     14 
    0    421     47     46     83     44      0      0      0      0   3201   1980      0      0 121815 121816      0      0      0      0     47     13 
    0    419     47     48     84     45      0      0      0      0   3201   1980      0      0 121815 121816      0      0      0      0     48     14 
    0    418     47     46     83     44      0      0      0      0   3201   1980      0      0 121815 121816      0      0      0      0     51     13 
    0    420     47     46     83     44      0      0      0      0   3201   1980      0      0 121815 121816      0      0      0      0     80     14 
    0    419     48     47     83     44      0      0      0      0   3201   1980      0      0 121815 121816      0      0      0      0     48     13 
    0    417     49     48     83     44      0      0      0      0   3201   1980      0      0 121815 121816      0      0      0      0     48     13 
    0    417     48     48     83     44      0      0      0      0   3201   1980      0      0 121815 121816      0      0      0      0     48     13 
    0    419     48     46     81     42      0      0      0      0   3201   1980      0      0 121815 121816      0      0      0      0     47     13 
    0    417     48     47     81     42      0      0      0      0   3201   1980      0      0 121815 121816      0      0      0      0     48     13 
    0    420     47     47     82     42      0      0      0      0   3201   1980      0      0 121815 121816      0      0      0      0     49     13 
    0    417     48     49     82     42      0      0      0      0   3201   1980      0      0 121815 121816      0      0      0      0     49     13 
    0    418     47     47     83     44      0      0      0      0   3201   1980      0      0 121815 121816      0      0      0      0     47     13 
    0    422     47     48     83     44      0      0      0      0   3201   1980      0      0 121815 121816      0      0      0      0     48     13 
    0    420     48     49     83     44      0      0      0      0   3201   1980      0      0 121815 121816      0      0      0      0     50     13 
    0    420     48     49     83     44      0      0      0      0   3201   1980      0      0 121815 121816      0      0      0      0     47     13 
    0    419     47     46     83     44      0      0      0      0   3201   1980      0      0 121815 121816      0      0      0      0     84     13 
    0    421     47     49     83     44      0      0      0      0   3201   1980      0      0 121815 121816      0      0      0      0     49     13 
    0    421     49     46     83     45      0      0      0      0   3201   1980      0      0 121815 121816      0      0      0      0     47     13 
    0    419     48     48     83     44      0      0      0      0   3201   1980      0      0 121815 121816      0      0      0      0     50     13 
    0    420     48     47     82     42      0      0      0      0   3201   1980      0      0 121815 121816      0      0      0      0     48     13 
    0    420     48     46     82     42      0      0      0      0   3201   1980      0      0 121815 121816      0      0      0      0     51     13 
    0    422     48     47     82     42      0      0      0      0   3201   1980      0      0 121815 121816      0      0      0      0     49     13 
    0    421     48     46     82     42      0      0      0      0   3201   1980      0      0 121815 121816      0      0      0      0     47     13 
    0    420     48     47     84     45      0      0      0      0   3201   1980      0      0 121815 121816      0      0      0      0     48     13 
    0    420     48     49     83     44      0      0      0      0   3201   1980      0      0 121815 121816      0      0      0      0     50     13 
    0    419     48     48     83     44      0      0      0      0   3201   1980      0      0 121815 121816      0      0      0      0     47     13 
    0    420     48     46     83     44      0      0      0      0   3201   1980      0      0 121815 121816      0      0      0      0     51     13 
    0    418     48     48     83     44      0      0      0      0   3201   1980      0      0 121815 121816      0      0      0      0     82     13 
    0    419     48     48     84     45      0      0      0      0   3201   1980      0      0 121815 121816      0      0      0      0     48     13 
    0    422     49     48     84     45      0      0      0      0   3201   1980      0      0 121815 121816      0      0      0      0     48     13 
    0    420     48     48     83     44      0      0      0      0   3201   1980      0      0 121815 121816      0      0      0      0     51     13 
    0    419     48     47     82     42      0      0      0      0   3201   1980      0      0 121815 121816      0      0      0      0     47     13 
    0    423     48     48     82     42      0      0      0      0   3201   1980      0      0 121815 121816      0      0      0      0     50     13 
    0    419     48     49     82     42      0      0      0      0   3201   1980      0      0 121815 121816      0      0      0      0     48     13 
    0    422     48     47     82     42      0      0      0      0   3201   1980      0      0 121815 121816      0      0      0      0     51     13 
    0    420     48     49     84     45      0      0      0      0   3201   1980      0      0 121815 121816      0      0      0      0     49     13 
    0    420     48     49     84     45      0      0      0      0   3201   1980      0      0 121815 121816      0      0      0      0     48     13 
    0    419     48     47     83     45      0      0      0      0   3201   1980      0      0 121815 121816      0      0      0      0     47     13 
    0    421     48     49     84     45      0      0      0      0   3201   1980      0      0 121815 121816      0      0      0      0     47     13 
    0    420     48     49     83     44      0      0      0      0   3201   1980      0      0 121815 121816      0      0      0      0     81     13 
# gpu    pwr  gtemp  mtemp     sm    mem    enc    dec    jpg    ofa   mclk   pclk  pviol  tviol     fb   bar1   ccpm  sbecc  dbecc    pci  rxpci  txpci 
# Idx      W      C      C      %      %      %      %      %      %    MHz    MHz      %   bool     MB     MB     MB   errs   errs   errs   MB/s   MB/s 
    0    418     48     45     83     44      0      0      0      0   3201   1980      0      0 121815 121816      0      0      0      0     48     13 
    0    420     49     46     83     44      0      0      0      0   3201   1980      0      0 121815 121816      0      0      0      0     47     13 
    0    418     50     47     83     44      0      0      0      0   3201   1980      0      0 121815 121816      0      0      0      0     49     13 
    0    417     48     48     78     40      0      0      0      0   3201   1980      0      0 121815 121816      0      0      0      0     48     13 
    0    419     48     47     82     42      0      0      0      0   3201   1980      0      0 121815 121816      0      0      0      0     47     14 
    0    419     48     48     82     42      0      0      0      0   3201   1980      0      0 121815 121816      0      0      0      0     48     13 
    0    420     48     47     81     42      0      0      0      0   3201   1980      0      0 121815 121816      0      0      0      0     47     13 
    0    417     48     49     83     44      0      0      0      0   3201   1980      0      0 121815 121816      0      0      0      0     51     13 
    0    424     48     49     83     45      0      0      0      0   3201   1980      0      0 121815 121816      0      0      0      0     47     13 
    0    421     47     46     83     44      0      0      0      0   3201   1980      0      0 121815 121816      0      0      0      0     47     13 
    0    420     47     49     83     44      0      0      0      0   3201   1980      0      0 121815 121816      0      0      0      0     47     14 
    0    419     48     46     83     44      0      0      0      0   3201   1980      0      0 121815 121816      0      0      0      0     75     14 
    0    420     48     47     83     44      0      0      0      0   3201   1980      0      0 121815 121816      0      0      0      0     50     13 
    0    421     48     48     83     45      0      0      0      0   3201   1980      0      0 121815 121816      0      0      0      0     49     13 
    0    418     47     49     83     44      0      0      0      0   3201   1980      0      0 121815 121816      0      0      0      0     49     14 
    0    417     47     47     82     42      0      0      0      0   3201   1980      0      0 121815 121816      0      0      0      0     50     13 
    0    421     47     46     81     42      0      0      0      0   3201   1980      0      0 121815 121816      0      0      0      0     53     14 
    0    418     47     47     82     42      0      0      0      0   3201   1980      0      0 121815 121816      0      0      0      0     49     13 
    0    418     47     49     82     42      0      0      0      0   3201   1980      0      0 121815 121816      0      0      0      0     47     14 
    0    422     47     48     83     44      0      0      0      0   3201   1980      0      0 121815 121816      0      0      0      0     49     13 
    0    419     47     48     83     45      0      0      0      0   3201   1980      0      0 121815 121816      0      0      0      0     47     14 
    0    173     42     41      0      0      0      0      0      0   3201   1980      0      0 121815 121816      0      0      0      0      0      0 
