# gpu    pwr  gtemp  mtemp     sm    mem    enc    dec    jpg    ofa   mclk   pclk  pviol  tviol     fb   bar1   ccpm  sbecc  dbecc    pci  rxpci  txpci 
# Idx      W      C      C      %      %      %      %      %      %    MHz    MHz      %   bool     MB     MB     MB   errs   errs   errs   MB/s   MB/s 
    0    135     34     33     10      6      0      0      0      0   3201   1980      0      0 121795 121796      0      0      0      0      0      1 
    0    131     34     33      0      0      0      0      0      0   3201   1980      0      0 121795 121796      0      0      0      0      0      0 
    0    130     34     33      0      0      0      0      0      0   3201   1980      0      0 121795 121796      0      0      0      0      0      1 
    0    130     34     33      0      0      0      0      0      0   3201   1980      0      0 121795 121796      0      0      0      0      0      0 
    0    130     34     33      0      0      0      0      0      0   3201   1980      0      0 121795 121796      0      0      0      0      0      1 
    0    130     34     33      0      0      0      0      0      0   3201   1980      0      0 121795 121796      0      0      0      0      0      0 
    0    130     34     32      0      0      0      0      0      0   3201   1980      0      0 121795 121796      0      0      0      0      0      0 
    0    130     33     32      0      0      0      0      0      0   3201   1980      0      0 121795 121796      0      0      0      0      0      0 
    0    130     33     32      0      0      0      0      0      0   3201   1980      0      0 121795 121796      0      0      0      0      0      0 
    0    130     33     32      0      0      0      0      0      0   3201   1980      0      0 121795 121796      0      0      0      0      0      0 
    0    130     33     32      0      0      0      0      0      0   3201   1980      0      0 121795 121796      0      0      0      0      0      0 
    0    130     33     32      0      0      0      0      0      0   3201   1980      0      0 121795 121796      0      0      0      0      0      0 
    0    130     33     32      0      0      0      0      0      0   3201   1980      0      0 121797 121798      0      0      0      0     47     14 
    0    397     38     40     83     44      0      0      0      0   3201   1980      0      0 121797 121798      0      0      0      0     51     13 
    0    402     39     40     83     44      0      0      0      0   3201   1980      0      0 121797 121798      0      0      0      0     51     13 
    0    405     39     42     83     44      0      0      0      0   3201   1980      0      0 121797 121798      0      0      0      0     48     14 
    0    404     40     42     83     44      0      0      0      0   3201   1980      0      0 121797 121798      0      0      0      0     47     14 
    0    403     40     40     83     44      0      0      0      0   3201   1980      0      0 121797 121798      0      0      0      0     50     14 
    0    405     40     43     83     44      0      0      0      0   3201   1980      0      0 121797 121798      0      0      0      0     47     13 
    0    406     41     43     83     44      0      0      0      0   3201   1980      0      0 121797 121798      0      0      0      0     48     13 
    0    403     41     42     83     44      0      0      0      0   3201   1980      0      0 121797 121798      0      0      0      0     47     13 
    0    405     41     43     82     44      0      0      0      0   3201   1980      0      0 121797 121798      0      0      0      0     50     13 
    0    402     41     43     83     44      0      0      0      0   3201   1980      0      0 121797 121798      0      0      0      0     48     13 
    0    403     41     41     82     44      0      0      0      0   3201   1980      0      0 121797 121798      0      0      0      0     49     13 
    0    405     41     43     84     44      0      0      0      0   3201   1980      0      0 121797 121798      0      0      0      0     50     13 
    0    406     41     43     83     44      0      0      0      0   3201   1980      0      0 121797 121798      0      0      0      0     47     15 
    0    407     42     42     83     44      0      0      0      0   3201   1980      0      0 121797 121798      0      0      0      0     47     13 
    0    405     42     43     84     45      0      0      0      0   3201   1980      0      0 121797 121798      0      0      0      0     47     15 
    0    410     42     43     83     44      0      0      0      0   3201   1980      0      0 121797 121798      0      0      0      0     49     13 
    0    409     42     42     84     45      0      0      0      0   3201   1980      0      0 121797 121798      0      0      0      0     50     14 
    0    407     42     44     84     45      0      0      0      0   3201   1980      0      0 121797 121798      0      0      0      0     50     13 
    0    413     42     42     83     44      0      0      0      0   3201   1980      0      0 121797 121798      0      0      0      0     50     14 
    0    409     42     43     83     44      0      0      0      0   3201   1980      0      0 121797 121798      0      0      0      0     48     13 
    0    405     42     43     77     41      0      0      0      0   3201   1980      0      0 121797 121798      0      0      0      0     48     14 
    0    412     42     43     83     44      0      0      0      0   3201   1980      0      0 121797 121798      0      0      0      0     47     13 
    0    408     42     43     79     42      0      0      0      0   3201   1980      0      0 121797 121798      0      0      0      0     49     14 
    0    408     42     44     83     44      0      0      0      0   3201   1980      0      0 121797 121798      0      0      0      0     48     14 
    0    408     43     44     83     44      0      0      0      0   3201   1980      0      0 121797 121798      0      0      0      0     47     15 
    0    409     43     43     83     44      0      0      0      0   3201   1980      0      0 121797 121798      0      0      0      0     47     13 
    0    409     43     44     84     45      0      0      0      0   3201   1980      0      0 121797 121798      0      0      0      0     51     14 
    0    410     43     43     83     44      0      0      0      0   3201   1980      0      0 121797 121798      0      0      0      0     47     14 
    0    412     43     43     83     44      0      0      0      0   3201   1980      0      0 121797 121798      0      0      0      0     50     14 
    0    409     43     44     84     45      0      0      0      0   3201   1980      0      0 121797 121798      0      0      0      0     47     14 
    0    412     43     43     83     44      0      0      0      0   3201   1980      0      0 121797 121798      0      0      0      0     47     14 
# gpu    pwr  gtemp  mtemp     sm    mem    enc    dec    jpg    ofa   mclk   pclk  pviol  tviol     fb   bar1   ccpm  sbecc  dbecc    pci  rxpci  txpci 
# Idx      W      C      C      %      %      %      %      %      %    MHz    MHz      %   bool     MB     MB     MB   errs   errs   errs   MB/s   MB/s 
    0    412     43     43     83     44      0      0      0      0   3201   1980      0      0 121797 121798      0      0      0      0     47     13 
    0    412     43     44     83     44      0      0      0      0   3201   1980      0      0 121797 121798      0      0      0      0     48     14 
    0    415     43     43     84     45      0      0      0      0   3201   1980      0      0 121797 121798      0      0      0      0     47     14 
    0    411     43     44     82     44      0      0      0      0   3201   1980      0      0 121797 121798      0      0      0      0     49     14 
    0    411     43     43     83     44      0      0      0      0   3201   1980      0      0 121797 121798      0      0      0      0     49     13 
    0    413     43     43     83     44      0      0      0      0   3201   1980      0      0 121797 121798      0      0      0      0     49     14 
    0    409     43     43     83     44      0      0      0      0   3201   1980      0      0 121797 121798      0      0      0      0     48     13 
    0    411     43     45     83     44      0      0      0      0   3201   1980      0      0 121797 121798      0      0      0      0     49     14 
    0    411     43     43     79     41      0      0      0      0   3201   1980      0      0 121797 121798      0      0      0      0     51     13 
    0    411     43     44     83     44      0      0      0      0   3201   1980      0      0 121797 121798      0      0      0      0     50     14 
    0    411     43     44     78     41      0      0      0      0   3201   1980      0      0 121797 121798      0      0      0      0     47     14 
    0    416     43     43     83     44      0      0      0      0   3201   1980      0      0 121797 121798      0      0      0      0     47     34 
    0    414     43     44     83     45      0      0      0      0   3201   1980      0      0 121797 121798      0      0      0      0     47     13 
    0    415     43     43     83     44      0      0      0      0   3201   1980      0      0 121797 121798      0      0      0      0     48     14 
    0    414     43     43     83     44      0      0      0      0   3201   1980      0      0 121797 121798      0      0      0      0     50     13 
    0    409     43     44     83     44      0      0      0      0   3201   1980      0      0 121797 121798      0      0      0      0     47     14 
    0    411     43     43     83     44      0      0      0      0   3201   1980      0      0 121797 121798      0      0      0      0     49     13 
    0    416     43     44     83     44      0      0      0      0   3201   1980      0      0 121797 121798      0      0      0      0     55     14 
    0    412     43     43     82     44      0      0      0      0   3201   1980      0      0 121797 121798      0      0      0      0     47     14 
    0    416     43     43     84     45      0      0      0      0   3201   1980      0      0 121797 121798      0      0      0      0     48     14 
    0    409     43     43     83     44      0      0      0      0   3201   1980      0      0 121797 121798      0      0      0      0     47     14 
    0    412     43     44     83     44      0      0      0      0   3201   1980      0      0 121797 121798      0      0      0      0     48     14 
    0    409     43     44     84     45      0      0      0      0   3201   1980      0      0 121797 121798      0      0      0      0     50     13 
    0    414     43     43     83     44      0      0      0      0   3201   1980      0      0 121797 121798      0      0      0      0     46     14 
    0    410     43     43     83     44      0      0      0      0   3201   1980      0      0 121797 121798      0      0      0      0     47     14 
    0    410     43     44     82     44      0      0      0      0   3201   1980      0      0 121797 121798      0      0      0      0     47     14 
    0    413     43     45     83     44      0      0      0      0   3201   1980      0      0 121797 121798      0      0      0      0     47     14 
    0    412     43     43     84     45      0      0      0      0   3201   1980      0      0 121797 121798      0      0      0      0     47     13 
    0    408     43     45     83     44      0      0      0      0   3201   1980      0      0 121797 121798      0      0      0      0     49     13 
    0    411     44     44     83     45      0      0      0      0   3201   1980      0      0 121797 121798      0      0      0      0     47     14 
    0    412     44     45     84     44      0      0      0      0   3201   1980      0      0 121797 121798      0      0      0      0     47     14 
    0    411     44     46     83     44      0      0      0      0   3201   1980      0      0 121797 121798      0      0      0      0     47     12 
    0    409     44     46     83     44      0      0      0      0   3201   1980      0      0 121797 121798      0      0      0      0     47     14 
    0    412     44     45     83     44      0      0      0      0   3201   1980      0      0 121797 121798      0      0      0      0     47     14 
    0    411     44     46     83     44      0      0      0      0   3201   1980      0      0 121797 121798      0      0      0      0     50     13 
    0    414     44     43     83     44      0      0      0      0   3201   1980      0      0 121797 121798      0      0      0      0     49     13 
    0    408     45     44     81     43      0      0      0      0   3201   1980      0      0 121797 121798      0      0      0      0     47     13 
    0    412     45     45     83     44      0      0      0      0   3201   1980      0      0 121797 121798      0      0      0      0     47     14 
    0    414     45     44     83     44      0      0      0      0   3201   1980      0      0 121797 121798      0      0      0      0     48     13 
    0    410     45     46     83     44      0      0      0      0   3201   1980      0      0 121797 121798      0      0      0      0     47     13 
    0    413     45     46     83     44      0      0      0      0   3201   1980      0      0 121797 121798      0      0      0      0     48     13 
    0    412     45     45     83     44      0      0      0      0   3201   1980      0      0 121797 121798      0      0      0      0     51     13 
    0    416     45     46     83     44      0      0      0      0   3201   1980      0      0 121797 121798      0      0      0      0     48     13 
    0    414     45     45     83     44      0      0      0      0   3201   1980      0      0 121797 121798      0      0      0      0     49     13 
# gpu    pwr  gtemp  mtemp     sm    mem    enc    dec    jpg    ofa   mclk   pclk  pviol  tviol     fb   bar1   ccpm  sbecc  dbecc    pci  rxpci  txpci 
# Idx      W      C      C      %      %      %      %      %      %    MHz    MHz      %   bool     MB     MB     MB   errs   errs   errs   MB/s   MB/s 
    0    416     46     45     84     45      0      0      0      0   3201   1980      0      0 121797 121798      0      0      0      0     51     13 
    0    412     45     46     84     45      0      0      0      0   3201   1980      0      0 121797 121798      0      0      0      0     47     13 
    0    410     46     45     78     41      0      0      0      0   3201   1980      0      0 121797 121798      0      0      0      0     48     14 
    0    416     46     47     83     44      0      0      0      0   3201   1980      0      0 121797 121798      0      0      0      0     50     13 
    0    413     46     48     79     42      0      0      0      0   3201   1980      0      0 121797 121798      0      0      0      0     48     14 
    0    413     46     46     83     44      0      0      0      0   3201   1980      0      0 121797 121798      0      0      0      0     50     13 
    0    415     46     45     83     44      0      0      0      0   3201   1980      0      0 121797 121798      0      0      0      0     48     13 
    0    413     46     47     83     44      0      0      0      0   3201   1980      0      0 121797 121798      0      0      0      0     49     13 
    0    411     46     47     83     44      0      0      0      0   3201   1980      0      0 121797 121798      0      0      0      0     50     13 
    0    412     46     47     83     44      0      0      0      0   3201   1980      0      0 121797 121798      0      0      0      0     47     14 
    0    414     46     46     83     44      0      0      0      0   3201   1980      0      0 121797 121798      0      0      0      0     47     15 
    0    413     46     47     83     44      0      0      0      0   3201   1980      0      0 121797 121798      0      0      0      0     47     14 
    0    413     46     46     83     44      0      0      0      0   3201   1980      0      0 121797 121798      0      0      0      0     47     15 
    0    413     46     45     83     44      0      0      0      0   3201   1980      0      0 121797 121798      0      0      0      0     47     13 
    0    414     47     46     83     44      0      0      0      0   3201   1980      0      0 121797 121798      0      0      0      0     50     14 
    0    417     47     46     83     44      0      0      0      0   3201   1980      0      0 121797 121798      0      0      0      0     49     13 
    0    413     47     47     83     44      0      0      0      0   3201   1980      0      0 121797 121798      0      0      0      0     44     14 
    0    416     47     47     84     45      0      0      0      0   3201   1980      0      0 121797 121798      0      0      0      0     50     13 
    0    417     47     45     83     44      0      0      0      0   3201   1980      0      0 121797 121798      0      0      0      0     50     14 
    0    414     47     46     84     45      0      0      0      0   3201   1980      0      0 121797 121798      0      0      0      0     47     13 
    0    416     47     46     83     44      0      0      0      0   3201   1980      0      0 121797 121798      0      0      0      0     49     14 
    0    412     47     46     78     41      0      0      0      0   3201   1980      0      0 121797 121798      0      0      0      0     47     13 
    0    417     47     47     83     44      0      0      0      0   3201   1980      0      0 121797 121798      0      0      0      0     47     15 
    0    416     47     44     79     42      0      0      0      0   3201   1980      0      0 121797 121798      0      0      0      0     50     13 
    0    412     47     48     84     45      0      0      0      0   3201   1980      0      0 121797 121798      0      0      0      0     49     15 
    0    415     47     45     83     45      0      0      0      0   3201   1980      0      0 121797 121798      0      0      0      0     48     13 
    0    413     47     48     83     44      0      0      0      0   3201   1980      0      0 121797 121798      0      0      0      0     47     14 
    0    413     47     48     81     43      0      0      0      0   3201   1980      0      0 121797 121798      0      0      0      0     47     14 
    0    418     47     46     83     44      0      0      0      0   3201   1980      0      0 121797 121798      0      0      0      0     47     14 
    0    413     47     47     82     44      0      0      0      0   3201   1980      0      0 121797 121798      0      0      0      0     49     13 
    0    417     47     48     83     44      0      0      0      0   3201   1980      0      0 121797 121798      0      0      0      0     47     13 
    0    415     47     48     84     45      0      0      0      0   3201   1980      0      0 121797 121798      0      0      0      0     50     13 
    0    416     47     47     83     44      0      0      0      0   3201   1980      0      0 121797 121798      0      0      0      0     49     13 
    0    412     47     48     83     44      0      0      0      0   3201   1980      0      0 121797 121798      0      0      0      0     47     14 
    0    417     47     45     82     44      0      0      0      0   3201   1980      0      0 121797 121798      0      0      0      0     50     13 
    0    415     47     48     83     44      0      0      0      0   3201   1980      0      0 121797 121798      0      0      0      0     48     13 
    0    416     47     46     83     44      0      0      0      0   3201   1980      0      0 121797 121798      0      0      0      0     47     14 
    0    419     47     48     83     44      0      0      0      0   3201   1980      0      0 121797 121798      0      0      0      0     49     13 
    0    418     47     47     83     44      0      0      0      0   3201   1980      0      0 121797 121798      0      0      0      0     71     14 
    0    411     47     46     83     44      0      0      0      0   3201   1980      0      0 121797 121798      0      0      0      0     48     14 
    0    412     47     47     83     44      0      0      0      0   3201   1980      0      0 121797 121798      0      0      0      0     48     13 
    0    418     47     47     83     44      0      0      0      0   3201   1980      0      0 121797 121798      0      0      0      0     50     13 
    0    415     47     47     83     44      0      0      0      0   3201   1980      0      0 121797 121798      0      0      0      0     49     13 
    0    412     47     48     82     43      0      0      0      0   3201   1980      0      0 121797 121798      0      0      0      0     48     14 
# gpu    pwr  gtemp  mtemp     sm    mem    enc    dec    jpg    ofa   mclk   pclk  pviol  tviol     fb   bar1   ccpm  sbecc  dbecc    pci  rxpci  txpci 
# Idx      W      C      C      %      %      %      %      %      %    MHz    MHz      %   bool     MB     MB     MB   errs   errs   errs   MB/s   MB/s 
    0    418     47     46     83     44      0      0      0      0   3201   1980      0      0 121797 121798      0      0      0      0     50     13 
    0    412     47     48     83     44      0      0      0      0   3201   1980      0      0 121797 121798      0      0      0      0     48     13 
    0    413     47     47     83     44      0      0      0      0   3201   1980      0      0 121797 121798      0      0      0      0     51     13 
    0    413     47     48     83     44      0      0      0      0   3201   1980      0      0 121797 121798      0      0      0      0     48     13 
    0    415     48     47     83     45      0      0      0      0   3201   1980      0      0 121797 121798      0      0      0      0     47     14 
    0    414     48     49     82     44      0      0      0      0   3201   1980      0      0 121797 121798      0      0      0      0     50     13 
    0    415     47     47     83     44      0      0      0      0   3201   1980      0      0 121797 121798      0      0      0      0     47     14 
    0    415     47     48     83     44      0      0      0      0   3201   1980      0      0 121797 121798      0      0      0      0     50     13 
    0    418     48     49     83     44      0      0      0      0   3201   1980      0      0 121797 121798      0      0      0      0     47     14 
    0    418     48     48     83     44      0      0      0      0   3201   1980      0      0 121797 121798      0      0      0      0     49     13 
    0    415     47     46     83     44      0      0      0      0   3201   1980      0      0 121797 121798      0      0      0      0     49     13 
    0    417     48     46     83     44      0      0      0      0   3201   1980      0      0 121797 121798      0      0      0      0     50     13 
    0    414     48     49     83     44      0      0      0      0   3201   1980      0      0 121797 121798      0      0      0      0     47     13 
    0    415     48     49     83     44      0      0      0      0   3201   1980      0      0 121797 121798      0      0      0      0     79     14 
    0    417     48     49     83     44      0      0      0      0   3201   1980      0      0 121797 121798      0      0      0      0     48     13 
    0    415     48     47     83     44      0      0      0      0   3201   1980      0      0 121797 121798      0      0      0      0     47     13 
    0    413     48     48     83     44      0      0      0      0   3201   1980      0      0 121797 121798      0      0      0      0     50     13 
    0    416     48     47     83     44      0      0      0      0   3201   1980      0      0 121797 121798      0      0      0      0     47     13 
    0    420     48     49     84     45      0      0      0      0   3201   1980      0      0 121797 121798      0      0      0      0     49     14 
    0    414     48     48     83     44      0      0      0      0   3201   1980      0      0 121797 121798      0      0      0      0     50     13 
    0    418     48     47     84     44      0      0      0      0   3201   1980      0      0 121797 121798      0      0      0      0     49     13 
    0    415     48     46     83     44      0      0      0      0   3201   1980      0      0 121797 121798      0      0      0      0     49     14 
    0    415     48     48     83     44      0      0      0      0   3201   1980      0      0 121797 121798      0      0      0      0     49     13 
    0    414     48     47     82     44      0      0      0      0   3201   1980      0      0 121797 121798      0      0      0      0     48     14 
    0    416     48     49     83     44      0      0      0      0   3201   1980      0      0 121797 121798      0      0      0      0     50     13 
    0    414     48     48     83     45      0      0      0      0   3201   1980      0      0 121797 121798      0      0      0      0     48     15 
    0    416     48     47     82     44      0      0      0      0   3201   1980      0      0 121797 121798      0      0      0      0     48     14 
    0    415     48     48     83     44      0      0      0      0   3201   1980      0      0 121797 121798      0      0      0      0     48     14 
    0    417     48     48     83     44      0      0      0      0   3201   1980      0      0 121797 121798      0      0      0      0     47     14 
    0    413     48     47     83     44      0      0      0      0   3201   1980      0      0 121797 121798      0      0      0      0     47     15 
    0    417     48     49     83     44      0      0      0      0   3201   1980      0      0 121797 121798      0      0      0      0     47     13 
    0    415     48     48     84     44      0      0      0      0   3201   1980      0      0 121797 121798      0      0      0      0     49     14 
    0    418     48     47     83     44      0      0      0      0   3201   1980      0      0 121797 121798      0      0      0      0     78     14 
    0    415     48     48     83     44      0      0      0      0   3201   1980      0      0 121797 121798      0      0      0      0     47     15 
    0    419     48     46     83     45      0      0      0      0   3201   1980      0      0 121797 121798      0      0      0      0     50     13 
    0    416     48     48     84     45      0      0      0      0   3201   1980      0      0 121797 121798      0      0      0      0     47     15 
    0    416     48     49     83     44      0      0      0      0   3201   1980      0      0 121797 121798      0      0      0      0     47     14 
    0    419     48     48     84     45      0      0      0      0   3201   1980      0      0 121797 121798      0      0      0      0     50     14 
    0    415     48     49     83     44      0      0      0      0   3201   1980      0      0 121797 121798      0      0      0      0     50     13 
    0    416     48     48     84     45      0      0      0      0   3201   1980      0      0 121797 121798      0      0      0      0     47     14 
    0    415     48     48     82     44      0      0      0      0   3201   1980      0      0 121797 121798      0      0      0      0     48     14 
    0    422     48     49     83     44      0      0      0      0   3201   1980      0      0 121797 121798      0      0      0      0     47     15 
    0    412     48     46     83     44      0      0      0      0   3201   1980      0      0 121797 121798      0      0      0      0     48     14 
    0    414     48     47     83     44      0      0      0      0   3201   1980      0      0 121797 121798      0      0      0      0     45     14 
# gpu    pwr  gtemp  mtemp     sm    mem    enc    dec    jpg    ofa   mclk   pclk  pviol  tviol     fb   bar1   ccpm  sbecc  dbecc    pci  rxpci  txpci 
# Idx      W      C      C      %      %      %      %      %      %    MHz    MHz      %   bool     MB     MB     MB   errs   errs   errs   MB/s   MB/s 
    0    416     48     45     83     45      0      0      0      0   3201   1980      0      0 121797 121798      0      0      0      0     49     13 
    0    413     48     49     83     44      0      0      0      0   3201   1980      0      0 121797 121798      0      0      0      0     47     15 
    0    416     48     49     83     44      0      0      0      0   3201   1980      0      0 121797 121798      0      0      0      0     50     13 
    0    415     48     47     84     45      0      0      0      0   3201   1980      0      0 121797 121798      0      0      0      0     47     15 
    0    416     48     49     83     44      0      0      0      0   3201   1980      0      0 121797 121798      0      0      0      0     50     13 
    0    419     48     49     82     44      0      0      0      0   3201   1980      0      0 121797 121798      0      0      0      0     49     14 
    0    416     48     47     83     44      0      0      0      0   3201   1980      0      0 121797 121798      0      0      0      0     47     14 
    0    419     48     49     84     45      0      0      0      0   3201   1980      0      0 121797 121798      0      0      0      0     77     15 
    0    416     48     47     83     44      0      0      0      0   3201   1980      0      0 121797 121798      0      0      0      0     50     13 
    0    419     48     48     83     44      0      0      0      0   3201   1980      0      0 121797 121798      0      0      0      0     49     14 
    0    414     48     48     83     44      0      0      0      0   3201   1980      0      0 121797 121798      0      0      0      0     47     13 
    0    413     48     48     79     42      0      0      0      0   3201   1980      0      0 121797 121798      0      0      0      0     48     15 
    0    415     48     49     83     44      0      0      0      0   3201   1980      0      0 121797 121798      0      0      0      0     47     14 
    0    416     48     48     79     42      0      0      0      0   3201   1980      0      0 121797 121798      0      0      0      0     45     14 
    0    415     48     49     83     44      0      0      0      0   3201   1980      0      0 121797 121798      0      0      0      0     49     13 
    0    413     48     48     83     44      0      0      0      0   3201   1980      0      0 121797 121798      0      0      0      0     51     14 
    0    417     48     47     83     44      0      0      0      0   3201   1980      0      0 121797 121798      0      0      0      0     50     13 
    0    416     48     49     83     44      0      0      0      0   3201   1980      0      0 121797 121798      0      0      0      0     47     15 
    0    421     48     47     83     44      0      0      0      0   3201   1980      0      0 121797 121798      0      0      0      0     48     13 
    0    415     48     49     83     44      0      0      0      0   3201   1980      0      0 121797 121798      0      0      0      0     49     14 
    0    422     48     47     83     44      0      0      0      0   3201   1980      0      0 121797 121798      0      0      0      0     51     13 
    0    416     48     49     83     44      0      0      0      0   3201   1980      0      0 121797 121798      0      0      0      0     48     14 
    0    417     48     48     82     43      0      0      0      0   3201   1980      0      0 121797 121798      0      0      0      0     48     13 
    0    416     48     49     83     44      0      0      0      0   3201   1980      0      0 121797 121798      0      0      0      0     47     14 
    0    416     48     49     83     44      0      0      0      0   3201   1980      0      0 121797 121798      0      0      0      0     47     14 
    0    419     48     49     84     45      0      0      0      0   3201   1980      0      0 121797 121798      0      0      0      0     47     15 
    0    418     48     47     83     45      0      0      0      0   3201   1980      0      0 121797 121798      0      0      0      0     78     14 
    0    415     48     47     83     44      0      0      0      0   3201   1980      0      0 121797 121798      0      0      0      0     98     14 
    0    417     48     50     83     44      0      0      0      0   3201   1980      0      0 121797 121798      0      0      0      0     50     13 
    0    416     48     48     83     44      0      0      0      0   3201   1980      0      0 121797 121798      0      0      0      0     48     15 
    0    413     48     48     79     42      0      0      0      0   3201   1980      0      0 121797 121798      0      0      0      0     50     13 
    0    417     48     50     83     44      0      0      0      0   3201   1980      0      0 121797 121798      0      0      0      0     48     14 
    0    416     48     46     79     42      0      0      0      0   3201   1980      0      0 121797 121798      0      0      0      0     47     13 
    0    420     48     49     83     44      0      0      0      0   3201   1980      0      0 121797 121798      0      0      0      0     47     14 
    0    415     48     48     83     44      0      0      0      0   3201   1980      0      0 121797 121798      0      0      0      0     47     14 
    0    417     48     48     84     45      0      0      0      0   3201   1980      0      0 121797 121798      0      0      0      0     48     14 
    0    416     48     48     82     43      0      0      0      0   3201   1980      0      0 121797 121798      0      0      0      0     47     13 
    0    417     48     49     83     44      0      0      0      0   3201   1980      0      0 121797 121798      0      0      0      0     51     15 
    0    413     48     49     82     44      0      0      0      0   3201   1980      0      0 121797 121798      0      0      0      0     47     14 
    0    418     48     49     83     44      0      0      0      0   3201   1980      0      0 121797 121798      0      0      0      0     48     15 
    0    415     48     47     83     44      0      0      0      0   3201   1980      0      0 121797 121798      0      0      0      0     48     13 
    0    414     48     47     83     44      0      0      0      0   3201   1980      0      0 121797 121798      0      0      0      0     47     14 
    0    414     48     48     83     44      0      0      0      0   3201   1980      0      0 121797 121798      0      0      0      0     48     14 
    0    417     48     48     83     44      0      0      0      0   3201   1980      0      0 121797 121798      0      0      0      0     47     14 
# gpu    pwr  gtemp  mtemp     sm    mem    enc    dec    jpg    ofa   mclk   pclk  pviol  tviol     fb   bar1   ccpm  sbecc  dbecc    pci  rxpci  txpci 
# Idx      W      C      C      %      %      %      %      %      %    MHz    MHz      %   bool     MB     MB     MB   errs   errs   errs   MB/s   MB/s 
    0    412     48     48     83     44      0      0      0      0   3201   1980      0      0 121797 121798      0      0      0      0     48     14 
    0    420     48     49     83     44      0      0      0      0   3201   1980      0      0 121797 121798      0      0      0      0     49     15 
    0    418     48     46     83     44      0      0      0      0   3201   1980      0      0 121797 121798      0      0      0      0     47     14 
    0    416     48     49     83     44      0      0      0      0   3201   1980      0      0 121797 121798      0      0      0      0     48     13 
    0    418     48     47     83     44      0      0      0      0   3201   1980      0      0 121797 121798      0      0      0      0     48     13 
    0    414     48     48     83     44      0      0      0      0   3201   1980      0      0 121797 121798      0      0      0      0     49     12 
    0    414     48     47     83     44      0      0      0      0   3201   1980      0      0 121797 121798      0      0      0      0     48     13 
    0    415     48     46     81     43      0      0      0      0   3201   1980      0      0 121797 121798      0      0      0      0     50     13 
    0    416     48     47     83     44      0      0      0      0   3201   1980      0      0 121797 121798      0      0      0      0     47     14 
    0    414     48     48     83     44      0      0      0      0   3201   1980      0      0 121797 121798      0      0      0      0     49     13 
    0    415     48     49     84     45      0      0      0      0   3201   1980      0      0 121797 121798      0      0      0      0     50     13 
    0    415     48     48     83     44      0      0      0      0   3201   1980      0      0 121797 121798      0      0      0      0     48     13 
    0    414     48     48     84     45      0      0      0      0   3201   1980      0      0 121797 121798      0      0      0      0     50     13 
    0    415     48     48     83     44      0      0      0      0   3201   1980      0      0 121797 121798      0      0      0      0     49     13 
    0    417     48     49     83     44      0      0      0      0   3201   1980      0      0 121797 121798      0      0      0      0     47     14 
    0    414     48     47     83     44      0      0      0      0   3201   1980      0      0 121797 121798      0      0      0      0     51     13 
    0    416     48     47     83     44      0      0      0      0   3201   1980      0      0 121797 121798      0      0      0      0     50     13 
    0    413     48     47     83     44      0      0      0      0   3201   1980      0      0 121797 121798      0      0      0      0     49     13 
    0    415     48     47     83     44      0      0      0      0   3201   1980      0      0 121797 121798      0      0      0      0     47     14 
    0    417     48     48     83     44      0      0      0      0   3201   1980      0      0 121797 121798      0      0      0      0     47     12 
    0    415     48     49     83     44      0      0      0      0   3201   1980      0      0 121797 121798      0      0      0      0     48     13 
    0    412     48     49     83     44      0      0      0      0   3201   1980      0      0 121797 121798      0      0      0      0     49     13 
    0    414     48     47     83     44      0      0      0      0   3201   1980      0      0 121797 121798      0      0      0      0     49     13 
    0    413     48     48     83     44      0      0      0      0   3201   1980      0      0 121797 121798      0      0      0      0     48     13 
    0    415     48     47     79     41      0      0      0      0   3201   1980      0      0 121797 121798      0      0      0      0     47     14 
    0    417     48     47     83     44      0      0      0      0   3201   1980      0      0 121797 121798      0      0      0      0     47     13 
    0    415     48     48     79     42      0      0      0      0   3201   1980      0      0 121797 121798      0      0      0      0     48     13 
    0    415     48     47     83     44      0      0      0      0   3201   1980      0      0 121797 121798      0      0      0      0     49     13 
    0    418     48     48     83     44      0      0      0      0   3201   1980      0      0 121797 121798      0      0      0      0     51     13 
    0    415     48     47     83     44      0      0      0      0   3201   1980      0      0 121797 121798      0      0      0      0     48     13 
    0    415     48     49     83     44      0      0      0      0   3201   1980      0      0 121797 121798      0      0      0      0     48     13 
    0    415     48     49     83     44      0      0      0      0   3201   1980      0      0 121797 121798      0      0      0      0     48     13 
    0    415     48     50     83     44      0      0      0      0   3201   1980      0      0 121797 121798      0      0      0      0     50     13 
    0    417     48     47     83     45      0      0      0      0   3201   1980      0      0 121797 121798      0      0      0      0     49     13 
    0    413     48     48     82     44      0      0      0      0   3201   1980      0      0 121797 121798      0      0      0      0     49     13 
    0    418     48     49     83     45      0      0      0      0   3201   1980      0      0 121797 121798      0      0      0      0     55     13 
    0    414     48     49     83     44      0      0      0      0   3201   1980      0      0 121797 121798      0      0      0      0     50     13 
    0    417     48     47     83     44      0      0      0      0   3201   1980      0      0 121797 121798      0      0      0      0     47     13 
    0    416     48     49     83     44      0      0      0      0   3201   1980      0      0 121797 121798      0      0      0      0     48     14 
    0    418     48     50     84     45      0      0      0      0   3201   1980      0      0 121797 121798      0      0      0      0     48     13 
    0    416     48     49     83     44      0      0      0      0   3201   1980      0      0 121797 121798      0      0      0      0     48     14 
    0    412     48     49     83     44      0      0      0      0   3201   1980      0      0 121797 121798      0      0      0      0     48     13 
    0    413     48     47     83     44      0      0      0      0   3201   1980      0      0 121797 121798      0      0      0      0     47     14 
    0    416     48     46     83     44      0      0      0      0   3201   1980      0      0 121797 121798      0      0      0      0     49     13 
# gpu    pwr  gtemp  mtemp     sm    mem    enc    dec    jpg    ofa   mclk   pclk  pviol  tviol     fb   bar1   ccpm  sbecc  dbecc    pci  rxpci  txpci 
# Idx      W      C      C      %      %      %      %      %      %    MHz    MHz      %   bool     MB     MB     MB   errs   errs   errs   MB/s   MB/s 
    0    416     48     49     83     44      0      0      0      0   3201   1980      0      0 121797 121798      0      0      0      0     50     13 
    0    415     48     47     83     44      0      0      0      0   3201   1980      0      0 121797 121798      0      0      0      0     50     13 
    0    417     48     48     84     44      0      0      0      0   3201   1980      0      0 121797 121798      0      0      0      0     50     13 
    0    415     48     48     83     44      0      0      0      0   3201   1980      0      0 121797 121798      0      0      0      0     47     14 
    0    420     48     49     83     44      0      0      0      0   3201   1980      0      0 121797 121798      0      0      0      0     49     14 
    0    416     48     46     82     44      0      0      0      0   3201   1980      0      0 121797 121798      0      0      0      0     47     13 
    0    418     48     48     84     45      0      0      0      0   3201   1980      0      0 121797 121798      0      0      0      0     48     13 
    0    414     48     47     83     44      0      0      0      0   3201   1980      0      0 121797 121798      0      0      0      0     47     14 
    0    416     48     49     84     45      0      0      0      0   3201   1980      0      0 121797 121798      0      0      0      0     50     13 
    0    414     48     49     83     44      0      0      0      0   3201   1980      0      0 121797 121798      0      0      0      0     48     13 
    0    420     48     48     82     46      0      0      0      0   3201   1980      0      0 121797 121798      0      0      0      0     51     14 
    0    427     48     49     82     46      0      0      0      0   3201   1980      0      0 121797 121798      0      0      0      0     53     14 
    0    428     48     49     83     46      0      0      0      0   3201   1980      0      0 121797 121798      0      0      0      0     51     14 
    0    425     48     47     82     46      0      0      0      0   3201   1980      0      0 121797 121798      0      0      0      0     50     14 
    0    426     48     47     83     46      0      0      0      0   3201   1980      0      0 121797 121798      0      0      0      0     48     14 
    0    426     48     49     83     46      0      0      0      0   3201   1980      0      0 121797 121798      0      0      0      0     53     14 
    0    429     48     49     82     46      0      0      0      0   3201   1980      0      0 121797 121798      0      0      0      0     49     14 
    0    426     48     48     83     46      0      0      0      0   3201   1980      0      0 121797 121798      0      0      0      0     49     14 
    0    424     48     48     82     46      0      0      0      0   3201   1980      0      0 121797 121798      0      0      0      0     50     14 
    0    426     48     49     83     46      0      0      0      0   3201   1980      0      0 121797 121798      0      0      0      0     49     14 
    0    426     48     49     83     46      0      0      0      0   3201   1980      0      0 121797 121798      0      0      0      0     51     14 
    0    429     48     48     82     46      0      0      0      0   3201   1980      0      0 121797 121798      0      0      0      0     50     14 
    0    423     48     49     82     46      0      0      0      0   3201   1980      0      0 121797 121798      0      0      0      0     49     14 
    0    427     48     49     82     46      0      0      0      0   3201   1980      0      0 121797 121798      0      0      0      0     49     14 
    0    422     48     47     83     46      0      0      0      0   3201   1980      0      0 121797 121798      0      0      0      0     51     14 
    0    428     48     49     82     45      0      0      0      0   3201   1980      0      0 121797 121798      0      0      0      0     50     14 
    0    427     48     47     83     46      0      0      0      0   3201   1980      0      0 121797 121798      0      0      0      0     51     14 
    0    427     48     49     82     45      0      0      0      0   3201   1980      0      0 121797 121798      0      0      0      0     49     14 
    0    426     48     49     82     46      0      0      0      0   3201   1980      0      0 121797 121798      0      0      0      0     49     14 
    0    425     48     49     82     46      0      0      0      0   3201   1980      0      0 121797 121798      0      0      0      0     53     14 
    0    428     48     49     82     46      0      0      0      0   3201   1980      0      0 121797 121798      0      0      0      0     50     14 
    0    425     48     47     83     46      0      0      0      0   3201   1980      0      0 121797 121798      0      0      0      0     50     14 
    0    423     48     49     82     46      0      0      0      0   3201   1980      0      0 121797 121798      0      0      0      0     49     14 
    0    424     48     47     82     45      0      0      0      0   3201   1980      0      0 121797 121798      0      0      0      0     48     14 
    0    426     48     47     82     46      0      0      0      0   3201   1980      0      0 121797 121798      0      0      0      0     53     14 
    0    424     48     49     82     46      0      0      0      0   3201   1980      0      0 121797 121798      0      0      0      0     48     14 
    0    427     48     48     83     46      0      0      0      0   3201   1980      0      0 121797 121798      0      0      0      0     52     14 
    0    425     48     48     82     46      0      0      0      0   3201   1980      0      0 121797 121798      0      0      0      0     48     14 
    0    427     48     47     78     43      0      0      0      0   3201   1980      0      0 121797 121798      0      0      0      0     50     14 
    0    427     48     48     82     46      0      0      0      0   3201   1980      0      0 121797 121798      0      0      0      0     49     14 
    0    424     48     49     83     46      0      0      0      0   3201   1980      0      0 121797 121798      0      0      0      0     49     15 
    0    426     48     49     82     46      0      0      0      0   3201   1980      0      0 121797 121798      0      0      0      0     51     14 
    0    423     48     47     83     46      0      0      0      0   3201   1980      0      0 121797 121798      0      0      0      0     45     14 
    0    428     48     47     82     46      0      0      0      0   3201   1980      0      0 121797 121798      0      0      0      0     50     14 
# gpu    pwr  gtemp  mtemp     sm    mem    enc    dec    jpg    ofa   mclk   pclk  pviol  tviol     fb   bar1   ccpm  sbecc  dbecc    pci  rxpci  txpci 
# Idx      W      C      C      %      %      %      %      %      %    MHz    MHz      %   bool     MB     MB     MB   errs   errs   errs   MB/s   MB/s 
    0    424     48     50     83     46      0      0      0      0   3201   1980      0      0 121797 121798      0      0      0      0     51     15 
    0    425     48     47     82     46      0      0      0      0   3201   1980      0      0 121797 121798      0      0      0      0     49     14 
    0    425     48     47     82     46      0      0      0      0   3201   1980      0      0 121797 121798      0      0      0      0     49     15 
    0    428     48     47     82     46      0      0      0      0   3201   1980      0      0 121797 121798      0      0      0      0     52     14 
    0    424     48     47     82     46      0      0      0      0   3201   1980      0      0 121797 121798      0      0      0      0     48     15 
    0    425     48     48     78     43      0      0      0      0   3201   1980      0      0 121797 121798      0      0      0      0     52     14 
    0    428     48     49     82     46      0      0      0      0   3201   1980      0      0 121797 121798      0      0      0      0     52     15 
    0    427     48     48     83     46      0      0      0      0   3201   1980      0      0 121797 121798      0      0      0      0     48     14 
    0    427     48     49     83     46      0      0      0      0   3201   1980      0      0 121797 121798      0      0      0      0     50     15 
    0    427     48     47     83     46      0      0      0      0   3201   1980      0      0 121797 121798      0      0      0      0     51     14 
    0    427     48     47     83     46      0      0      0      0   3201   1980      0      0 121797 121798      0      0      0      0     49     15 
    0    425     48     48     83     46      0      0      0      0   3201   1980      0      0 121797 121798      0      0      0      0     48     14 
    0    427     48     48     82     46      0      0      0      0   3201   1980      0      0 121797 121798      0      0      0      0     51     15 
    0    423     48     47     83     46      0      0      0      0   3201   1980      0      0 121797 121798      0      0      0      0     50     14 
    0    429     48     50     82     46      0      0      0      0   3201   1980      0      0 121797 121798      0      0      0      0     79     15 
    0    425     48     46     82     46      0      0      0      0   3201   1980      0      0 121797 121798      0      0      0      0     51     14 
    0    426     48     48     78     43      0      0      0      0   3201   1980      0      0 121797 121798      0      0      0      0     51     15 
    0    426     48     47     82     46      0      0      0      0   3201   1980      0      0 121797 121798      0      0      0      0     48     14 
    0    427     48     49     82     46      0      0      0      0   3201   1980      0      0 121797 121798      0      0      0      0     49     15 
    0    426     48     48     83     46      0      0      0      0   3201   1980      0      0 121797 121798      0      0      0      0     48     14 
    0    424     48     49     83     46      0      0      0      0   3201   1980      0      0 121797 121798      0      0      0      0     48     15 
    0    426     48     49     82     46      0      0      0      0   3201   1980      0      0 121797 121798      0      0      0      0     48     14 
    0    426     48     49     83     46      0      0      0      0   3201   1980      0      0 121797 121798      0      0      0      0     46     15 
    0    429     48     49     83     46      0      0      0      0   3201   1980      0      0 121797 121798      0      0      0      0     49     14 
    0    424     48     48     81     45      0      0      0      0   3201   1980      0      0 121797 121798      0      0      0      0     49     15 
    0    426     48     49     82     46      0      0      0      0   3201   1980      0      0 121797 121798      0      0      0      0     50     14 
    0    426     48     48     82     46      0      0      0      0   3201   1980      0      0 121797 121798      0      0      0      0     52     15 
    0    427     48     49     80     44      0      0      0      0   3201   1980      0      0 121797 121798      0      0      0      0     48     14 
    0    428     48     48     82     46      0      0      0      0   3201   1980      0      0 121797 121798      0      0      0      0     48     15 
    0    425     48     48     83     46      0      0      0      0   3201   1980      0      0 121797 121798      0      0      0      0     53     14 
    0    428     48     50     83     46      0      0      0      0   3201   1980      0      0 121797 121798      0      0      0      0     51     15 
    0    425     48     48     81     45      0      0      0      0   3201   1980      0      0 121797 121798      0      0      0      0     53     14 
    0    427     48     48     83     46      0      0      0      0   3201   1980      0      0 121797 121798      0      0      0      0     52     15 
    0    423     48     47     83     46      0      0      0      0   3201   1980      0      0 121797 121798      0      0      0      0     49     14 
    0    428     48     48     82     46      0      0      0      0   3201   1980      0      0 121797 121798      0      0      0      0     51     15 
    0    425     48     49     82     46      0      0      0      0   3201   1980      0      0 121797 121798      0      0      0      0     52     14 
    0    428     48     47     82     46      0      0      0      0   3201   1980      0      0 121797 121798      0      0      0      0     47     15 
    0    426     48     49     83     46      0      0      0      0   3201   1980      0      0 121797 121798      0      0      0      0     49     14 
    0    427     48     49     82     46      0      0      0      0   3201   1980      0      0 121797 121798      0      0      0      0     52     15 
    0    425     48     49     83     46      0      0      0      0   3201   1980      0      0 121797 121798      0      0      0      0     48     14 
    0    424     48     48     83     46      0      0      0      0   3201   1980      0      0 121797 121798      0      0      0      0     51     15 
    0    426     48     48     83     46      0      0      0      0   3201   1980      0      0 121797 121798      0      0      0      0     52     14 
    0    424     48     49     83     46      0      0      0      0   3201   1980      0      0 121797 121798      0      0      0      0     51     15 
    0    427     48     47     83     46      0      0      0      0   3201   1980      0      0 121797 121798      0      0      0      0     48     14 
# gpu    pwr  gtemp  mtemp     sm    mem    enc    dec    jpg    ofa   mclk   pclk  pviol  tviol     fb   bar1   ccpm  sbecc  dbecc    pci  rxpci  txpci 
# Idx      W      C      C      %      %      %      %      %      %    MHz    MHz      %   bool     MB     MB     MB   errs   errs   errs   MB/s   MB/s 
    0    424     48     49     83     46      0      0      0      0   3201   1980      0      0 121797 121798      0      0      0      0     52     15 
    0    427     48     46     82     46      0      0      0      0   3201   1980      0      0 121797 121798      0      0      0      0     51     14 
    0    427     48     48     83     46      0      0      0      0   3201   1980      0      0 121797 121798      0      0      0      0     51     15 
    0    426     48     49     82     46      0      0      0      0   3201   1980      0      0 121797 121798      0      0      0      0     53     14 
    0    425     48     49     82     46      0      0      0      0   3201   1980      0      0 121797 121798      0      0      0      0     48     15 
    0    425     48     48     82     46      0      0      0      0   3201   1980      0      0 121797 121798      0      0      0      0     48     14 
    0    427     48     49     83     46      0      0      0      0   3201   1980      0      0 121797 121798      0      0      0      0     52     15 
    0    424     48     49     83     46      0      0      0      0   3201   1980      0      0 121797 121798      0      0      0      0     50     14 
    0    427     48     49     83     46      0      0      0      0   3201   1980      0      0 121797 121798      0      0      0      0     52     14 
    0    425     48     49     83     46      0      0      0      0   3201   1980      0      0 121797 121798      0      0      0      0     49     14 
    0    426     48     49     83     46      0      0      0      0   3201   1980      0      0 121797 121798      0      0      0      0     49     14 
    0    427     48     49     83     46      0      0      0      0   3201   1980      0      0 121797 121798      0      0      0      0     49     14 
    0    427     48     47     82     46      0      0      0      0   3201   1980      0      0 121797 121798      0      0      0      0     48     14 
    0    424     48     49     81     45      0      0      0      0   3201   1980      0      0 121797 121798      0      0      0      0     48     14 
    0    428     48     49     83     46      0      0      0      0   3201   1980      0      0 121797 121798      0      0      0      0     50     14 
    0    426     48     47     83     46      0      0      0      0   3201   1980      0      0 121797 121798      0      0      0      0     50     14 
    0    426     48     47     78     43      0      0      0      0   3201   1980      0      0 121797 121798      0      0      0      0     51     13 
    0    423     48     48     82     46      0      0      0      0   3201   1980      0      0 121797 121798      0      0      0      0     49     14 
    0    426     48     49     78     43      0      0      0      0   3201   1980      0      0 121797 121798      0      0      0      0     51     14 
    0    427     48     47     83     46      0      0      0      0   3201   1980      0      0 121797 121798      0      0      0      0     48     14 
    0    427     48     50     83     46      0      0      0      0   3201   1980      0      0 121797 121798      0      0      0      0     50     13 
    0    425     48     49     82     46      0      0      0      0   3201   1980      0      0 121797 121798      0      0      0      0     50     14 
    0    423     48     46     83     46      0      0      0      0   3201   1980      0      0 121797 121798      0      0      0      0     52     14 
    0    425     48     49     83     46      0      0      0      0   3201   1980      0      0 121797 121798      0      0      0      0     50     14 
    0    425     48     47     83     46      0      0      0      0   3201   1980      0      0 121797 121798      0      0      0      0     51     14 
    0    428     48     48     83     46      0      0      0      0   3201   1980      0      0 121797 121798      0      0      0      0     51     14 
    0    424     48     47     83     46      0      0      0      0   3201   1980      0      0 121797 121798      0      0      0      0     48     14 
    0    428     48     48     82     46      0      0      0      0   3201   1980      0      0 121797 121798      0      0      0      0     53     14 
    0    426     48     48     82     46      0      0      0      0   3201   1980      0      0 121797 121798      0      0      0      0     52     14 
    0    423     48     47     81     45      0      0      0      0   3201   1980      0      0 121797 121798      0      0      0      0     51     14 
    0    427     48     48     83     46      0      0      0      0   3201   1980      0      0 121797 121798      0      0      0      0     53     14 
    0    425     48     49     81     45      0      0      0      0   3201   1980      0      0 121797 121798      0      0      0      0     49     14 
    0    426     48     46     83     46      0      0      0      0   3201   1980      0      0 121797 121798      0      0      0      0     50     14 
    0    426     48     49     82     46      0      0      0      0   3201   1980      0      0 121797 121798      0      0      0      0     51     14 
    0    427     48     48     83     46      0      0      0      0   3201   1980      0      0 121797 121798      0      0      0      0     48     14 
    0    422     48     46     83     46      0      0      0      0   3201   1980      0      0 121797 121798      0      0      0      0     49     14 
    0    427     48     48     83     46      0      0      0      0   3201   1980      0      0 121797 121798      0      0      0      0     51     14 
