# gpu    pwr  gtemp  mtemp     sm    mem    enc    dec    jpg    ofa   mclk   pclk  pviol  tviol     fb   bar1   ccpm  sbecc  dbecc    pci  rxpci  txpci 
# Idx      W      C      C      %      %      %      %      %      %    MHz    MHz      %   bool     MB     MB     MB   errs   errs   errs   MB/s   MB/s 
    0    134     39     37      0      0      0      0      0      0   3201   1980      0      0 121795 121796      0      0      0      0      0      0 
    0    134     39     37      0      0      0      0      0      0   3201   1980      0      0 121795 121796      0      0      0      0      0      0 
    0    134     39     37      0      0      0      0      0      0   3201   1980      0      0 121795 121796      0      0      0      0      0      0 
    0    134     38     37      0      0      0      0      0      0   3201   1980      0      0 121795 121796      0      0      0      0      0      0 
    0    133     38     36      0      0      0      0      0      0   3201   1980      0      0 121795 121796      0      0      0      0      0      0 
    0    133     38     36      0      0      0      0      0      0   3201   1980      0      0 121795 121796      0      0      0      0      0      0 
    0    133     38     36      0      0      0      0      0      0   3201   1980      0      0 121795 121796      0      0      0      0      0      0 
    0    133     38     36      0      0      0      0      0      0   3201   1980      0      0 121795 121796      0      0      0      0      0      0 
    0    133     38     36      0      0      0      0      0      0   3201   1980      0      0 121795 121796      0      0      0      0      0      1 
    0    133     38     36      0      0      0      0      0      0   3201   1980      0      0 121795 121796      0      0      0      0      0      0 
    0    133     38     36      0      0      0      0      0      0   3201   1980      0      0 121795 121796      0      0      0      0      0      1 
    0    133     38     36      0      0      0      0      0      0   3201   1980      0      0 121795 121796      0      0      0      0      0      0 
    0    133     38     36      0      0      0      0      0      0   3201   1980      0      0 121795 121796      0      0      0      0      0      1 
    0    238     42     42     83     45      0      0      0      0   3201   1980      0      0 121843 121844      0      0      0      0     49     14 
    0    410     43     43     83     44      0      0      0      0   3201   1980      0      0 121843 121844      0      0      0      0     51     15 
    0    411     44     44     83     44      0      0      0      0   3201   1980      0      0 121843 121844      0      0      0      0     47     14 
    0    416     44     44     83     44      0      0      0      0   3201   1980      0      0 121843 121844      0      0      0      0     48     15 
    0    422     45     46     83     44      0      0      0      0   3201   1980      0      0 121843 121844      0      0      0      0     50     14 
    0    421     45     44     84     44      0      0      0      0   3201   1980      0      0 121843 121844      0      0      0      0     50     14 
    0    420     45     44     82     44      0      0      0      0   3201   1980      0      0 121843 121844      0      0      0      0     50     14 
    0    420     46     44     84     43      0      0      0      0   3201   1980      0      0 121843 121844      0      0      0      0     48     15 
    0    418     46     45     83     45      0      0      0      0   3201   1980      0      0 121843 121844      0      0      0      0     47     14 
    0    419     46     45     84     45      0      0      0      0   3201   1980      0      0 121843 121844      0      0      0      0     78     13 
    0    421     46     47     83     44      0      0      0      0   3201   1980      0      0 121843 121844      0      0      0      0     50     14 
    0    419     46     47     83     44      0      0      0      0   3201   1980      0      0 121843 121844      0      0      0      0     47     13 
    0    422     47     45     83     45      0      0      0      0   3201   1980      0      0 121843 121844      0      0      0      0     48     14 
    0    418     46     47     83     44      0      0      0      0   3201   1980      0      0 121843 121844      0      0      0      0     50     14 
    0    420     46     47     84     45      0      0      0      0   3201   1980      0      0 121843 121844      0      0      0      0     50     13 
    0    425     47     47     84     44      0      0      0      0   3201   1980      0      0 121843 121844      0      0      0      0     49     14 
    0    418     47     46     84     45      0      0      0      0   3201   1980      0      0 121843 121844      0      0      0      0     51     14 
    0    420     47     46     83     44      0      0      0      0   3201   1980      0      0 121843 121844      0      0      0      0     48     13 
    0    420     47     48     83     43      0      0      0      0   3201   1980      0      0 121843 121844      0      0      0      0     48     14 
    0    422     47     48     83     44      0      0      0      0   3201   1980      0      0 121843 121844      0      0      0      0     50     14 
    0    425     48     47     83     44      0      0      0      0   3201   1980      0      0 121843 121844      0      0      0      0     49     14 
    0    421     47     46     83     45      0      0      0      0   3201   1980      0      0 121843 121844      0      0      0      0     48     14 
    0    421     47     47     83     44      0      0      0      0   3201   1980      0      0 121843 121844      0      0      0      0     83     13 
    0    423     47     48     84     45      0      0      0      0   3201   1980      0      0 121843 121844      0      0      0      0     48     14 
    0    419     47     48     83     44      0      0      0      0   3201   1980      0      0 121843 121844      0      0      0      0     49     13 
    0    425     48     47     83     44      0      0      0      0   3201   1980      0      0 121843 121844      0      0      0      0     48     13 
    0    422     47     48     83     44      0      0      0      0   3201   1980      0      0 121843 121844      0      0      0      0     48     14 
    0    420     47     46     82     44      0      0      0      0   3201   1980      0      0 121843 121844      0      0      0      0     49     14 
    0    422     47     47     84     43      0      0      0      0   3201   1980      0      0 121843 121844      0      0      0      0     48     13 
    0    420     47     46     83     44      0      0      0      0   3201   1980      0      0 121843 121844      0      0      0      0     49     14 
    0    421     47     46     83     45      0      0      0      0   3201   1980      0      0 121843 121844      0      0      0      0     50     14 
# gpu    pwr  gtemp  mtemp     sm    mem    enc    dec    jpg    ofa   mclk   pclk  pviol  tviol     fb   bar1   ccpm  sbecc  dbecc    pci  rxpci  txpci 
# Idx      W      C      C      %      %      %      %      %      %    MHz    MHz      %   bool     MB     MB     MB   errs   errs   errs   MB/s   MB/s 
    0    417     47     49     84     45      0      0      0      0   3201   1980      0      0 121843 121844      0      0      0      0     48     13 
    0    421     47     48     82     44      0      0      0      0   3201   1980      0      0 121843 121844      0      0      0      0     45     15 
    0    422     48     48     83     44      0      0      0      0   3201   1980      0      0 121843 121844      0      0      0      0     48     14 
    0    418     48     46     83     44      0      0      0      0   3201   1980      0      0 121843 121844      0      0      0      0     51     15 
    0    422     48     48     83     44      0      0      0      0   3201   1980      0      0 121843 121844      0      0      0      0     49     14 
    0    426     48     49     83     44      0      0      0      0   3201   1980      0      0 121843 121844      0      0      0      0     50     15 
    0    418     48     48     83     44      0      0      0      0   3201   1980      0      0 121843 121844      0      0      0      0     49     14 
    0    423     50     48     83     44      0      0      0      0   3201   1980      0      0 121843 121844      0      0      0      0     50     15 
    0    418     48     47     83     44      0      0      0      0   3201   1980      0      0 121843 121844      0      0      0      0     48     14 
    0    423     48     49     84     45      0      0      0      0   3201   1980      0      0 121843 121844      0      0      0      0     47     14 
    0    425     48     46     83     43      0      0      0      0   3201   1980      0      0 121843 121844      0      0      0      0     50     14 
    0    423     48     48     82     44      0      0      0      0   3201   1980      0      0 121843 121844      0      0      0      0     51     15 
    0    422     49     48     83     45      0      0      0      0   3201   1980      0      0 121843 121844      0      0      0      0     48     14 
    0    419     48     48     83     44      0      0      0      0   3201   1980      0      0 121843 121844      0      0      0      0     50     15 
    0    421     48     49     84     45      0      0      0      0   3201   1980      0      0 121843 121844      0      0      0      0     48     14 
    0    425     48     47     82     44      0      0      0      0   3201   1980      0      0 121843 121844      0      0      0      0     50     15 
    0    421     48     45     83     44      0      0      0      0   3201   1980      0      0 121843 121844      0      0      0      0     48     14 
    0    422     48     49     83     44      0      0      0      0   3201   1980      0      0 121843 121844      0      0      0      0     51     14 
    0    422     48     48     84     45      0      0      0      0   3201   1980      0      0 121843 121844      0      0      0      0     51     14 
    0    421     48     48     84     45      0      0      0      0   3201   1980      0      0 121843 121844      0      0      0      0     51     15 
    0    426     48     48     84     43      0      0      0      0   3201   1980      0      0 121843 121844      0      0      0      0     47     13 
    0    421     48     47     83     44      0      0      0      0   3201   1980      0      0 121843 121844      0      0      0      0     48     15 
    0    421     48     49     83     45      0      0      0      0   3201   1980      0      0 121843 121844      0      0      0      0     50     17 
    0    423     48     49     84     43      0      0      0      0   3201   1980      0      0 121843 121844      0      0      0      0     49     15 
    0    424     48     45     84     45      0      0      0      0   3201   1980      0      0 121843 121844      0      0      0      0     58     14 
    0    425     48     47     82     44      0      0      0      0   3201   1980      0      0 121843 121844      0      0      0      0     50     15 
    0    419     48     49     84     45      0      0      0      0   3201   1980      0      0 121843 121844      0      0      0      0     50     14 
    0    421     48     48     83     44      0      0      0      0   3201   1980      0      0 121843 121844      0      0      0      0     47     14 
    0    423     48     47     83     44      0      0      0      0   3201   1980      0      0 121843 121844      0      0      0      0     47     14 
    0    422     48     49     82     44      0      0      0      0   3201   1980      0      0 121843 121844      0      0      0      0     47     15 
    0    423     48     48     84     45      0      0      0      0   3201   1980      0      0 121843 121844      0      0      0      0     48     13 
    0    422     48     45     83     43      0      0      0      0   3201   1980      0      0 121843 121844      0      0      0      0     54     15 
    0    420     48     49     82     44      0      0      0      0   3201   1980      0      0 121843 121844      0      0      0      0     47     14 
    0    424     48     48     84     43      0      0      0      0   3201   1980      0      0 121843 121844      0      0      0      0     48     15 
    0    421     48     49     82     44      0      0      0      0   3201   1980      0      0 121843 121844      0      0      0      0     49     14 
    0    422     48     47     84     45      0      0      0      0   3201   1980      0      0 121843 121844      0      0      0      0     84     15 
    0    420     48     49     83     44      0      0      0      0   3201   1980      0      0 121843 121844      0      0      0      0     47     14 
    0    420     48     49     84     45      0      0      0      0   3201   1980      0      0 121843 121844      0      0      0      0     48     16 
    0    426     48     49     83     45      0      0      0      0   3201   1980      0      0 121843 121844      0      0      0      0     48     14 
    0    423     48     49     84     45      0      0      0      0   3201   1980      0      0 121843 121844      0      0      0      0     50     15 
    0    422     48     46     82     44      0      0      0      0   3201   1980      0      0 121843 121844      0      0      0      0     48     14 
    0    422     48     47     84     43      0      0      0      0   3201   1980      0      0 121843 121844      0      0      0      0     48     14 
    0    420     48     49     84     45      0      0      0      0   3201   1980      0      0 121843 121844      0      0      0      0     48     14 
    0    424     48     47     83     44      0      0      0      0   3201   1980      0      0 121843 121844      0      0      0      0     51     14 
# gpu    pwr  gtemp  mtemp     sm    mem    enc    dec    jpg    ofa   mclk   pclk  pviol  tviol     fb   bar1   ccpm  sbecc  dbecc    pci  rxpci  txpci 
# Idx      W      C      C      %      %      %      %      %      %    MHz    MHz      %   bool     MB     MB     MB   errs   errs   errs   MB/s   MB/s 
    0    423     48     47     82     44      0      0      0      0   3201   1980      0      0 121843 121844      0      0      0      0     48     14 
    0    423     48     48     83     44      0      0      0      0   3201   1980      0      0 121843 121844      0      0      0      0     49     14 
    0    424     48     48     82     44      0      0      0      0   3201   1980      0      0 121843 121844      0      0      0      0     50     13 
    0    421     48     46     83     45      0      0      0      0   3201   1980      0      0 121843 121844      0      0      0      0     50     14 
    0    422     48     48     84     45      0      0      0      0   3201   1980      0      0 121843 121844      0      0      0      0     51     14 
    0    426     48     46     83     45      0      0      0      0   3201   1980      0      0 121843 121844      0      0      0      0     46     13 
    0    421     48     47     83     45      0      0      0      0   3201   1980      0      0 121843 121844      0      0      0      0     48     14 
    0    421     49     47     83     44      0      0      0      0   3201   1980      0      0 121843 121844      0      0      0      0     48     14 
    0    419     48     45     84     45      0      0      0      0   3201   1980      0      0 121843 121844      0      0      0      0     49     14 
    0    422     48     48     83     44      0      0      0      0   3201   1980      0      0 121843 121844      0      0      0      0     50     17 
    0    424     48     47     84     43      0      0      0      0   3201   1980      0      0 121843 121844      0      0      0      0     50     14 
    0    420     48     49     83     44      0      0      0      0   3201   1980      0      0 121843 121844      0      0      0      0     47     13 
    0    425     48     48     83     45      0      0      0      0   3201   1980      0      0 121843 121844      0      0      0      0     49     14 
    0    421     48     49     84     45      0      0      0      0   3201   1980      0      0 121843 121844      0      0      0      0     48     14 
    0    425     48     48     83     44      0      0      0      0   3201   1980      0      0 121843 121844      0      0      0      0     50     14 
    0    425     48     49     83     44      0      0      0      0   3201   1980      0      0 121843 121844      0      0      0      0     49     13 
    0    418     48     48     83     44      0      0      0      0   3201   1980      0      0 121843 121844      0      0      0      0     48     14 
    0    421     48     49     83     44      0      0      0      0   3201   1980      0      0 121843 121844      0      0      0      0     49     14 
    0    419     48     46     83     44      0      0      0      0   3201   1980      0      0 121843 121844      0      0      0      0     48     14 
    0    424     48     48     83     44      0      0      0      0   3201   1980      0      0 121843 121844      0      0      0      0     48     14 
    0    427     48     49     83     44      0      0      0      0   3201   1980      0      0 121843 121844      0      0      0      0     48     14 
    0    419     48     46     83     44      0      0      0      0   3201   1980      0      0 121843 121844      0      0      0      0     50     13 
    0    421     48     49     83     44      0      0      0      0   3201   1980      0      0 121843 121844      0      0      0      0     87     14 
    0    422     48     47     83     44      0      0      0      0   3201   1980      0      0 121843 121844      0      0      0      0     48     14 
    0    422     48     48     83     44      0      0      0      0   3201   1980      0      0 121843 121844      0      0      0      0     50     14 
    0    424     49     49     84     43      0      0      0      0   3201   1980      0      0 121843 121844      0      0      0      0     48     13 
    0    420     48     48     83     44      0      0      0      0   3201   1980      0      0 121843 121844      0      0      0      0     48     14 
    0    420     48     49     83     44      0      0      0      0   3201   1980      0      0 121843 121844      0      0      0      0     51     14 
    0    426     48     49     83     43      0      0      0      0   3201   1980      0      0 121843 121844      0      0      0      0     51     14 
    0    420     48     47     83     44      0      0      0      0   3201   1980      0      0 121843 121844      0      0      0      0     50     14 
    0    420     48     47     83     44      0      0      0      0   3201   1980      0      0 121843 121844      0      0      0      0     48     14 
    0    421     48     48     84     45      0      0      0      0   3201   1980      0      0 121843 121844      0      0      0      0     47     14 
    0    423     48     47     83     44      0      0      0      0   3201   1980      0      0 121843 121844      0      0      0      0     51     14 
    0    424     48     46     83     44      0      0      0      0   3201   1980      0      0 121843 121844      0      0      0      0     48     13 
    0    423     48     48     83     44      0      0      0      0   3201   1980      0      0 121843 121844      0      0      0      0     48     13 
    0    422     48     49     83     45      0      0      0      0   3201   1980      0      0 121843 121844      0      0      0      0     50     14 
    0    422     48     47     83     44      0      0      0      0   3201   1980      0      0 121843 121844      0      0      0      0     51     14 
    0    424     48     49     83     44      0      0      0      0   3201   1980      0      0 121843 121844      0      0      0      0     48     13 
    0    425     48     49     84     43      0      0      0      0   3201   1980      0      0 121843 121844      0      0      0      0     50     14 
    0    421     48     47     83     44      0      0      0      0   3201   1980      0      0 121843 121844      0      0      0      0     48     14 
    0    421     48     46     83     44      0      0      0      0   3201   1980      0      0 121843 121844      0      0      0      0     78     14 
    0    426     48     49     83     44      0      0      0      0   3201   1980      0      0 121843 121844      0      0      0      0     48     14 
    0    421     48     48     83     45      0      0      0      0   3201   1980      0      0 121843 121844      0      0      0      0     49     14 
    0    423     48     49     84     45      0      0      0      0   3201   1980      0      0 121843 121844      0      0      0      0     48     14 
# gpu    pwr  gtemp  mtemp     sm    mem    enc    dec    jpg    ofa   mclk   pclk  pviol  tviol     fb   bar1   ccpm  sbecc  dbecc    pci  rxpci  txpci 
# Idx      W      C      C      %      %      %      %      %      %    MHz    MHz      %   bool     MB     MB     MB   errs   errs   errs   MB/s   MB/s 
    0    422     48     49     84     45      0      0      0      0   3201   1980      0      0 121843 121844      0      0      0      0     49     14 
    0    420     48     49     83     44      0      0      0      0   3201   1980      0      0 121843 121844      0      0      0      0     48     14 
    0    419     48     49     83     45      0      0      0      0   3201   1980      0      0 121843 121844      0      0      0      0     50     14 
    0    421     48     47     83     44      0      0      0      0   3201   1980      0      0 121843 121844      0      0      0      0     50     13 
    0    423     48     47     83     45      0      0      0      0   3201   1980      0      0 121843 121844      0      0      0      0     48     14 
    0    420     48     47     83     44      0      0      0      0   3201   1980      0      0 121843 121844      0      0      0      0     50     13 
    0    421     48     46     83     45      0      0      0      0   3201   1980      0      0 121843 121844      0      0      0      0     48     14 
    0    425     48     46     84     43      0      0      0      0   3201   1980      0      0 121843 121844      0      0      0      0     50     13 
    0    424     48     49     84     45      0      0      0      0   3201   1980      0      0 121843 121844      0      0      0      0     49     14 
    0    421     48     48     83     44      0      0      0      0   3201   1980      0      0 121843 121844      0      0      0      0     48     14 
    0    424     48     50     84     45      0      0      0      0   3201   1980      0      0 121843 121844      0      0      0      0     48     14 
    0    419     48     48     83     44      0      0      0      0   3201   1980      0      0 121843 121844      0      0      0      0     48     13 
    0    425     48     47     83     44      0      0      0      0   3201   1980      0      0 121843 121844      0      0      0      0     50     14 
    0    423     48     49     83     45      0      0      0      0   3201   1980      0      0 121843 121844      0      0      0      0     48     13 
    0    420     48     47     83     44      0      0      0      0   3201   1980      0      0 121843 121844      0      0      0      0     50     17 
    0    424     48     49     84     45      0      0      0      0   3201   1980      0      0 121843 121844      0      0      0      0     49     14 
    0    425     48     49     83     45      0      0      0      0   3201   1980      0      0 121843 121844      0      0      0      0     50     14 
    0    424     48     49     84     43      0      0      0      0   3201   1980      0      0 121843 121844      0      0      0      0     48     13 
    0    423     48     47     83     44      0      0      0      0   3201   1980      0      0 121843 121844      0      0      0      0     49     14 
    0    421     48     49     83     45      0      0      0      0   3201   1980      0      0 121843 121844      0      0      0      0     52     13 
    0    429     48     47     84     43      0      0      0      0   3201   1980      0      0 121843 121844      0      0      0      0     50     14 
    0    420     48     48     83     45      0      0      0      0   3201   1980      0      0 121843 121844      0      0      0      0     48     14 
    0    423     48     46     84     45      0      0      0      0   3201   1980      0      0 121843 121844      0      0      0      0     48     14 
    0    425     48     48     83     45      0      0      0      0   3201   1980      0      0 121843 121844      0      0      0      0     50     14 
    0    421     48     49     83     44      0      0      0      0   3201   1980      0      0 121843 121844      0      0      0      0     48     14 
    0    386     45     44      0      0      0      0      0      0   3201   1980      0      0 121843 121844      0      0      0      0      0 