# gpu    pwr  gtemp  mtemp     sm    mem    enc    dec    jpg    ofa   mclk   pclk  pviol  tviol     fb   bar1   ccpm  sbecc  dbecc    pci  rxpci  txpci 
# Idx      W      C      C      %      %      %      %      %      %    MHz    MHz      %   bool     MB     MB     MB   errs   errs   errs   MB/s   MB/s 
    0    133     37     35      0      0      0      0      0      0   3201   1980      0      0 121795 121796      0      0      0      0      0      0 
    0    134     37     35      0      0      0      0      0      0   3201   1980      0      0 121795 121796      0      0      0      0      0      0 
    0    132     37     35      0      0      0      0      0      0   3201   1980      0      0 121795 121796      0      0      0      0      0      0 
    0    132     37     35      0      0      0      0      0      0   3201   1980      0      0 121795 121796      0      0      0      0      0      0 
    0    132     36     35      0      0      0      0      0      0   3201   1980      0      0 121795 121796      0      0      0      0      0      0 
    0    132     36     34      0      0      0      0      0      0   3201   1980      0      0 121795 121796      0      0      0      0      0      0 
    0    132     36     34      0      0      0      0      0      0   3201   1980      0      0 121795 121796      0      0      0      0      0      0 
    0    132     36     34      0      0      0      0      0      0   3201   1980      0      0 121795 121796      0      0      0      0      0      0 
    0    132     36     34      0      0      0      0      0      0   3201   1980      0      0 121795 121796      0      0      0      0      0      0 
    0    132     36     34      0      0      0      0      0      0   3201   1980      0      0 121795 121796      0      0      0      0      0      0 
    0    132     36     34      0      0      0      0      0      0   3201   1980      0      0 121795 121796      0      0      0      0      0      1 
    0    132     36     34      0      0      0      0      0      0   3201   1980      0      0 121795 121796      0      0      0      0      0      0 
    0    132     36     34      0      0      0      0      0      0   3201   1980      0      0 121795 121796      0      0      0      0      0      1 
    0    271     38     38     83     44      0      0      0      0   3201   1980      0      0 121815 121816      0      0      0      0     49     13 
    0    398     42     43     82     44      0      0      0      0   3201   1980      0      0 121815 121816      0      0      0      0     50     14 
    0    409     44     43     83     44      0      0      0      0   3201   1980      0      0 121815 121816      0      0      0      0     50     13 
    0    394     43     44     83     44      0      0      0      0   3201   1980      0      0 121815 121816      0      0      0      0     49     14 
    0    249     38     37      0      0      0      0      0      0   3201   1980      0      0 121815 121816      0      0      0      0      0      0 
    0    245     42     43     83     44      0      0      0      0   3201   1980      0      0 121815 121816      0      0      0      0     49     17 
    0    402     43     44     83     44      0      0      0      0   3201   1980      0      0 121815 121816      0      0      0      0     74     14 
    0    413     44     43     83     44      0      0      0      0   3201   1980      0      0 121815 121816      0      0      0      0      0      1 
    0    252     43     43     83     44      0      0      0      0   3201   1980      0      0 121815 121816      0      0      0      0     50     14 
    0    410     44     45     83     44      0      0      0      0   3201   1980      0      0 121815 121816      0      0      0      0     81     15 
    0    413     44     43     82     42      0      0      0      0   3201   1980      0      0 121815 121816      0      0      0      0     48     14 
    0    414     44     46     77     41      0      0      0      0   3201   1980      0      0 121815 121816      0      0      0      0      0      1 
    0    135     39     37      0      0      0      0      0      0   3201   1980      0      0 121815 121816      0      0      0      0      0      0 
    0    294     42     40      0      0      0      0      0      0   3201   1980      0      0 121815 121816      0      0      0      0     49     14 
    0    393     44     43     83     43      0      0      0      0   3201   1980      0      0 121815 121816      0      0      0      0     49     13 
    0    413     45     43     82     42      0      0      0      0   3201   1980      0      0 121815 121816      0      0      0      0     47     14 
    0    392     44     44     14      8      0      0      0      0   3201   1980      0      0 121815 121816      0      0      0      0     47     13 
    0    414     45     43     83     44      0      0      0      0   3201   1980      0      0 121815 121816      0      0      0      0     48     14 
    0    416     45     44     84     45      0      0      0      0   3201   1980      0      0 121815 121816      0      0      0      0     51     13 
    0    415     46     45     83     44      0      0      0      0   3201   1980      0      0 121815 121816      0      0      0      0     49     13 
    0    418     46     45     84     45      0      0      0      0   3201   1980      0      0 121815 121816      0      0      0      0     49     13 
    0    415     46     46     83     44      0      0      0      0   3201   1980      0      0 121815 121816      0      0      0      0     47     14 
    0    415     46     44     83     43      0      0      0      0   3201   1980      0      0 121815 121816      0      0      0      0     50     13 
    0    419     46     45     84     45      0      0      0      0   3201   1980      0      0 121815 121816      0      0      0      0     51     13 
    0    417     46     48     83     44      0      0      0      0   3201   1980      0      0 121815 121816      0      0      0      0     48     14 
    0    418     46     45     83     44      0      0      0      0   3201   1980      0      0 121815 121816      0      0      0      0     49     13 
    0    418     46     45     83     44      0      0      0      0   3201   1980      0      0 121815 121816      0      0      0      0     48     14 
    0    420     46     46     83     44      0      0      0      0   3201   1980      0      0 121815 121816      0      0      0      0     84     13 
    0    417     46     46     83     44      0      0      0      0   3201   1980      0      0 121815 121816      0      0      0      0     50     14 
    0    416     46     47     84     45      0      0      0      0   3201   1980      0      0 121815 121816      0      0      0      0     49     13 
    0    420     46     47     83     44      0      0      0      0   3201   1980      0      0 121815 121816      0      0      0      0     50     14 
# gpu    pwr  gtemp  mtemp     sm    mem    enc    dec    jpg    ofa   mclk   pclk  pviol  tviol     fb   bar1   ccpm  sbecc  dbecc    pci  rxpci  txpci 
# Idx      W      C      C      %      %      %      %      %      %    MHz    MHz      %   bool     MB     MB     MB   errs   errs   errs   MB/s   MB/s 
    0    418     47     45     82     42      0      0      0      0   3201   1980      0      0 121815 121816      0      0      0      0     49     13 
    0    419     48     44     82     42      0      0      0      0   3201   1980      0      0 121815 121816      0      0      0      0     50     14 
    0    420     47     46     81     42      0      0      0      0   3201   1980      0      0 121815 121816      0      0      0      0     50     13 
    0    421     47     46     82     42      0      0      0      0   3201   1980      0      0 121815 121816      0      0      0      0     48     14 
    0    416     47     46     84     45      0      0      0      0   3201   1980      0      0 121815 121816      0      0      0      0     51     13 
    0    418     47     48     83     44      0      0      0      0   3201   1980      0      0 121815 121816      0      0      0      0     50     14 
    0    418     47     48     82     44      0      0      0      0   3201   1980      0      0 121815 121816      0      0      0      0     49     14 
    0    419     47     47     84     45      0      0      0      0   3201   1980      0      0 121815 121816      0      0      0      0     50     13 
    0    415     47     45     83     44      0      0      0      0   3201   1980      0      0 121815 121816      0      0      0      0     50     13 
    0    417     47     46     83     44      0      0      0      0   3201   1980      0      0 121815 121816      0      0      0      0     83     13 
    0    417     47     45     83     44      0      0      0      0   3201   1980      0      0 121815 121816      0      0      0      0     47     14 
    0    417     47     47     83     44      0      0      0      0   3201   1980      0      0 121815 121816      0      0      0      0     49     14 
    0    420     47     46     81     42      0      0      0      0   3201   1980      0      0 121815 121816      0      0      0      0     49     14 
    0    419     47     47     82     42      0      0      0      0   3201   1980      0      0 121815 121816      0      0      0      0     48     14 
    0    417     47     48     82     42      0      0      0      0   3201   1980      0      0 121815 121816      0      0      0      0     48     13 
    0    418     47     46     82     42      0      0      0      0   3201   1980      0      0 121815 121816      0      0      0      0     50     14 
    0    416     47     46     83     44      0      0      0      0   3201   1980      0      0 121815 121816      0      0      0      0     49     13 
    0    417     47     45     84     45      0      0      0      0   3201   1980      0      0 121815 121816      0      0      0      0     48     14 
    0    419     47     48     84     45      0      0      0      0   3201   1980      0      0 121815 121816      0      0      0      0     51     13 
    0    419     47     46     83     44      0      0      0      0   3201   1980      0      0 121815 121816      0      0      0      0     50     14 
    0    416     47     46     83     44      0      0      0      0   3201   1980      0      0 121815 121816      0      0      0      0     47     14 
    0    419     47     46     84     45      0      0      0      0   3201   1980      0      0 121815 121816      0      0      0      0     48     14 
    0    418     47     46     83     44      0      0      0      0   3201   1980      0      0 121815 121816      0      0      0      0     84     13 
    0    417     47     47     83     44      0      0      0      0   3201   1980      0      0 121815 121816      0      0      0      0     50     13 
    0    422     47     48     81     42      0      0      0      0   3201   1980      0      0 121815 121816      0      0      0      0     51     13 
    0    419     47     48     82     42      0      0      0      0   3201   1980      0      0 121815 121816      0      0      0      0     48     14 
    0    423     48     48     82     43      0      0      0      0   3201   1980      0      0 121815 121816      0      0      0      0     49     13 
    0    417     48     49     84     45      0      0      0      0   3201   1980      0      0 121815 121816      0      0      0      0     48     14 
    0    421     48     48     83     44      0      0      0      0   3201   1980      0      0 121815 121816      0      0      0      0     48     13 
    0    418     48     46     83     44      0      0      0      0   3201   1980      0      0 121815 121816      0      0      0      0     50     14 
    0    420     47     47     84     45      0      0      0      0   3201   1980      0      0 121815 121816      0      0      0      0     48     13 
    0    421     48     46     83     44      0      0      0      0   3201   1980      0      0 121815 121816      0      0      0      0     48     14 
    0    419     48     48     83     44      0      0      0      0   3201   1980      0      0 121815 121816      0      0      0      0     48     13 
    0    418     48     49     83     44      0      0      0      0   3201   1980      0      0 121815 121816      0      0      0      0     48     14 
    0    421     48     48     83     44      0      0      0      0   3201   1980      0      0 121815 121816      0      0      0      0     47     14 
    0    418     48     49     83     44      0      0      0      0   3201   1980      0      0 121815 121816      0      0      0      0     76     14 
    0    418     48     47     83     44      0      0      0      0   3201   1980      0      0 121815 121816      0      0      0      0     48     12 
    0    420     48     49     83     44      0      0      0      0   3201   1980      0      0 121815 121816      0      0      0      0     49     14 
    0    417     49     49     83     44      0      0      0      0   3201   1980      0      0 121815 121816      0      0      0      0     47     13 
    0    420     48     46     83     44      0      0      0      0   3201   1980      0      0 121815 121816      0      0      0      0     49     14 
    0    417     48     48     84     45      0      0      0      0   3201   1980      0      0 121815 121816      0      0      0      0     47     14 
    0    421     48     49     83     44      0      0      0      0   3201   1980      0      0 121815 121816      0      0      0      0     48     14 
    0    421     48     47     83     44      0      0      0      0   3201   1980      0      0 121815 121816      0      0      0      0     47     13 
    0    416     48     49     83     44      0      0      0      0   3201   1980      0      0 121815 121816      0      0      0      0     50     14 
# gpu    pwr  gtemp  mtemp     sm    mem    enc    dec    jpg    ofa   mclk   pclk  pviol  tviol     fb   bar1   ccpm  sbecc  dbecc    pci  rxpci  txpci 
# Idx      W      C      C      %      %      %      %      %      %    MHz    MHz      %   bool     MB     MB     MB   errs   errs   errs   MB/s   MB/s 
    0    419     48     49     83     45      0      0      0      0   3201   1980      0      0 121815 121816      0      0      0      0     47     14 
    0    419     48     49     83     44      0      0      0      0   3201   1980      0      0 121815 121816      0      0      0      0     47     14 
    0    419     48     48     83     44      0      0      0      0   3201   1980      0      0 121815 121816      0      0      0      0     48     13 
    0    421     48     49     83     44      0      0      0      0   3201   1980      0      0 121815 121816      0      0      0      0     49     18 
    0    418     48     45     83     44      0      0      0      0   3201   1980      0      0 121815 121816      0      0      0      0     49     13 
    0    419     48     48     83     44      0      0      0      0   3201   1980      0      0 121815 121816      0      0      0      0     48     14 
    0    419     48     47     84     45      0      0      0      0   3201   1980      0      0 121815 121816      0      0      0      0     48     14 
    0    423     48     46     83     44      0      0      0      0   3201   1980      0      0 121815 121816      0      0      0      0     48     14 
    0    419     48     47     83     44      0      0      0      0   3201   1980      0      0 121815 121816      0      0      0      0     47     13 
    0    417     48     48     83     44      0      0      0      0   3201   1980      0      0 121815 121816      0      0      0      0     50     14 
    0    420     48     48     82     42      0      0      0      0   3201   1980      0      0 121815 121816      0      0      0      0     50     13 
    0    419     48     49     82     42      0      0      0      0   3201   1980      0      0 121815 121816      0      0      0      0     50     14 
    0    421     48     46     83     44      0      0      0      0   3201   1980      0      0 121815 121816      0      0      0      0     50     13 
    0    418     48     47     83     44      0      0      0      0   3201   1980      0      0 121815 121816      0      0      0      0     48     14 
    0    419     48     50     83     45      0      0      0      0   3201   1980      0      0 121815 121816      0      0      0      0     47     13 
    0    422     48     48     83     44      0      0      0      0   3201   1980      0      0 121815 121816      0      0      0      0     49     14 
    0    416     48     47     83     44      0      0      0      0   3201   1980      0      0 121815 121816      0      0      0      0     48     16 
    0    414     48     47     83     44      0      0      0      0   3201   1980      0      0 121815 121816      0      0      0      0     47     14 
    0    419     48     48     83     44      0      0      0      0   3201   1980      0      0 121815 121816      0      0      0      0     50     13 
    0    418     48     48     83     44      0      0      0      0   3201   1980      0      0 121815 121816      0      0      0      0     48     14 
    0    422     50     49     82     42      0      0      0      0   3201   1980      0      0 121815 121816      0      0      0      0     48     12 
    0    416     48     47     82     42      0      0      0      0   3201   1980      0      0 121815 121816      0      0      0      0     50     14 
    0    418     48     47     80     41      0      0      0      0   3201   1980      0      0 121815 121816      0      0      0      0     49     13 
    0    420     48     48     81     42      0      0      0      0   3201   1980      0      0 121815 121816      0      0      0      0     48     15 
    0    418     48     47     83     44      0      0      0      0   3201   1980      0      0 121815 121816      0      0      0      0     49     13 
    0    209     43     41      0      0      0      0      0      0   3201   1980      0      0 121815 