# gpu    pwr  gtemp  mtemp     sm    mem    enc    dec    jpg    ofa   mclk   pclk  pviol  tviol     fb   bar1   ccpm  sbecc  dbecc    pci  rxpci  txpci 
# Idx      W      C      C      %      %      %      %      %      %    MHz    MHz      %   bool     MB     MB     MB   errs   errs   errs   MB/s   MB/s 
    0    130     34     33      0      0      0      0      0      0   3201   1980      0      0 121739 121740      0      0      0      0      0      0 
    0    131     34     33      0      0      0      0      0      0   3201   1980      0      0 121739 121740      0      0      0      0      0      0 
    0    130     34     33      0      0      0      0      0      0   3201   1980      0      0 121739 121740      0      0      0      0      0      0 
    0    130     34     33      0      0      0      0      0      0   3201   1980      0      0 121739 121740      0      0      0      0      0      0 
    0    130     34     33      0      0      0      0      0      0   3201   1980      0      0 121739 121740      0      0      0      0      0      0 
    0    130     34     33      0      0      0      0      0      0   3201   1980      0      0 121739 121740      0      0      0      0      0      0 
    0    130     34     32      0      0      0      0      0      0   3201   1980      0      0 121739 121740      0      0      0      0      0      0 
    0    130     33     33      0      0      0      0      0      0   3201   1980      0      0 121739 121740      0      0      0      0      0      0 
    0    130     33     32      0      0      0      0      0      0   3201   1980      0      0 121739 121740      0      0      0      0      0      0 
    0    130     33     32      0      0      0      0      0      0   3201   1980      0      0 121739 121740      0      0      0      0      0      0 
    0    130     33     32      0      0      0      0      0      0   3201   1980      0      0 121739 121740      0      0      0      0      0      0 
    0    130     33     32      0      0      0      0      0      0   3201   1980      0      0 121739 121740      0      0      0      0      0      0 
    0    130     33     32      0      0      0      0      0      0   3201   1980      0      0 121739 121740      0      0      0      0      0      1 
    0    289     37     39     79     41      0      0      0      0   3201   1980      0      0 121741 121742      0      0      0      0     47     13 
    0    402     39     41     79     42      0      0      0      0   3201   1980      0      0 121741 121742      0      0      0      0     50     14 
    0    401     39     42     79     42      0      0      0      0   3201   1980      0      0 121741 121742      0      0      0      0     47     14 
    0    377     39     39     28     15      0      0      0      0   3201   1980      0      0 121741 121742      0      0      0      0     47     14 
    0    212     35     34      0      0      0      0      0      0   3201   1980      0      0 121741 121742      0      0      0      0      0      0 
    0    266     39     38     83     44      0      0      0      0   3201   1980      0      0 121741 121742      0      0      0      0     50     14 
    0    392     40     42     83     44      0      0      0      0   3201   1980      0      0 121741 121742      0      0      0      0     48     13 
    0    383     37     37     83     44      0      0      0      0   3201   1980      0      0 121741 121742      0      0      0      0      0      1 
    0    278     40     40     74     39      0      0      0      0   3201   1980      0      0 121741 121742      0      0      0      0     49     13 
    0    401     40     42     79     42      0      0      0      0   3201   1980      0      0 121741 121742      0      0      0      0     47     14 
    0    403     41     43     79     42      0      0      0      0   3201   1980      0      0 121741 121742      0      0      0      0     47     14 
    0    368     37     37     68     36      0      0      0      0   3201   1980      0      0 121741 121742      0      0      0      0      0      1 
    0    132     36     33      0      0      0      0      0      0   3201   1980      0      0 121741 121742      0      0      0      0     49     13 
    0    315     39     40     83     44      0      0      0      0   3201   1980      0      0 121741 121742      0      0      0      0     47     14 
    0    381     40     42     63     33      0      0      0      0   3201   1980      0      0 121741 121742      0      0      0      0     49     13 
    0    404     41     43     79     42      0      0      0      0   3201   1980      0      0 121741 121742      0      0      0      0     48     14 
    0    372     40     43     83     44      0      0      0      0   3201   1980      0      0 121741 121742      0      0      0      0     47     13 
    0    401     41     42     83     45      0      0      0      0   3201   1980      0      0 121741 121742      0      0      0      0     50     14 
    0    404     41     41     83     44      0      0      0      0   3201   1980      0      0 121741 121742      0      0      0      0     47     13 
    0    402     41     43     83     44      0      0      0      0   3201   1980      0      0 121741 121742      0      0      0      0     48     14 
    0    407     41     43     83     45      0      0      0      0   3201   1980      0      0 121741 121742      0      0      0      0     51     13 
    0    405     42     42     84     45      0      0      0      0   3201   1980      0      0 121741 121742      0      0      0      0     50     14 
    0    405     42     43     83     44      0      0      0      0   3201   1980      0      0 121741 121742      0      0      0      0     47     15 
    0    401     42     43     82     44      0      0      0      0   3201   1980      0      0 121741 121742      0      0      0      0     48     14 
    0    403     42     42     78     41      0      0      0      0   3201   1980      0      0 121741 121742      0      0      0      0     49     13 
    0    403     42     43     80     42      0      0      0      0   3201   1980      0      0 121741 121742      0      0      0      0     47     15 
    0    404     42     42     80     43      0      0      0      0   3201   1980      0      0 121741 121742      0      0      0      0     47     13 
    0    403     42     43     82     44      0      0      0      0   3201   1980      0      0 121741 121742      0      0      0      0     49     14 
    0    404     42     44     83     44      0      0      0      0   3201   1980      0      0 121741 121742      0      0      0      0     48     13 
    0    406     42     44     83     44      0      0      0      0   3201   1980      0      0 121741 121742      0      0      0      0     50     13 
    0    405     42     43     83     44      0      0      0      0   3201   1980      0      0 121741 121742      0      0      0      0     49     13 
# gpu    pwr  gtemp  mtemp     sm    mem    enc    dec    jpg    ofa   mclk   pclk  pviol  tviol     fb   bar1   ccpm  sbecc  dbecc    pci  rxpci  txpci 
# Idx      W      C      C      %      %      %      %      %      %    MHz    MHz      %   bool     MB     MB     MB   errs   errs   errs   MB/s   MB/s 
    0    404     42     43     83     44      0      0      0      0   3201   1980      0      0 121741 121742      0      0      0      0     50     13 
    0    404     42     43     83     44      0      0      0      0   3201   1980      0      0 121741 121742      0      0      0      0     47     13 
    0    407     42     44     84     45      0      0      0      0   3201   1980      0      0 121741 121742      0      0      0      0     50     15 
    0    404     43     43     83     45      0      0      0      0   3201   1980      0      0 121741 121742      0      0      0      0     50     13 
    0    405     42     43     84     45      0      0      0      0   3201   1980      0      0 121741 121742      0      0      0      0     48     13 
    0    405     43     43     78     41      0      0      0      0   3201   1980      0      0 121741 121742      0      0      0      0     50     12 
    0    405     43     44     78     41      0      0      0      0   3201   1980      0      0 121741 121742      0      0      0      0     50     13 
    0    404     43     43     79     42      0      0      0      0   3201   1980      0      0 121741 121742      0      0      0      0     47     13 
    0    407     43     43     79     42      0      0      0      0   3201   1980      0      0 121741 121742      0      0      0      0     47     14 
    0    405     43     44     84     45      0      0      0      0   3201   1980      0      0 121741 121742      0      0      0      0     49     13 
    0    404     43     44     83     44      0      0      0      0   3201   1980      0      0 121741 121742      0      0      0      0     48     13 
    0    407     43     43     83     44      0      0      0      0   3201   1980      0      0 121741 121742      0      0      0      0     47     13 
    0    407     43     43     84     45      0      0      0      0   3201   1980      0      0 121741 121742      0      0      0      0     50     13 
    0    406     43     44     83     44      0      0      0      0   3201   1980      0      0 121741 121742      0      0      0      0     78     12 
    0    406     43     44     83     44      0      0      0      0   3201   1980      0      0 121741 121742      0      0      0      0     49     13 
    0    405     43     44     83     44      0      0      0      0   3201   1980      0      0 121741 121742      0      0      0      0     50     13 
    0    407     43     44     83     44      0      0      0      0   3201   1980      0      0 121741 121742      0      0      0      0     49     13 
    0    408     43     43     83     44      0      0      0      0   3201   1980      0      0 121741 121742      0      0      0      0     51     13 
    0    405     43     44     83     44      0      0      0      0   3201   1980      0      0 121741 121742      0      0      0      0     47     13 
    0    407     43     43     83     44      0      0      0      0   3201   1980      0      0 121741 121742      0      0      0      0     48     13 
    0    404     43     44     83     44      0      0      0      0   3201   1980      0      0 121741 121742      0      0      0      0     49     13 
    0    405     43     44     83     44      0      0      0      0   3201   1980      0      0 121741 121742      0      0      0      0     47     14 
    0    406     43     43     83     44      0      0      0      0   3201   1980      0      0 121741 121742      0      0      0      0     48     13 
    0    404     43     43     84     45      0      0      0      0   3201   1980      0      0 121741 121742      0      0      0      0     50     15 
    0    406     43     43     83     44      0      0      0      0   3201   1980      0      0 121741 121742      0      0      0      0     48     13 
    0    406     43     44     83     44      0      0      0      0   3201   1980      0      0 121741 121742      0      0      0      0     47     13 
    0    407     43     43     79     41      0      0      0      0   3201   1980      0      0 121741 121742      0      0      0      0     47     14 
    0    404     43     43     79     42      0      0      0      0   3201   1980      0      0 121741 121742      0      0      0      0     49     13 
    0    405     43     44     79     42      0      0      0      0   3201   1980      0      0 121741 121742      0      0      0      0     47     14 
    0    403     43     44     81     43      0      0      0      0   3201   1980      0      0 121741 121742      0      0      0      0     47     14 
    0    404     43     43     83     44      0      0      0      0   3201   1980      0      0 121741 121742      0      0      0      0     47     13 
    0    406     43     44     84     45      0      0      0      0   3201   1980      0      0 121741 121742      0      0      0      0     49     13 
    0    408     43     44     83     44      0      0      0      0   3201   1980      0      0 121741 121742      0      0      0      0     47     13 
    0    407     43     44     83     45      0      0      0      0   3201   1980      0      0 121741 121742      0      0      0      0     50     13 
    0    408     43     43     84     45      0      0      0      0   3201   1980      0      0 121741 121742      0      0      0      0     81     13 
    0    407     43     43     83     45      0      0      0      0   3201   1980      0      0 121741 121742      0      0      0      0     50     13 
    0    408     43     44     83     44      0      0      0      0   3201   1980      0      0 121741 121742      0      0      0      0     49     13 
    0    406     43     43     83     44      0      0      0      0   3201   1980      0      0 121741 121742      0      0      0      0     47     13 
    0    406     43     45     79     41      0      0      0      0   3201   1980      0      0 121741 121742      0      0      0      0     48     13 
    0    407     43     46     79     42      0      0      0      0   3201   1980      0      0 121741 121742      0      0      0      0     49     13 
    0    406     43     44     79     42      0      0      0      0   3201   1980      0      0 121741 121742      0      0      0      0     47     14 
    0    406     43     44     79     41      0      0      0      0   3201   1980      0      0 121741 121742      0      0      0      0     50     13 
    0    407     43     43     83     44      0      0      0      0   3201   1980      0      0 121741 121742      0      0      0      0     47     14 
    0    407     43     44     83     45      0      0      0      0   3201   1980      0      0 121741 121742      0      0      0      0     49     13 
# gpu    pwr  gtemp  mtemp     sm    mem    enc    dec    jpg    ofa   mclk   pclk  pviol  tviol     fb   bar1   ccpm  sbecc  dbecc    pci  rxpci  txpci 
# Idx      W      C      C      %      %      %      %      %      %    MHz    MHz      %   bool     MB     MB     MB   errs   errs   errs   MB/s   MB/s 
    0    406     43     43     81     43      0      0      0      0   3201   1980      0      0 121741 121742      0      0      0      0     48     15 
    0    406     43     45     83     44      0      0      0      0   3201   1980      0      0 121741 121742      0      0      0      0     47     13 
    0    405     43     43     83     45      0      0      0      0   3201   1980      0      0 121741 121742      0      0      0      0     47     13 
    0    405     43     43     83     44      0      0      0      0   3201   1980      0      0 121741 121742      0      0      0      0     47     13 
    0    405     43     42     83     44      0      0      0      0   3201   1980      0      0 121741 121742      0      0      0      0     47     14 
    0    406     43     42     84     45      0      0      0      0   3201   1980      0      0 121741 121742      0      0      0      0     51     13 
    0    404     43     44     83     44      0      0      0      0   3201   1980      0      0 121741 121742      0      0      0      0     47     14 
    0    377     42     42     36     19      0      0      0      0   3201   1980      0      0 121741 121742      0      0      0      0     52     13 
    0    407     43     43     79     41      0      0      0      0   3201   1980      0      0 121741 121742      0      0      0      0     50     13 
    0    404     43     43     79     42      0      0      0      0   3201   1980      0      0 121741 121742      0      0      0      0     47     14 
    0    405     43     43     83     44      0      0      0      0   3201   1980      0      0 121741 121742      0      0      0      0     49     14 
    0    405     43     43     83     44      0      0      0      0   3201   1980      0      0 121741 121742      0      0      0      0     47     13 
    0    406     43     43     83     44      0      0      0      0   3201   1980      0      0 121741 121742      0      0      0      0     50     13 
    0    407     43     44     84     45      0      0      0      0   3201   1980      0      0 121741 121742      0      0      0      0     53     15 
    0    407     43     44     83     44      0      0      0      0   3201   1980      0      0 121741 121742      0      0      0      0     49     13 
    0    405     43     43     83     44      0      0      0      0   3201   1980      0      0 121741 121742      0      0      0      0     48     13 
    0    406     43     44     83     44      0      0      0      0   3201   1980      0      0 121741 121742      0      0      0      0     49     13 
    0    407     43     44     83     44      0      0      0      0   3201   1980      0      0 121741 121742      0      0      0      0     47     13 
    0    404     43     43     83     44      0      0      0      0   3201   1980      0      0 121741 121742      0      0      0      0     47     14 
    0    405     43     43     83     44      0      0      0      0   3201   1980      0      0 121741 121742      0      0      0      0     48     13 
    0    406     43     45     83     44      0      0      0      0   3201   1980      0      0 121741 121742      0      0      0      0     47     13 
    0    407     43     43     83     44      0      0      0      0   3201   1980      0      0 121741 121742      0      0      0      0     48     14 
    0    406     43     45     83     44      0      0      0      0   3201   1980      0      0 121741 121742      0      0      0      0     45     13 
    0    406     43     43     83     44      0      0      0      0   3201   1980      0      0 121741 121742      0      0      0      0     48     13 
    0    280     39     38      0      0      0      0      0      0   3201   1980      0      0 121741 121742      0      0      0      0      0      0 
    0    133     38     36      0      0      0      0      0      0   3201   1980      0      0 121741 121742      0      0      0      0      0      0 
    0    133     37     35      0      0      0      0      0      0   3201   1980      0      0 121741 121742      0      0      0      0      0      0 
    0    132     37     35      0      0      0      0      0      0   3201   1980      0      0 121741 121742      0      0      0      0      0      0 
    0    132     36     35      0      0      0      0      0      0   3201   1980      0      0 121741 121742      0      0      0      0      0      0 
    0    132     36     34      0      0      0      0      0      0   3201   1980      0      0 121741 121742      0      0      0      0      0      1 
    0    132     36     34      0      0      0      0      0      0   3201   1980      0      0 121741 121742      0      0      0      0      0      0 
