# gpu    pwr  gtemp  mtemp     sm    mem    enc    dec    jpg    ofa   mclk   pclk  pviol  tviol     fb   bar1   ccpm  sbecc  dbecc    pci  rxpci  txpci 
# Idx      W      C      C      %      %      %      %      %      %    MHz    MHz      %   bool     MB     MB     MB   errs   errs   errs   MB/s   MB/s 
    0    135     39     37      0      0      0      0      0      0   3201   1980      0      0 121795 121796      0      0      0      0      0      0 
    0    135     39     37      0      0      0      0      0      0   3201   1980      0      0 121795 121796      0      0      0      0      0      0 
    0    135     39     36      0      0      0      0      0      0   3201   1980      0      0 121795 121796      0      0      0      0      0      0 
    0    134     38     36      0      0      0      0      0      0   3201   1980      0      0 121795 121796      0      0      0      0      0      0 
    0    134     38     36      0      0      0      0      0      0   3201   1980      0      0 121795 121796      0      0      0      0      0      0 
    0    134     38     36      0      0      0      0      0      0   3201   1980      0      0 121795 121796      0      0      0      0      0      0 
    0    134     38     36      0      0      0      0      0      0   3201   1980      0      0 121795 121796      0      0      0      0      0      0 
    0    134     38     36      0      0      0      0      0      0   3201   1980      0      0 121795 121796      0      0      0      0      0      0 
    0    134     38     36      0      0      0      0      0      0   3201   1980      0      0 121795 121796      0      0      0      0      1      0 
    0    134     38     36      0      0      0      0      0      0   3201   1980      0      0 121795 121796      0      0      0      0     20      0 
    0    134     38     36      0      0      0      0      0      0   3201   1980      0      0 121795 121796      0      0      0      0      0      1 
    0    134     38     36      0      0      0      0      0      0   3201   1980      0      0 121795 121796      0      0      0      0      0      0 
    0    134     38     36      0      0      0      0      0      0   3201   1980      0      0 121795 121796      0      0      0      0      0      1 
    0    206     41     43     83     45      0      0      0      0   3201   1980      0      0 121815 121816      0      0      0      0     48     13 
    0    206     38     36      0      0      0      0      0      0   3201   1980      0      0 121815 121816      0      0      0      0     49     14 
    0    291     41     41     82     44      0      0      0      0   3201   1980      0      0 121815 121816      0      0      0      0     47     13 
    0    333     43     43     83     44      0      0      0      0   3201   1980      0      0 121815 121816      0      0      0      0     47     14 
    0    292     40     38      0      0      0      0      0      0   3201   1980      0      0 121815 121816      0      0      0      0      0      0 
    0    345     43     44     84     45      0      0      0      0   3201   1980      0      0 121815 121816      0      0      0      0     47     13 
    0    181     39     38      0      0      0      0      0      0   3201   1980      0      0 121815 121816      0      0      0      0      0      0 
    0    163     41     38     62     32      0      0      0      0   3201   1980      0      0 121815 121816      0      0      0      0     47     13 
    0    224     39     37      0      0      0      0      0      0   3201   1980      0      0 121815 121816      0      0      0      0      0      0 
    0    135     39     37      0      0      0      0      0      0   3201   1980      0      0 121815 121816      0      0      0      0      0      1 
    0    134     38     36      0      0      0      0      0      0   3201   1980      0      0 121815 121816      0      0      0      0      0      0 
    0    398     43     44     83     44      0      0      0      0   3201   1980      0      0 121815 121816      0      0      0      0     14      1 
    0    136     39     37      0      0      0      0      0      0   3201   1980      0      0 121815 121816      0      0      0      0      0     10 
    0    330     42     42     52     26      0      0      0      0   3201   1980      0      0 121815 121816      0      0      0      0     49     13 
    0    314     43     44     82     44      0      0      0      0   3201   1980      0      0 121815 121816      0      0      0      0     47     13 
    0    155     39     37      0      0      0      0      0      0   3201   1980      0      0 121815 121816      0      0      0      0      0      0 
    0    134     38     36      0      0      0      0      0      0   3201   1980      0      0 121815 121816      0      0      0      0      0      0 
    0    386     44     43     83     44      0      0      0      0   3201   1980      0      0 121815 121816      0      0      0      0     50     13 
    0    418     44     43     82     44      0      0      0      0   3201   1980      0      0 121815 121816      0      0      0      0     77     14 
    0    286     40     38      0      0      0      0      0      0   3201   1980      0      0 121815 121816      0      0      0      0      0      0 
    0    266     44     44     83     44      0      0      0      0   3201   1980      0      0 121815 121816      0      0      0      0      0      0 
    0    135     39     37      0      0      0      0      0      0   3201   1980      0      0 121815 121816      0      0      0      0      0      0 
    0    270     43     43     83     44      0      0      0      0   3201   1980      0      0 121815 121816      0      0      0      0      0      0 
    0    135     39     37      0      0      0      0      0      0   3201   1980      0      0 121815 121816      0      0      0      0      0      0 
    0    135     39     37      0      0      0      0      0      0   3201   1980      0      0 121815 121816      0      0      0      0      0      0 
    0    134     38     36      0      0      0      0      0      0   3201   1980      0      0 121815 121816      0      0      0      0      0      0 
    0    276     39     38      0      0      0      0      0      0   3201   1980      0      0 121815 121816      0      0      0      0      0      0 
    0    210     43     43     83     44      0      0      0      0   3201   1980      0      0 121815 121816      0      0      0      0     48     13 
    0    346     40     39      0      0      0      0      0      0   3201   1980      0      0 121815 121816      0      0      0      0      0      0 
    0    189     42     42     57     29      0      0      0      0   3201   1980      0      0 121815 121816      0      0      0      0     47     13 
    0    374     43     43     32     17      0      0      0      0   3201   1980      0      0 121815 121816      0      0      0      0     49     14 
# gpu    pwr  gtemp  mtemp     sm    mem    enc    dec    jpg    ofa   mclk   pclk  pviol  tviol     fb   bar1   ccpm  sbecc  dbecc    pci  rxpci  txpci 
# Idx      W      C      C      %      %      %      %      %      %    MHz    MHz      %   bool     MB     MB     MB   errs   errs   errs   MB/s   MB/s 
    0    382     41     40      3      2      0      0      0      0   3201   1980      0      0 121815 121816      0      0      0      0      0      0 
    0    136     39     37      0      0      0      0      0      0   3201   1980      0      0 121815 121816      0      0      0      0      0      1 
    0    174     42     41      6      2      0      0      0      0   3201   1980      0      0 121815 121816      0      0      0      0     47     13 
    0    342     44     43     84     45      0      0      0      0   3201   1980      0      0 121815 121816      0      0      0      0     46     10 
    0    405     44     45     84     45      0      0      0      0   3201   1980      0      0 121815 121816      0      0      0      0     47      6 
    0    190     43     42     75     39      0      0      0      0   3201   1980      0      0 121815 121816      0      0      0      0     47     14 
    0    359     41     41     84     45      0      0      0      0   3201   1980      0      0 121815 121816      0      0      0      0      0      0 
    0    339     45     43     83     44      0      0      0      0   3201   1980      0      0 121815 121816      0      0      0      0     48     14 
    0    323     41     40      0      0      0      0      0      0   3201   1980      0      0 121815 121816      0      0      0      0      0      0 
    0    274     40     39      0      0      0      0      0      0   3201   1980      0      0 121815 121816      0      0      0      0     70     14 
    0    273     40     39      0      0      0      0      0      0   3201   1980      0      0 121815 121816      0      0      0      0      0      0 
    0    135     39     38      0      0      0      0      0      0   3201   1980      0      0 121815 121816      0      0      0      0      0      1 
    0    189     43     43     82     44      0      0      0      0   3201   1980      0      0 121815 121816      0      0      0      0     47     13 
    0    233     42     41      6      2      0      0      0      0   3201   1980      0      0 121815 121816      0      0      0      0     47     15 
    0    408     44     43     82     44      0      0      0      0   3201   1980      0      0 121815 121816      0      0      0      0     48     13 
    0    254     40     38      0      0      0      0      0      0   3201   1980      0      0 121815 121816      0      0      0      0      0      0 
    0    408     45     45     83     44      0      0      0      0   3201   1980      0      0 121815 121816      0      0      0      0      5      0 
    0    288     41     40      0      0      0      0      0      0   3201   1980      0      0 121815 121816      0      0      0      0      0      0 
    0    349     45     44     83     44      0      0      0      0   3201   1980      0      0 121815 121816      0      0      0      0     47     13 
    0    414     45     46     83     44      0      0      0      0   3201   1980      0      0 121815 121816      0      0      0      0     48     14 
    0    416     46     46     83     44      0      0      0      0   3201   1980      0      0 121815 121816      0      0      0      0     48     13 
    0    325     41     40      0      0      0      0      0      0   3201   1980      0      0 121815 121816      0      0      0      0      0      0 
    0    136     40     38      0      0      0      0      0      0   3201   1980      0      0 121815 121816      0      0      0      0      0      0 
    0    135     40     38      0      0      0      0      0      0   3201   1980      0      0 121815 121816      0      0      0      0      0      0 
    0    135     39     37      0      0      0      0      0      0   3201   1980      0      0 121815 121816      0      0      0      0      0      0 
    0    384     44     45     83     44      0      0      0      0   3201   1980      0      0 121815 121816      0      0      0      0     47     14 
    0    418     45     44     83     44      0      0      0      0   3201   1980      0      0 121815 121816      0      0      0      0     69     14 
    0    415     45     43     83     44      0      0      0      0   3201   1980      0      0 121815 121816      0      0      0      0     47     14 
    0    415     46     44     80     41      0      0      0      0   3201   1980      0      0 121815 121816      0      0      0      0     47     13 
    0    415     46     45     82     42      0      0      0      0   3201   1980      0      0 121815 121816      0      0      0      0     49     13 
    0    416     46     44     83     44      0      0      0      0   3201   1980      0      0 121815 121816      0      0      0      0     47     13 
    0    417     46     47     83     44      0      0      0      0   3201   1980      0      0 121815 121816      0      0      0      0     47     13 
    0    388     43     42     84     45      0      0      0      0   3201   1980      0      0 121815 121816      0      0      0      0      0      0 
    0    296     46     44     82     42      0      0      0      0   3201   1980      0      0 121815 121816      0      0      0      0     47     13 
    0    262     41     39      0      0      0      0      0      0   3201   1980      0      0 121815 121816      0      0      0      0      0      0 
    0    136     40     38      0      0      0      0      0      0   3201   1980      0      0 121815 121816      0      0      0      0      0      0 
    0    136     40     38      0      0      0      0      0      0   3201   1980      0      0 121815 121816      0      0      0      0      0      0 
    0    334     44     44     82     44      0      0      0      0   3201   1980      0      0 121815 121816      0      0      0      0     47     14 
    0    221     40     38      0      0      0      0      0      0   3201   1980      0      0 121815 121816      0      0      0      0      0      0 
    0    135     40     38      0      0      0      0      0      0   3201   1980      0      0 121815 121816      0      0      0      0      0      0 
    0    135     39     37      0      0      0      0      0      0   3201   1980      0      0 121815 121816      0      0      0      0      0      0 
    0    276     41     40     41     22      0      0      0      0   3201   1980      0      0 121815 121816      0      0      0      0      0      0 
    0    276     41     40      0      0      0      0      0      0   3201   1980      0      0 121815 121816      0      0      0      0      0      0 
    0    246     44     43     84     45      0      0      0      0   3201   1980      0      0 121815 121816      0      0      0      0     47     13 
# gpu    pwr  gtemp  mtemp     sm    mem    enc    dec    jpg    ofa   mclk   pclk  pviol  tviol     fb   bar1   ccpm  sbecc  dbecc    pci  rxpci  txpci 
# Idx      W      C      C      %      %      %      %      %      %    MHz    MHz      %   bool     MB     MB     MB   errs   errs   errs   MB/s   MB/s 
    0    417     45     46     83     44      0      0      0      0   3201   1980      0      0 121815 121816      0      0      0      0     50     16 
    0    415     45     45     83     44      0      0      0      0   3201   1980      0      0 121815 121816      0      0      0      0     48     13 
    0    419     46     45     83     44      0      0      0      0   3201   1980      0      0 121815 121816      0      0      0      0     47     13 
    0    418     46     45     83     44      0      0      0      0   3201   1980      0      0 121815 121816      0      0      0      0     49     13 
    0    414     46     44     83     44      0      0      0      0   3201   1980      0      0 121815 121816      0      0      0      0     48     14 
    0    421     46     47     81     42      0      0      0      0   3201   1980      0      0 121815 121816      0      0      0      0     49     13 
    0    383     43     43     20     11      0      0      0      0   3201   1980      0      0 121815 121816      0      0      0      0      0      1 
    0    147     43     40      0      0      0      0      0      0   3201   1980      0      0 121815 121816      0      0      0      0     50     13 
    0    408     45     46     82     44      0      0      0      0   3201   1980      0      0 121815 121816      0      0      0      0      0      1 
    0    311     46     46     82     42      0      0      0      0   3201   1980      0      0 121815 121816      0      0      0      0     47     13 
    0    304     45     45     82     44      0      0      0      0   3201   1980      0      0 121815 121816      0      0      0      0     50     14 
    0    415     46     47     83     44      0      0      0      0   3201   1980      0      0 121815 121816      0      0      0      0     48     13 
    0    417     46     46     81     43      0      0      0      0   3201   1980      0      0 121815 121816      0      0      0      0     47     15 
    0    215     44     43     77     40      0      0      0      0   3201   1980      0      0 121815 121816      0      0      0      0     50     13 
    0    382     43     42     15      8      0      0      0      0   3201   1980      0      0 121815 121816      0      0      0      0     47     14 
    0    398     44     43     83     44      0      0      0      0   3201   1980      0      0 121815 121816      0      0      0      0      0      0 
    0    252     45     45     83     44      0      0      0      0   3201   1980      0      0 121815 121816      0      0      0      0     30      1 
    0    139     41     39      0      0      0      0      0      0   3201   1980      0      0 121815 121816      0      0      0      0      0      0 
    0    136     40     38      0      0      0      0      0      0   3201   1980      0      0 121815 121816      0      0      0      0      0      0 
    0    218     44     44     82     44      0      0      0      0   3201   1980      0      0 121815 121816      0      0      0      0     48     13 
    0    378     44     44      0      0      0      0      0      0   3201   1980      0      0 121815 121816      0      0      0      0     47     14 
    0    304     45     44     83     44      0      0      0      0   3201   1980      0      0 121815 121816      0      0      0      0     47     13 
    0    317     45     43     84     45      0      0      0      0   3201   1980      0      0 121815 121816      0      0      0      0     49     13 
    0    293     41     40      0      0      0      0      0      0   3201   1980      0      0 121815 121816      0      0      0      0      0      0 
    0    136     40     38      0      0      0      0      0      0   3201   1980      0      0 121815 121816      0      0      0      0      0      0 
    0    191     43     42     44     22      0      0      0      0   3201   1980      0      0 121815 121816      0      0      0      0     48     13 
    0    334     41     40      0      0      0      0      0      0   3201   1980      0      0 121815 121816      0      0      0      0      0      0 
    0    136     40     38      0      0      0      0      0      0   3201   1980      0      0 121815 121816      0      0      0      0      0      0 
    0    276     40     39      0      0      0      0      0      0   3201   1980      0      0 121815 121816      0      0      0      0      0      0 
    0    322     45     46     82     42      0      0      0      0   3201   1980      0      0 121815 121816      0      0      0      0     48     13 
    0    200     40     38      0      0      0      0      0      0   3201   1980      0      0 121815 121816      0      0      0      0      0      0 
    0    332     45     43     84     45      0      0      0      0   3201   1980      0      0 121815 121816      0      0      0      0     47     13 
    0    197     40     39      0      0      0      0      0      0   3201   1980      0      0 121815 121816      0      0      0      0      0      0 
    0    175     43     43      0      0      0      0      0      0   3201   1980      0      0 121815 121816      0      0      0      0     51     13 
    0    311     44     43     83     44      0      0      0      0   3201   1980      0      0 121815 121816      0      0      0      0     48     13 
    0    182     40     38      0      0      0      0      0      0   3201   1980      0      0 121815 121816      0      0      0      0      0      0 
    0    216     43     43     82     44      0      0      0      0   3201   1980      0      0 121815 121816      0      0      0      0     50     13 
    0    224     42     43      0      0      0      0      0      0   3201   1980      0      0 121815 121816      0      0      0      0     50     13 
    0    227     40     38      0      0      0      0      0      0   3201   1980      0      0 121815 121816      0      0      0      0      0      0 
    0    327     44     43     83     44      0      0      0      0   3201   1980      0      0 121815 121816      0      0      0      0     47     14 
    0    205     40     38      0      0      0      0      0      0   3201   1980      0      0 121815 121816      0      0      0      0      0      0 
    0    135     39     38      0      0      0      0      0      0   3201   1980      0      0 121815 121816      0      0      0      0      0      0 
    0    188     43     41     84     45      0      0      0      0   3201   1980      0      0 121815 121816      0      0      0      0     47     14 
    0    264     43     43     83     44      0      0      0      0   3201   1980      0      0 121815 121816      0      0      0      0     51     13 
# gpu    pwr  gtemp  mtemp     sm    mem    enc    dec    jpg    ofa   mclk   pclk  pviol  tviol     fb   bar1   ccpm  sbecc  dbecc    pci  rxpci  txpci 
# Idx      W      C      C      %      %      %      %      %      %    MHz    MHz      %   bool     MB     MB     MB   errs   errs   errs   MB/s   MB/s 
    0    348     41     40     48     26      0      0      0      0   3201   1980      0      0 121815 121816      0      0      0      0      0      0 
    0    342     45     45     82     42      0      0      0      0   3201   1980      0      0 121815 121816      0      0      0      0     47     14 
    0    414     45     45     83     44      0      0      0      0   3201   1980      0      0 121815 121816      0      0      0      0     47     14 
    0    336     43     41      0      0      0      0      0      0   3201   1980      0      0 121815 121816      0      0      0      0     48     13 
    0    400     46     46     83     44      0      0      0      0   3201   1980      0      0 121815 121816      0      0      0      0     47     13 
    0    414     46     46     83     44      0      0      0      0   3201   1980      0      0 121815 121816      0      0      0      0     47     13 
    0    346     45     45     83     44      0      0      0      0   3201   1980      0      0 121815 121816      0      0      0      0     49     13 
    0    306     44     43     84     45      0      0      0      0   3201   1980      0      0 121815 121816      0      0      0      0      0      0 
    0    272     43     43     84     45      0      0      0      0   3201   1980      0      0 121815 121816      0      0      0      0      0      0 
    0    278     45     45     83     45      0      0      0      0   3201   1980      0      0 121815 121816      0      0      0      0     47     13 
    0    271     41     39      0      0      0      0      0      0   3201   1980      0      0 121815 121816      0      0      0      0      0      0 
    0    136     40     38      0      0      0      0      0      0   3201   1980      0      0 121815 121816      0      0      0      0      0      0 
    0    363     45     45     83     44      0      0      0      0   3201   1980      0      0 121815 121816      0      0      0      0     48     13 
    0    329     41     40      0      0      0      0      0      0   3201   1980      0      0 121815 121816      0      0      0      0      0      0 
    0    136     40     38      0      0      0      0      0      0   3201   1980      0      0 121815 121816      0      0      0      0      0      0 
    0    274     42     41     37     20      0      0      0      0   3201   1980      0      0 121815 121816      0      0      0      0      0      1 
    0    152     42     39      0      0      0      0      0      0   3201   1980      0      0 121815 121816      0      0      0      0     50     13 
    0    263     40     38      0      0      0      0      0      0   3201   1980      0      0 121815 121816      0      0      0      0      0      1 
    0    393     45     44     83     44      0      0      0      0   3201   1980      0      0 121815 121816      0      0      0      0     47     14 
    0    166     40     38      0      0      0      0      0      0   3201   1980      0      0 121815 121816      0      0      0      0      0      1 
    0    234     44     44     83     44      0      0      0      0   3201   1980      0      0 121815 121816      0      0      0      0     47     13 
    0    204     42     41      0      0      0      0      0      0   3201   1980      0      0 121815 121816      0      0      0      0     48     14 
    0    228     40     38      0      0      0      0      0      0   3201   1980      0      0 121815 121816      0      0      0      0      0      0 
    0    135     39     37      0      0      0      0      0      0   3201   1980      0      0 121815 121816      0      0      0      0      0      1 
    0    135     39     37      0      0      0      0      0      0   3201   1980      0      0 121815 121816      0      0      0      0      0      0 
    0    135     39     37      0      0      0      0      0      0   3201   1980      0      0 121815 121816      0      0      0      0      0      1 
    0    135     39     37      0      0      0      0      0      0   3201   1980      0      0 121815 121816      0      0      0      0      0      0 
    0    134     39     36      0      0      0      0      0      0   3201   1980      0      0 121815 121816      0      0      0      0      0      0 
    0    306     43     43     83     44      0      0      0      0   3201   1980      0      0 121815 121816      0      0      0      0     46     13 
    0    247     39     37      0      0      0      0      0      0   3201   1980      0      0 121815 121816      0      0      0      0      0      0 
    0    246     43     43     84     45      0      0      0      0   3201   1980      0      0 121815 121816      0      0      0      0     74     13 
    0    376     44     43     83     44      0      0      0      0   3201   1980      0      0 121815 121816      0      0      0      0     47     13 
    0    318     40     39      0      0      0      0      0      0   3201   1980      0      0 121815 121816      0      0      0      0      1      0 
    0    248     44     43     83     44      0      0      0      0   3201   1980      0      0 121815 121816      0      0      0      0     48     13 
    0    171     40     38      0      0      0      0      0      0   3201   1980      0      0 121815 121816      0      0      0      0      0      0 
    0    277     40     38      0      0      0      0      0      0   3201   1980      0      0 121815 121816      0      0      0      0     48     13 
    0    400     45     44     83     44      0      0      0      0   3201   1980      0      0 121815 121816      0      0      0      0     48     13 
    0    339     44     43     76     39      0      0      0      0   3201   1980      0      0 121815 121816      0      0      0      0     49     13 
    0    350     42     41     83     44      0      0      0      0   3201   1980      0      0 121815 121816      0      0      0      0      0      0 
    0    258     44     45     83     44      0      0      0      0   3201   1980      0      0 121815 121816      0      0      0      0     22      0 
    0    158     40     38      0      0      0      0      0      0   3201   1980      0      0 121815 121816      0      0      0      0      0      0 
    0    273     44     44     83     44      0      0      0      0   3201   1980      0      0 121815 121816      0      0      0      0      0      0 
    0    137     40     38      0      0      0      0      0      0   3201   1980      0      0 121815 121816      0      0      0      0      0      0 
    0    135     39     37      0      0      0      0      0      0   3201   1980      0      0 121815 121816      0      0      0      0      0      0 
# gpu    pwr  gtemp  mtemp     sm    mem    enc    dec    jpg    ofa   mclk   pclk  pviol  tviol     fb   bar1   ccpm  sbecc  dbecc    pci  rxpci  txpci 
# Idx      W      C      C      %      %      %      %      %      %    MHz    MHz      %   bool     MB     MB     MB   errs   errs   errs   MB/s   MB/s 
    0    135     39     37      0      0      0      0      0      0   3201   1980      0      0 121815 121816      0      0      0      0      0      1 
    0    277     40     38      0      0      0      0      0      0   3201   1980      0      0 121815 121816      0      0      0      0      0      0 
    0    135     39     37      0      0      0      0      0      0   3201   1980      0      0 121815 121816      0      0      0      0     49     14 
    0    412     45     43     83     45      0      0      0      0   3201   1980      0      0 121815 121816      0      0      0      0     47     13 
    0    340     44     43     84     45      0      0      0      0   3201   1980      0      0 121815 121816      0      0      0      0     50     14 
    0    416     45     46     84     45      0      0      0      0   3201   1980      0      0 121815 121816      0      0      0      0     46     13 
    0    415     45     46     83     44      0      0      0      0   3201   1980      0      0 121815 121816      0      0      0      0     48     14 
    0    418     45     45     83     44      0      0      0      0   3201   1980      0      0 121815 121816      0      0      0      0     49     16 
    0    416     46     47     83     44      0      0      0      0   3201   1980      0      0 121815 121816      0      0      0      0      0      1 
    0    137     40     39      0      0      0      0      0      0   3201   1980      0      0 121815 121816      0      0      0      0      0      0 
    0    238     44     44     83     44      0      0      0      0   3201   1980      0      0 121815 121816      0      0      0      0     50     14 
    0    215     44     43     83     44      0      0      0      0   3201   1980      0      0 121815 121816      0      0      0      0     47     13 
    0    417     45     46     83     44      0      0      0      0   3201   1980      0      0 121815 121816      0      0      0      0     48     14 
    0    399     45     44     78     40      0      0      0      0   3201   1980      0      0 121815 121816      0      0      0      0     45     14 
    0    347     42     41     13      7      0      0      0      0   3201   1980      0      0 121815 121816      0      0      0      0      0      1 
    0    136     40     38      0      0      0      0      0      0   3201   1980      0      0 121815 121816      0      0      0      0      0      0 
    0    220     44     43     83     44      0      0      0      0   3201   1980      0      0 121815 121816      0      0      0      0     47     14 
    0    289     44     44     83     44      0      0      0      0   3201   1980      0      0 121815 121816      0      0      0      0     32      0 
    0    295     42     41     78     42      0      0      0      0   3201   1980      0      0 121815 121816      0      0      0      0      0      1 
    0    275     41     39      0      0      0      0      0      0   3201   1980      0      0 121815 121816      0      0      0      0      0      0 
    0    288     45     43     83     45      0      0      0      0   3201   1980      0      0 121815 121816      0      0      0      0     48     14 
    0    419     45     44     83     44      0      0      0      0   3201   1980      0      0 121815 121816      0      0      0      0     47     13 
    0    385     43     42     83     44      0      0      0      0   3201   1980      0      0 121815 121816      0      0      0      0      0      1 
    0    136     40     38      0      0      0      0      0      0   3201   1980      0      0 121815 121816      0      0      0      0      0      0 
    0    263     44     43     83     44      0      0      0      0   3201   1980      0      0 121815 121816      0      0      0      0      0      1 
    0    191     43     42     28     13      0      0      0      0   3201   1980      0      0 121815 121816      0      0      0      0     48     13 
    0    364     45     44     83     44      0      0      0      0   3201   1980      0      0 121815 121816      0      0      0      0     49     14 
    0    413     46     46     81     42      0      0      0      0   3201   1980      0      0 121815 121816      0      0      0      0     48     13 
    0    391     43     43     63     34      0      0      0      0   3201   1980      0      0 121815 121816      0      0      0      0      5      1 
