# gpu    pwr  gtemp  mtemp     sm    mem    enc    dec    jpg    ofa   mclk   pclk  pviol  tviol     fb   bar1   ccpm  sbecc  dbecc    pci  rxpci  txpci 
# Idx      W      C      C      %      %      %      %      %      %    MHz    MHz      %   bool     MB     MB     MB   errs   errs   errs   MB/s   MB/s 
    0    150     43     40     37     20      0      0      0      0   3201   1980      0      0 130411 130412      0      0      0      0      0      0 
    0    133     41     38      0      0      0      0      0      0   3201   1980      0      0 130411 130412      0      0      0      0      0      0 
    0    133     41     38      0      0      0      0      0      0   3201   1980      0      0 130411 130412      0      0      0      0      0      0 
    0    133     41     38      0      0      0      0      0      0   3201   1980      0      0 130411 130412      0      0      0      0      0      0 
    0    133     41     38      0      0      0      0      0      0   3201   1980      0      0 130411 130412      0      0      0      0      0      0 
    0    132     41     38      0      0      0      0      0      0   3201   1980      0      0 130411 130412      0      0      0      0      0      0 
    0    132     41     38      0      0      0      0      0      0   3201   1980      0      0 130411 130412      0      0      0      0      0      0 
    0    132     41     37      0      0      0      0      0      0   3201   1980      0      0 130411 130412      0      0      0      0      0      0 
    0    132     41     37      0      0      0      0      0      0   3201   1980      0      0 130411 130412      0      0      0      0      0      0 
    0    132     41     37      0      0      0      0      0      0   3201   1980      0      0 130411 130412      0      0      0      0      0      0 
    0    132     41     37      0      0      0      0      0      0   3201   1980      0      0 130411 130412      0      0      0      0      0      0 
    0    132     40     37      0      0      0      0      0      0   3201   1980      0      0 130411 130412      0      0      0      0      0      0 
    0    132     40     37      0      0      0      0      0      0   3201   1980      0      0 130411 130412      0      0      0      0      0      0 
    0    147     41     38      0      0      0      0      0      0   3201   1980      0      0 130413 130414      0      0      0      0    106     17 
    0    195     41     38      0      0      0      0      0      0   3201   1980      0      0 130415 130416      0      0      0      0      0      0 
    0    290     50     42     53     29      0      0      0      0   3201   1920     48      0 130415 130416      0      0      0      0    130     18 
    0    283     42     40      0      0      0      0      0      0   3201   1980     51      0 130415 130416      0      0      0      0      0      0 
    0    266     44     43     51     28      0      0      0      0   3201   1980     28      0 130415 130416      0      0      0      0     95     22 
    0    191     50     40      0      0      0      0      0      0   3201   1965     13      0 130415 130416      0      0      0      0    109     22 
    0    314     46     43     56     26      0      0      0      0   3201   1965     58      0 130415 130416      0      0      0      0     93     21 
    0    316     46     43     50     28      0      0      0      0   3201   1965     80      0 130415 130416      0      0      0      0    103     19 
    0    230     48     42      0      0      0      0      0      0   3201   1890      6      0 130415 130416      0      0      0      0     70     37 
    0    342     52     43     50     28      0      0      0      0   3201   1920     49      0 130415 130416      0      0      0      0    133     16 
    0    303     45     43     50     27      0      0      0      0   3201   1980     50      0 130415 130416      0      0      0      0    124     18 
    0    304     45     43     53     29      0      0      0      0   3201   1980     32      0 130415 130416      0      0      0      0      0      0 
    0    136     42     40      0      0      0      0      0      0   3201   1980      0      0 130415 130416      0      0      0      0      0      0 
    0    233     45     43     56     31      0      0      0      0   3201   1980     30      0 130415 130416      0      0      0      0    106     18 
    0    294     43     43      0      0      0      0      0      0   3201   1980     53      0 130415 130416      0      0      0      0      0      5 
    0    316     52     43     70     27      0      0      0      0   3201   1965     60      0 130415 130416      0      0      0      0    120     23 
    0    219     43     41      0      0      0      0      0      0   3201   1980     17      0 130415 130416      0      0      0      0      0      0 
    0    292     53     43     54     29      0      0      0      0   3201   1980      0      0 130415 130416      0      0      0      0    129     19 
    0    304     46     44     53     30      0      0      0      0   3201   1980     32      0 130415 130416      0      0      0      0    107     16 
    0    341     47     44     50     28      0      0      0      0   3201   1980     61      0 130415 130416      0      0      0      0    113     24 
    0    326     48     45     50     28      0      0      0      0   3201   1980     29      0 130415 130416      0      0      0      0    106     22 
    0    237     44     41      0      0      0      0      0      0   3201   1980      0      0 130415 130416      0      0      0      0      0      1 
    0    294     47     44     57     30      0      0      0      0   3201   1965     20      0 130415 130416      0      0      0      0     75     28 
    0    354     50     44     57     28      0      0      0      0   3201   1950     78      0 130415 130416      0      0      0      0    117     23 
    0    307     47     44     51     28      0      0      0      0   3201   1980     48      0 130415 130416      0      0      0      0    116     17 
    0    386     48     45     51     28      0      0      0      0   3201   1980     81      0 130415 130416      0      0      0      0    116     23 
    0    316     47     45     51     28      0      0      0      0   3201   1980     58      0 130415 130416      0      0      0      0    105     23 
    0    179     44     41      0      0      0      0      0      0   3201   1980      0      0 130415 130416      0      0      0      0      0      0 
    0    307     47     45     53     29      0      0      0      0   3201   1965     59      0 130415 130416      0      0      0      0    112     23 
    0    401     57     46     72     31      0      0      0      0   3201   1935     70      0 130415 130416      0      0      0      0    115     22 
    0    380     48     46     58     33      0      0      0      0   3201   1965     82      0 130415 130416      0      0      0      0    127     18 
# gpu    pwr  gtemp  mtemp     sm    mem    enc    dec    jpg    ofa   mclk   pclk  pviol  tviol     fb   bar1   ccpm  sbecc  dbecc    pci  rxpci  txpci 
# Idx      W      C      C      %      %      %      %      %      %    MHz    MHz      %   bool     MB     MB     MB   errs   errs   errs   MB/s   MB/s 
    0    273     48     45     50     27      0      0      0      0   3201   1965     44      0 130415 130416      0      0      0      0    120     23 
    0    304     48     45     52     28      0      0      0      0   3201   1980     30      0 130415 130416      0      0      0      0    135     17 
    0    156     44     41      0      0      0      0      0      0   3201   1980      0      0 130415 130416      0      0      0      0      0      0 
    0    265     47     44     53     30      0      0      0      0   3201   1965     57      0 130415 130416      0      0      0      0     98     23 
    0    224     44     42      0      0      0      0      0      0   3201   1980      6      0 130415 130416      0      0      0      0      0      0 
    0    222     45     44     53     30      0      0      0      0   3201   1980     32      0 130415 130416      0      0      0      0    109     23 
    0    320     53     44     68     32      0      0      0      0   3201   1950     36      0 130415 130416      0      0      0      0     85     24 
    0    395     48     45     53     29      0      0      0      0   3201   1980     81      0 130415 130416      0      0      0      0    120     17 
    0    345     48     46     54     30      0      0      0      0   3201   1965     72      0 130415 130416      0      0      0      0    127     18 
    0    353     48     45     51     28      0      0      0      0   3201   1980     74      0 130415 130416      0      0      0      0    109     23 
    0    196     48     42      0      0      0      0      0      0   3201   1980      0      0 130415 130416      0      0      0      0    145     25 
    0    340     48     45     55     29      0      0      0      0   3201   1980     67      0 130415 130416      0      0      0      0    124     17 
    0    362     55     46     51     28      0      0      0      0   3201   1950     75      0 130415 130416      0      0      0      0    114     19 
    0    274     48     45     80     31      0      0      0      0   3201   1965     54      0 130415 130416      0      0      0      0    117     23 
    0    320     48     46     51     28      0      0      0      0   3201   1980     39      0 130415 130416      0      0      0      0    107     19 
    0    243     45     43      0      0      0      0      0      0   3201   1980     28      0 130415 130416      0      0      0      0      0      0 
    0    210     50     44     64     28      0      0      0      0   3201   1965     29      0 130415 130416      0      0      0      0    128     18 
    0    329     48     45     51     28      0      0      0      0   3201   1965     31      0 130415 130416      0      0      0      0     96     23 
    0    327     48     46     51     28      0      0      0      0   3201   1980     46      0 130415 130416      0      0      0      0    107     24 
    0    217     47     45     49     27      0      0      0      0   3201   1965     32      0 130415 130416      0      0      0      0    118     23 
    0    321     53     46     55     29      0      0      0      0   3201   1965     15      0 130415 130416      0      0      0      0    125     17 
    0    321     48     46     51     28      0      0      0      0   3201   1980     43      0 130415 130416      0      0      0      0     99      0 
    0    265     48     45     71     33      0      0      0      0   3201   1965     59      0 130415 130416      0      0      0      0    119     20 
    0    282     47     45     56     31      0      0      0      0   3201   1965     31      0 130415 130416      0      0      0      0    126     17 
    0    304     48     46     56     32      0      0      0      0   3201   1980     27      0 130415 130416      0      0      0      0    109     22 
    0    331     48     46     70     30      0      0      0      0   3201   1965     57      0 130415 130416      0      0      0      0     95     22 
    0    292     48     45     70     30      0      0      0      0   3201   1965     68      0 130415 130416      0      0      0      0    134     17 
    0    162     45     42      0      0      0      0      0      0   3201   1980      0      0 130415 130416      0      0      0      0      0      0 
    0    295     48     45     51     29      0      0      0      0   3201   1965     60      0 130415 130416      0      0      0      0    119     23 
    0    355     48     46     57     32      0      0      0      0   3201   1980     84      0 130415 130416      0      0      0      0    127     17 
    0    343     49     47     64     27      0      0      0      0   3201   1965     78      0 130415 130416      0      0      0      0    163     25 
    0    352     48     46     52     28      0      0      0      0   3201   1965     99      0 130415 130416      0      0      0      0    126     18 
    0    328     48     46     50     27      0      0      0      0   3201   1980     34      0 130415 130416      0      0      0      0    119     17 
    0    342     49     46     57     25      0      0      0      0   3201   1965     82      0 130415 130416      0      0      0      0    129     18 
    0    224     49     43      0      0      0      0      0      0   3201   1980     22      0 130415 130416      0      0      0      0    122     18 
    0    324     48     46     51     28      0      0      0      0   3201   1980     74      0 130415 130416      0      0      0      0     87      0 
    0    242     48     45     54     29      0      0      0      0   3201   1980      0      0 130415 130416      0      0      0      0    134     18 
    0    321     54     45     54     31      0      0      0      0   3201   1935     14      0 130415 130416      0      0      0      0    113     21 
    0    262     46     43     47     26      0      0      0      0   3201   1980     27      0 130415 130416      0      0      0      0      0      0 
    0    307     48     45     52     28      0      0      0      0   3201   1965     59      0 130415 130416      0      0      0      0    108     18 
    0    207     45     43      0      0      0      0      0      0   3201   1980      0      0 130415 130416      0      0      0      0      0      1 
    0    135     44     41      0      0      0      0      0      0   3201   1980      0      0 130415 130416      0      0      0      0      0      0 
    0    134     44     41      0      0      0      0      0      0   3201   1980      0      0 130415 130416      0      0      0      0    155     23 
    0    223     44     41      0      0      0      0      0      0   3201   1980     31      0 130415 130416      0      0      0      0      0     12 
# gpu    pwr  gtemp  mtemp     sm    mem    enc    dec    jpg    ofa   mclk   pclk  pviol  tviol     fb   bar1   ccpm  sbecc  dbecc    pci  rxpci  txpci 
# Idx      W      C      C      %      %      %      %      %      %    MHz    MHz      %   bool     MB     MB     MB   errs   errs   errs   MB/s   MB/s 
    0    345     47     44     48     27      0      0      0      0   3201   1965     81      0 130415 130416      0      0      0      0    114      1 
    0    227     46     44     51     28      0      0      0      0   3201   1980      1      0 130415 130416      0      0      0      0      0      0 
    0    248     47     44      0      0      0      0      0      0   3201   1980      0      0 130415 130416      0      0      0      0     97     20 
    0    359     47     45     56     31      0      0      0      0   3201   1965     71      0 130415 130416      0      0      0      0    105     23 
    0    308     47     45     52     29      0      0      0      0   3201   1980     62      0 130415 130416      0      0      0      0     15      1 
    0    207     45     45     51     28      0      0      0      0   3201   1980     28      0 130415 130416      0      0      0      0      0      0 
    0    134     43     41      0      0      0      0      0      0   3201   1980      0      0 130415 130416      0      0      0      0      0      1 
    0    260     46     44     48     27      0      0      0      0   3201   1980      0      0 130415 130416      0      0      0      0    102     23 
    0    320     47     44     53     29      0      0      0      0   3201   1980     51      0 130415 130416      0      0      0      0    108     24 
    0    395     48     45     87     33      0      0      0      0   3201   1965     84      0 130415 130416      0      0      0      0    112     19 
    0    291     49     44     51     28      0      0      0      0   3201   1965     45      0 130415 130416      0      0      0      0    116     25 
    0    207     44     42      0      0      0      0      0      0   3201   1980      0      0 130415 130416      0      0      0      0      0      0 
    0    319     48     44     60     29      0      0      0      0   3201   1965     27      0 130415 130416      0      0      0      0    129     19 
    0    348     48     45     54     28      0      0      0      0   3201   1965     71      0 130415 130416      0      0      0      0    101     23 
    0    222     44     42      0      0      0      0      0      0   3201   1980     10      0 130415 130416      0      0      0      0      0      1 
    0    329     47     45     54     30      0      0      0      0   3201   1965     63      0 130415 130416      0      0      0      0    119     23 
    0    302     46     44     51     28      0      0      0      0   3201   1980     52      0 130415 130416      0      0      0      0    102     23 
    0    361     47     45     53     29      0      0      0      0   3201   1980    100      0 130415 130416      0      0      0      0    139     18 
    0    275     45     45     51     28      0      0      0      0   3201   1980      0      0 130415 130416      0      0      0      0     73     29 
    0    313     47     45     51     28      0      0      0      0   3201   1965     64      0 130415 130416      0      0      0      0     88     26 
    0    382     47     45     52     28      0      0      0      0   3201   1980     89      0 130415 130416      0      0      0      0    125     17 
    0    201     44     42      0      0      0      0      0      0   3201   1980      0      0 130415 130416      0      0      0      0      0      0 
