# gpu    pwr  gtemp  mtemp     sm    mem    enc    dec    jpg    ofa   mclk   pclk  pviol  tviol     fb   bar1   ccpm  sbecc  dbecc    pci  rxpci  txpci 
# Idx      W      C      C      %      %      %      %      %      %    MHz    MHz      %   bool     MB     MB     MB   errs   errs   errs   MB/s   MB/s 
    0    169     43     40     53     31      0      0      0      0   3201   1980      0      0 130411 130412      0      0      0      0      0      0 
    0    134     41     38      0      0      0      0      0      0   3201   1980      0      0 130411 130412      0      0      0      0      0      0 
    0    132     40     38      0      0      0      0      0      0   3201   1980      0      0 130411 130412      0      0      0      0      0      0 
    0    132     40     38      0      0      0      0      0      0   3201   1980      0      0 130411 130412      0      0      0      0      0      1 
    0    132     40     37      0      0      0      0      0      0   3201   1980      0      0 130411 130412      0      0      0      0      0      0 
    0    132     40     37      0      0      0      0      0      0   3201   1980      0      0 130411 130412      0      0      0      0      0      1 
    0    132     40     37      0      0      0      0      0      0   3201   1980      0      0 130411 130412      0      0      0      0      0      0 
    0    132     40     37      0      0      0      0      0      0   3201   1980      0      0 130411 130412      0      0      0      0      0      1 
    0    132     40     37      0      0      0      0      0      0   3201   1980      0      0 130411 130412      0      0      0      0      0      0 
    0    132     40     37      0      0      0      0      0      0   3201   1980      0      0 130411 130412      0      0      0      0      0      0 
    0    132     39     37      0      0      0      0      0      0   3201   1980      0      0 130411 130412      0      0      0      0      0      0 
    0    131     39     37      0      0      0      0      0      0   3201   1980      0      0 130411 130412      0      0      0      0      1      0 
    0    131     39     37      0      0      0      0      0      0   3201   1980      0      0 130411 130412      0      0      0      0      0      0 
    0    331     45     42     52     29      0      0      0      0   3201   1980      0      0 130415 130416      0      0      0      0    122     17 
    0    361     45     43     65     30      0      0      0      0   3201   1980     28      0 130415 130416      0      0      0      0    113     23 
    0    390     47     43     60     32      0      0      0      0   3201   1980     44      0 130415 130416      0      0      0      0    122     18 
    0    388     48     44     71     28      0      0      0      0   3201   1965     26      0 130415 130416      0      0      0      0    137     18 
    0    424     47     44     80     37      0      0      0      0   3201   1965     46      0 130417 130418      0      0      0      0    119     26 
    0    417     51     44     67     31      0      0      0      0   3201   1935     41      0 130417 130418      0      0      0      0    110     26 
    0    419     46     44     59     33      0      0      0      0   3201   1980     78      0 130417 130418      0      0      0      0     70     19 
    0    502     49     45     75     33      0      0      0      0   3201   1965    100      0 130417 130418      0      0      0      0    116     20 
    0    391     47     45     59     33      0      0      0      0   3201   1980     71      0 130417 130418      0      0      0      0    105     25 
    0    490     53     45     67     30      0      0      0      0   3201   1770     72      0 130417 130418      0      0      0      0     96     27 
    0    448     55     46     70     32      0      0      0      0   3201   1905     77      0 130417 130418      0      0      0      0    131     21 
    0    430     50     45     67     28      0      0      0      0   3201   1980     78      0 130417 130418      0      0      0      0    113     25 
    0    395     52     45     54     29      0      0      0      0   3201   1980     86      0 130417 130418      0      0      0      0    117     22 
    0    387     47     45     56     30      0      0      0      0   3201   1980     27      0 130417 130418      0      0      0      0    114     23 
    0    385     50     45     63     29      0      0      0      0   3201   1980      0      0 130417 130418      0      0      0      0     96     20 
    0    475     54     46     57     31      0      0      0      0   3201   1980     71      0 130417 130418      0      0      0      0    144     21 
    0    421     49     46     67     31      0      0      0      0   3201   1980     67      0 130417 130418      0      0      0      0    130     25 
    0    369     47     45     54     29      0      0      0      0   3201   1980     75      0 130417 130418      0      0      0      0    121     23 
    0    374     51     46     73     29      0      0      0      0   3201   1890     33      0 130417 130418      0      0      0      0    111     18 
    0    415     49     46     66     32      0      0      0      0   3201   1980     68      0 130417 130418      0      0      0      0    129     19 
    0    374     49     46     68     30      0      0      0      0   3201   1965     29      0 130417 130418      0      0      0      0    115     17 
    0    455     51     46     58     32      0      0      0      0   3201   1935     86      0 130417 130418      0      0      0      0    145     20 
    0    415     49     46     66     30      0      0      0      0   3201   1965     50      0 130417 130418      0      0      0      0    154     19 
    0    454     51     47     75     35      0      0      0      0   3201   1965     72      0 130417 130418      0      0      0      0    108     24 
    0    332     48     46     54     30      0      0      0      0   3201   1980     15      0 130417 130418      0      0      0      0    113     23 
    0    227     44     43      0      0      0      0      0      0   3201   1980      0      0 130417 130418      0      0      0      0      0      0 
