# gpu    pwr  gtemp  mtemp     sm    mem    enc    dec    jpg    ofa   mclk   pclk  pviol  tviol     fb   bar1   ccpm  sbecc  dbecc    pci  rxpci  txpci 
# Idx      W      C      C      %      %      %      %      %      %    MHz    MHz      %   bool     MB     MB     MB   errs   errs   errs   MB/s   MB/s 
    0    163     43     41     49     28      0      0      0      0   3201   1980      0      0 130411 130412      0      0      0      0      0      1 
    0    132     40     38      0      0      0      0      0      0   3201   1980      0      0 130411 130412      0      0      0      0      0      0 
    0    132     40     38      0      0      0      0      0      0   3201   1980      0      0 130411 130412      0      0      0      0      0      1 
    0    132     40     37      0      0      0      0      0      0   3201   1980      0      0 130411 130412      0      0      0      0      0      0 
    0    132     40     37      0      0      0      0      0      0   3201   1980      0      0 130411 130412      0      0      0      0      0      1 
    0    132     40     37      0      0      0      0      0      0   3201   1980      0      0 130411 130412      0      0      0      0      0      0 
    0    132     40     37      0      0      0      0      0      0   3201   1980      0      0 130411 130412      0      0      0      0      0      0 
    0    132     40     37      0      0      0      0      0      0   3201   1980      0      0 130411 130412      0      0      0      0      0      0 
    0    132     40     37      0      0      0      0      0      0   3201   1980      0      0 130411 130412      0      0      0      0      0      0 
    0    132     39     37      0      0      0      0      0      0   3201   1980      0      0 130411 130412      0      0      0      0      0      0 
    0    132     39     37      0      0      0      0      0      0   3201   1980      0      0 130411 130412      0      0      0      0      0      0 
    0    131     39     37      0      0      0      0      0      0   3201   1980      0      0 130411 130412      0      0      0      0      3      0 
    0    131     39     37      0      0      0      0      0      0   3201   1980      0      0 130411 130412      0      0      0      0      0      0 
    0    153     43     37     41     20      0      0      0      0   3201   1980      0      0 130413 130414      0      0      0      0    122     17 
    0    285     42     41     55     31      0      0      0      0   3201   1980      0      0 130413 130414      0      0      0      0     87      2 
    0    289     43     41     55     31      0      0      0      0   3201   1980      0      0 130415 130416      0      0      0      0    120     19 
    0    296     43     42     47     26      0      0      0      0   3201   1980      0      0 130415 130416      0      0      0      0    122     18 
    0    295     43     43     54     31      0      0      0      0   3201   1980      0      0 130415 130416      0      0      0      0    109     23 
    0    301     44     43     60     28      0      0      0      0   3201   1980      0      0 130415 130416      0      0      0      0    133     18 
    0    293     44     43     51     28      0      0      0      0   3201   1980      0      0 130415 130416      0      0      0      0      0      0 
    0    150     40     38     30     13      0      0      0      0   3201   1980      0      0 130415 130416      0      0      0      0    108     18 
    0    292     43     43     48     27      0      0      0      0   3201   1980      0      0 130415 130416      0      0      0      0    124     17 
    0    266     42     43     20     11      0      0      0      0   3201   1980      0      0 130415 130416      0      0      0      0      0      0 
    0    133     40     38      0      0      0      0      0      0   3201   1980      0      0 130415 130416      0      0      0      0      0      0 
    0    288     43     43     53     29      0      0      0      0   3201   1980      0      0 130415 130416      0      0      0      0    119     23 
    0    275     43     42     11      6      0      0      0      0   3201   1980      0      0 130415 130416      0      0      0      0      2      1 
    0    296     48     43     51     28      0      0      0      0   3201   1980      0      0 130415 130416      0      0      0      0    137     18 
    0    293     45     43     52     28      0      0      0      0   3201   1980      0      0 130415 130416      0      0      0      0    135     19 
    0    237     42     40      0      0      0      0      0      0   3201   1980      0      0 130415 130416      0      0      0      0      0      0 
    0    133     41     38      0      0      0      0      0      0   3201   1980      0      0 130415 130416      0      0      0      0      0      1 
    0    313     44     42     52     29      0      0      0      0   3201   1980     33      0 130415 130416      0      0      0      0    113     24 
    0    297     44     43     50     28      0      0      0      0   3201   1980      0      0 130415 130416      0      0      0      0    121     18 
    0    301     44     43     55     31      0      0      0      0   3201   1980      0      0 130415 130416      0      0      0      0    106     22 
    0    270     44     43     55     31      0      0      0      0   3201   1980      0      0 130415 130416      0      0      0      0    107     23 
    0    285     44     43     50     28      0      0      0      0   3201   1980      0      0 130415 130416      0      0      0      0      0      0 
    0    215     44     42     48     27      0      0      0      0   3201   1980      0      0 130415 130416      0      0      0      0    121     18 
    0    292     45     43     51     28      0      0      0      0   3201   1980      0      0 130415 130416      0      0      0      0    120     17 
    0    162     41     39      0      0      0      0      0      0   3201   1980      0      0 130415 130416      0      0      0      0      0      1 
    0    133     41     38      0      0      0      0      0      0   3201   1980      0      0 130415 130416      0      0      0      0      2      0 
    0    259     44     43     53     30      0      0      0      0   3201   1980      0      0 130415 130416      0      0      0      0    101     24 
    0    298     44     42     51     28      0      0      0      0   3201   1980      0      0 130415 130416      0      0      0      0    101     23 
    0    295     45     43     50     27      0      0      0      0   3201   1980      0      0 130415 130416      0      0      0      0    125     20 
    0    277     45     42     28     12      0      0      0      0   3201   1980      0      0 130415 130416      0      0      0      0    126     18 
    0    293     45     43     50     28      0      0      0      0   3201   1980      0      0 130415 130416      0      0      0      0    128     19 
# gpu    pwr  gtemp  mtemp     sm    mem    enc    dec    jpg    ofa   mclk   pclk  pviol  tviol     fb   bar1   ccpm  sbecc  dbecc    pci  rxpci  txpci 
# Idx      W      C      C      %      %      %      %      %      %    MHz    MHz      %   bool     MB     MB     MB   errs   errs   errs   MB/s   MB/s 
    0    305     45     43     50     28      0      0      0      0   3201   1980      0      0 130415 130416      0      0      0      0    118     19 
    0    195     42     40      0      0      0      0      0      0   3201   1980      0      0 130415 130416      0      0      0      0      0      1 
    0    159     46     39      0      0      0      0      0      0   3201   1980      0      0 130415 130416      0      0      0      0    108     22 
    0    305     45     43     50     28      0      0      0      0   3201   1980      0      0 130415 130416      0      0      0      0    127     18 
    0    319     45     43     51     29      0      0      0      0   3201   1980      0      0 130415 130416      0      0      0      0    125     18 
    0    276     43     42     43     20      0      0      0      0   3201   1980      0      0 130415 130416      0      0      0      0    107     22 
    0    297     45     43     51     28      0      0      0      0   3201   1980      0      0 130415 130416      0      0      0      0    107     22 
    0    310     45     43     50     28      0      0      0      0   3201   1980      0      0 130415 130416      0      0      0      0    121     23 
    0    297     45     43     50     28      0      0      0      0   3201   1980      0      0 130415 130416      0      0      0      0    140     18 
    0    303     45     43     51     28      0      0      0      0   3201   1980      0      0 130415 130416      0      0      0      0    106     17 
    0    301     45     44     51     28      0      0      0      0   3201   1980      0      0 130415 130416      0      0      0      0    120     17 
    0    200     42     40      0      0      0      0      0      0   3201   1980      0      0 130415 130416      0      0      0      0      0      0 
    0    151     44     39      0      0      0      0      0      0   3201   1980      0      0 130415 130416      0      0      0      0    100     23 
    0    285     45     43     54     30      0      0      0      0   3201   1980      0      0 130415 130416      0      0      0      0    125     18 
    0    313     45     44     52     28      0      0      0      0   3201   1980      0      0 130415 130416      0      0      0      0    112     23 
    0    293     45     44     49     27      0      0      0      0   3201   1980      0      0 130415 130416      0      0      0      0    116     17 
    0    307     45     44     52     29      0      0      0      0   3201   1980      0      0 130415 130416      0      0      0      0    133     18 
    0    296     46     43     52     28      0      0      0      0   3201   1980      0      0 130415 130416      0      0      0      0    130     17 
    0    321     46     44     52     28      0      0      0      0   3201   1980      0      0 130415 130416      0      0      0      0    115     20 
    0    326     46     44     52     29      0      0      0      0   3201   1980      0      0 130415 130416      0      0      0      0    113     23 
    0    306     46     44     50     27      0      0      0      0   3201   1980      0      0 130415 130416      0      0      0      0    103     22 
    0    290     45     44     50     27      0      0      0      0   3201   1980      0      0 130415 130416      0      0      0      0     96      0 
    0    146     42     40      0      0      0      0      0      0   3201   1980      0      0 130415 130416      0      0      0      0      0      0 
    0    133     42     39      0      0      0      0      0      0   3201   1980      0      0 130415 130416      0      0      0      0      0      0 
    0    133     42     39      0      0      0      0      0      0   3201   1980      0      0 130415 130416      0      0      0      0      0      1 
    0    305     45     43     54     29      0      0      0      0   3201   1980      0      0 130415 130416      0      0      0      0    128     18 
    0    306     45     43     52     28      0      0      0      0   3201   1980      0      0 130415 130416      0      0      0      0    124     18 
    0    316     46     44     52     28      0      0      0      0   3201   1980      0      0 130415 130416      0      0      0      0    111     21 
    0    314     46     44     52     29      0      0      0      0   3201   1980      0      0 130415 130416      0      0      0      0    104     18 
    0    328     51     44     51     28      0      0      0      0   3201   1980      0      0 130415 130416      0      0      0      0    114     24 
    0    307     46     45     48     27      0      0      0      0   3201   1980      0      0 130415 130416      0      0      0      0     98     22 
    0    296     46     44     60     29      0      0      0      0   3201   1980      0      0 130415 130416      0      0      0      0    138     18 
    0    283     45     45     50     27      0      0      0      0   3201   1980      0      0 130415 130416      0      0      0      0    124     18 
    0    309     46     44     50     28      0      0      0      0   3201   1980     28      0 130415 130416      0      0      0      0    106     23 
    0    289     46     44     50     28      0      0      0      0   3201   1980      0      0 130415 130416      0      0      0      0     90      0 
    0    140     42     40      0      0      0      0      0      0   3201   1980      0      0 130415 130416      0      0      0      0      0      0 
    0    133     42     40      0      0      0      0      0      0   3201   1980      0      0 130415 130416      0      0      0      0      0      0 
    0    277     45     43     58     29      0      0      0      0   3201   1980      0      0 130415 130416      0      0      0      0    125     18 
    0    281     45     43     49     27      0      0      0      0   3201   1980      0      0 130415 130416      0      0      0      0    131     17 
    0    170     42     40      0      0      0      0      0      0   3201   1980      0      0 130415 130416      0      0      0      0      0      0 
    0    133     42     40      0      0      0      0      0      0   3201   1980      0      0 130415 130416      0      0      0      0      0      1 
    0    229     45     43     51     28      0      0      0      0   3201   1980      0      0 130415 130416      0      0      0      0    108     23 
    0    299     45     43     50     28      0      0      0      0   3201   1980      0      0 130415 130416      0      0      0      0    105     21 
    0    310     46     43     52     28      0      0      0      0   3201   1980      0      0 130415 130416      0      0      0      0    147     18 
# gpu    pwr  gtemp  mtemp     sm    mem    enc    dec    jpg    ofa   mclk   pclk  pviol  tviol     fb   bar1   ccpm  sbecc  dbecc    pci  rxpci  txpci 
# Idx      W      C      C      %      %      %      %      %      %    MHz    MHz      %   bool     MB     MB     MB   errs   errs   errs   MB/s   MB/s 
    0    351     46     44     52     29      0      0      0      0   3201   1980      0      0 130415 130416      0      0      0      0    148     20 
    0    324     46     44     56     32      0      0      0      0   3201   1980      0      0 130415 130416      0      0      0      0    101     22 
    0    305     46     44     52     29      0      0      0      0   3201   1980      0      0 130415 130416      0      0      0      0    106     24 
    0    306     46     45     60     27      0      0      0      0   3201   1980      0      0 130415 130416      0      0      0      0    157     18 
    0    315     46     44     52     28      0      0      0      0   3201   1980      0      0 130415 130416      0      0      0      0    101     24 
    0    308     46     44     48     27      0      0      0      0   3201   1980      0      0 130415 130416      0      0      0      0    118     23 
    0    225     43     41      0      0      0      0      0      0   3201   1980      0      0 130415 130416      0      0      0      0      0      1 
    0    134     42     40      0      0      0      0      0      0   3201   1980      0      0 130415 130416      0      0      0      0    110     17 
    0    305     45     43     50     27      0      0      0      0   3201   1980      0      0 130415 130416      0      0      0      0    114     20 
    0    314     46     44     55     30      0      0      0      0   3201   1980      0      0 130415 130416      0      0      0      0    104     23 
    0    300     46     43     50     27      0      0      0      0   3201   1980      0      0 130415 130416      0      0      0      0    119     18 
    0    316     47     44     56     31      0      0      0      0   3201   1980      0      0 130415 130416      0      0      0      0    128     18 
    0    312     46     45     54     30      0      0      0      0   3201   1980     30      0 130415 130416      0      0      0      0    124     14 
    0    241     47     43     43     18      0      0      0      0   3201   1980      0      0 130415 130416      0      0      0      0    117     20 
    0    287     46     44     47     26      0      0      0      0   3201   1980      0      0 130415 130416      0      0      0      0    121     21 
    0    307     46     44     50     27      0      0      0      0   3201   1980      0      0 130415 130416      0      0      0      0    125     18 
    0    298     46     44     52     28      0      0      0      0   3201   1980      0      0 130415 130416      0      0      0      0    118     12 
    0    254     44     42      8      4      0      0      0      0   3201   1980      0      0 130415 130416      0      0      0      0      0      0 
    0    134     42     40      0      0      0      0      0      0   3201   1980      0      0 130415 130416      0      0      0      0      0      0 
    0    166     45     43     53     28      0      0      0      0   3201   1980      0      0 130415 130416      0      0      0      0    119     17 
    0    301     46     43     50     27      0      0      0      0   3201   1980      0      0 130415 130416      0      0      0      0    113     19 
    0    303     46     44     50     28      0      0      0      0   3201   1980      0      0 130415 130416      0      0      0      0    118     21 
    0    307     47     44     61     28      0      0      0      0   3201   1980      0      0 130415 130416      0      0      0      0    124     18 
    0    292     46     44     50     27      0      0      0      0   3201   1980      0      0 130415 130416      0      0      0      0    122     18 
    0    235     43     41      0      0      0      0      0      0   3201   1980      0      0 130415 130416      0      0      0      0      0      0 
    0    171     45     42     23      9      0      0      0      0   3201   1980      0      0 130415 130416      0      0      0      0    120     17 
    0    297     46     43     50     27      0      0      0      0   3201   1980      0      0 130415 130416      0      0      0      0    125     18 
    0    288     46     44     51     28      0      0      0      0   3201   1980      0      0 130415 130416      0      0      0      0      0      0 
    0    278     46     44     53     31      0      0      0      0   3201   1980      0      0 130415 130416      0      0      0      0     94     21 
    0    309     46     44     51     28      0      0      0      0   3201   1980      0      0 130415 130416      0      0      0      0    114     21 
    0    290     46     45     50     28      0      0      0      0   3201   1980      0      0 130415 130416      0      0      0      0    120     17 
    0    281     46     44     60     28      0      0      0      0   3201   1980      0      0 130415 130416      0      0      0      0    126     18 
    0    291     46     44     50     28      0      0      0      0   3201   1980      0      0 130415 130416      0      0      0      0      0      0 
    0    162     45     41      0      0      0      0      0      0   3201   1980      0      0 130415 130416      0      0      0      0    102     22 
    0    301     46     44     50     28      0      0      0      0   3201   1980      0      0 130415 130416      0      0      0      0    124     18 
    0    261     43     43      0      0      0      0      0      0   3201   1980      0      0 130415 130416      0      0      0      0      0      0 
    0    181     45     43     55     29      0      0      0      0   3201   1980      0      0 130415 130416      0      0      0      0     96     21 
    0    283     46     43     51     28      0      0      0      0   3201   1980      0      0 130415 130416      0      0      0      0    109     22 
    0    289     45     44     50     28      0      0      0      0   3201   1980      0      0 130415 130416      0      0      0      0      0      0 
    0    296     46     44     57     26      0      0      0      0   3201   1980      0      0 130415 130416      0      0      0      0    119     19 
    0    290     45     44     51     28      0      0      0      0   3201   1980      0      0 130415 130416      0      0      0      0    104     20 
    0    156     42     40      0      0      0      0      0      0   3201   1980      0      0 130415 130416      0      0      0      0      0      0 
    0    169     45     42     50     28      0      0      0      0   3201   1980      0      0 130415 130416      0      0      0      0    113     17 
    0    296     46     43     60     28      0      0      0      0   3201   1980      0      0 130415 130416      0      0      0      0    119     17 
# gpu    pwr  gtemp  mtemp     sm    mem    enc    dec    jpg    ofa   mclk   pclk  pviol  tviol     fb   bar1   ccpm  sbecc  dbecc    pci  rxpci  txpci 
# Idx      W      C      C      %      %      %      %      %      %    MHz    MHz      %   bool     MB     MB     MB   errs   errs   errs   MB/s   MB/s 
    0    300     45     44     50     28      0      0      0      0   3201   1980      0      0 130415 130416      0      0      0      0    135     18 
    0    331     46     44     53     29      0      0      0      0   3201   1980      0      0 130415 130416      0      0      0      0    119     19 
    0    299     46     44     50     27      0      0      0      0   3201   1980      0      0 130415 130416      0      0      0      0    116     23 
    0    295     45     44     48     27      0      0      0      0   3201   1980      0      0 130415 130416      0      0      0      0    142     18 
    0    316     46     45     52     28      0      0      0      0   3201   1980      0      0 130415 130416      0      0      0      0    128     19 
    0    319     46     44     50     27      0      0      0      0   3201   1980      0      0 130415 130416      0      0      0      0    138     18 
    0    309     46     44     57     32      0      0      0      0   3201   1980      0      0 130415 130416      0      0      0      0    115     23 
    0    307     46     44     55     31      0      0      0      0   3201   1980      0      0 130415 130416      0      0      0      0    114     23 
    0    299     46     44     49     27      0      0      0      0   3201   1980      0      0 130415 130416      0      0      0      0    132     17 
    0    302     46     44     50     27      0      0      0      0   3201   1980      0      0 130415 130416      0      0      0      0    107     19 
    0    298     46     44     52     30      0      0      0      0   3201   1980      0      0 130415 130416      0      0      0      0    105     22 
    0    224     43     42      0      0      0      0      0      0   3201   1980      0      0 130415 130416      0      0      0      0      0      0 
    0    270     45     43     50     27      0      0      0      0   3201   1980      0      0 130415 130416      0      0      0      0    126     18 
    0    294     46     44     50     27      0      0      0      0   3201   1980      0      0 130415 130416      0      0      0      0    116     20 
    0    288     45     44     50     28      0      0      0      0   3201   1980      0      0 130415 130416      0      0      0      0    106     21 
    0    296     45     44     55     31      0      0      0      0   3201   1980      0      0 130415 130416      0      0      0      0     97     22 
    0    279     44     44     51     28      0      0      0      0   3201   1980      0      0 130415 130416      0      0      0      0    105     20 
    0    294     46     44     52     29      0      0      0      0   3201   1980      0      0 130415 130416      0      0      0      0    126     17 
    0    305     46     44     50     28      0      0      0      0   3201   1980      0      0 130415 130416      0      0      0      0    125     19 
    0    287     46     44     50     28      0      0      0      0   3201   1980      0      0 130415 130416      0      0      0      0      0      0 
    0    190     45     43     48     26      0      0      0      0   3201   1980      0      0 130415 130416      0      0      0      0    120     17 
    0    297     45     44     51     28      0      0      0      0   3201   1980      0      0 130415 130416      0      0      0      0    116     19 
    0    287     46     44     50     28      0      0      0      0   3201   1980      0      0 130415 130416      0      0      0      0    120     17 
    0    165     42     41      0      0      0      0      0      0   3201   1980      0      0 130415 130416      0      0      0      0      0      0 
    0    133     42     40      0      0      0      0      0      0   3201   1980      0      0 130415 130416      0      0      0      0      0      0 
    0    133     42     39      0      0      0      0      0      0   3201   1980      0      0 130415 130416      0      0      0      0      0      1 
    0    133     41     39      0      0      0      0      0      0   3201   1980      0      0 130415 130416      0      0      0      0      0      0 
    0    133     41     39      0      0      0      0      0      0   3201   1980      0      0 130415 130416      0      0      0      0      0      1 
    0    238     44     42     49     27      0      0      0      0   3201   1980      0      0 130415 130416      0      0      0      0    124     18 
    0    293     44     43     50     28      0      0      0      0   3201   1980      0      0 130415 130416      0      0      0      0      0      1 
    0    223     45     43     50     27      0      0      0      0   3201   1980      0      0 130415 130416      0      0      0      0    115     23 
    0    318     45     43     62     30      0      0      0      0   3201   1980      0      0 130415 130416      0      0      0      0    137     19 
    0    289     45     44     54     31      0      0      0      0   3201   1980      0      0 130415 130416      0      0      0      0      0      0 
    0    206     45     43     51     28      0      0      0      0   3201   1980      0      0 130415 130416      0      0      0      0    111     19 
    0    264     43     42      0      0      0      0      0      0   3201   1980      0      0 130415 130416      0      0      0      0      0      0 
    0    264     45     43     52     28      0      0      0      0   3201   1980      0      0 130415 130416      0      0      0      0    107     17 
    0    321     45     43     52     28      0      0      0      0   3201   1980      0      0 130415 130416      0      0      0      0    127     18 
    0    300     45     44     61     30      0      0      0      0   3201   1980      0      0 130415 130416      0      0      0      0    125     18 
    0    299     45     44     55     31      0      0      0      0   3201   1980      0      0 130415 130416      0      0      0      0    119     17 
    0    289     46     44     50     28      0      0      0      0   3201   1980      0      0 130415 130416      0      0      0      0    106     22 
    0    290     46     44     55     31      0      0      0      0   3201   1980      0      0 130415 130416      0      0      0      0    115     13 
    0    229     45     43     50     28      0      0      0      0   3201   1980      0      0 130415 130416      0      0      0      0    120     17 
    0    290     46     44     52     28      0      0      0      0   3201   1980      0      0 130415 130416      0      0      0      0      0      0 
    0    134     42     40      0      0      0      0      0      0   3201   1980      0      0 130415 130416      0      0      0      0      0      0 
# gpu    pwr  gtemp  mtemp     sm    mem    enc    dec    jpg    ofa   mclk   pclk  pviol  tviol     fb   bar1   ccpm  sbecc  dbecc    pci  rxpci  txpci 
# Idx      W      C      C      %      %      %      %      %      %    MHz    MHz      %   bool     MB     MB     MB   errs   errs   errs   MB/s   MB/s 
    0    133     42     39      0      0      0      0      0      0   3201   1980      0      0 130415 130416      0      0      0      0      0      0 
    0    281     45     43     50     28      0      0      0      0   3201   1980      0      0 130415 130416      0      0      0      0    107     22 
    0    196     42     40      0      0      0      0      0      0   3201   1980      0      0 130415 130416      0      0      0      0     97     27 
    0    325     45     44     52     29      0      0      0      0   3201   1980      0      0 130415 130416      0      0      0      0    107     23 
    0    311     46     43     51     28      0      0      0      0   3201   1980      0      0 130415 130416      0      0      0      0    115     23 
    0    340     51     44     56     31      0      0      0      0   3201   1905     34      0 130415 130416      0      0      0      0    133     18 
    0    303     46     44     49     27      0      0      0      0   3201   1980     27      0 130415 130416      0      0      0      0    118     17 
    0    309     46     45     54     30      0      0      0      0   3201   1980      0      0 130415 130416      0      0      0      0    125     18 
    0    293     46     44     50     28      0      0      0      0   3201   1980      0      0 130415 130416      0      0      0      0    114     23 
    0    190     43     41      0      0      0      0      0      0   3201   1980      0      0 130415 130416      0      0      0      0      0      0 
    0    198     45     43     50     28      0      0      0      0   3201   1980      0      0 130415 130416      0      0      0      0    121     17 
    0    315     47     44     64     28      0      0      0      0   3201   1980      0      0 130415 130416      0      0      0      0    113     23 
    0    303     46     44     56     32      0      0      0      0   3201   1980      0      0 130415 130416      0      0      0      0     97     16 
    0    304     46     45     60     28      0      0      0      0   3201   1965     21      0 130415 130416      0      0      0      0    116     19 
    0    305     46     44     50     28      0      0      0      0   3201   1980      5      0 130415 130416      0      0      0      0    108     22 
    0    192     43     41      0      0      0      0      0      0   3201   1980      0      0 130415 130416      0      0      0      0      0      0 
    0    188     45     43     51     28      0      0      0      0   3201   1980      0      0 130415 130416      0      0      0      0     96     21 
    0    302     46     44     55     31      0      0      0      0   3201   1980      0      0 130415 130416      0      0      0      0    120     17 
    0    296     46     45     51     29      0      0      0      0   3201   1980      0      0 130415 130416      0      0      0      0    120     17 
    0    295     46     44     55     31      0      0      0      0   3201   1980      0      0 130415 130416      0      0      0      0    120     17 
    0    317     47     44     61     28      0      0      0      0   3201   1980      0      0 130415 130416      0      0      0      0    104     22 
    0    326     47     45     62     29      0      0      0      0   3201   1980      0      0 130415 130416      0      0      0      0    136     18 
    0    295     46     45     50     28      0      0      0      0   3201   1980      0      0 130415 130416      0      0      0      0    110     22 
    0    230     44     42      0      0      0      0      0      0   3201   1980      0      0 130415 130416      0      0      0      0      0      0 
    0    210     46     44     53     30      0      0      0      0   3201   1980      0      0 130415 130416      0      0      0      0     97     23 
    0    301     47     45     50     28      0      0      0      0   3201   1980      0      0 130415 130416      0      0      0      0    119     17 
    0    309     48     45     56     26      0      0      0      0   3201   1980      0      0 130415 130416      0      0      0      0    105     28 
    0    328     47     45     57     32      0      0      0      0   3201   1980      0      0 130415 130416      0      0      0      0    116     23 
    0    291     47     45     51     28      0      0      0      0   3201   1980      0      0 130415 130416      0      0      0      0    124     18 
    0    232     44     43      0      0      0      0      0      0   3201   1980      0      0 130415 130416      0      0      0      0 