# gpu    pwr  gtemp  mtemp     sm    mem    enc    dec    jpg    ofa   mclk   pclk  pviol  tviol     fb   bar1   ccpm  sbecc  dbecc    pci  rxpci  txpci 
# Idx      W      C      C      %      %      %      %      %      %    MHz    MHz      %   bool     MB     MB     MB   errs   errs   errs   MB/s   MB/s 
    0    169     43     41     32     18      0      0      0      0   3201   1980      0      0 130411 130412      0      0      0      0      0      1 
    0    133     41     38      0      0      0      0      0      0   3201   1980      0      0 130411 130412      0      0      0      0      0      0 
    0    132     41     38      0      0      0      0      0      0   3201   1980      0      0 130411 130412      0      0      0      0      0      1 
    0    132     41     38      0      0      0      0      0      0   3201   1980      0      0 130411 130412      0      0      0      0      0      0 
    0    132     40     38      0      0      0      0      0      0   3201   1980      0      0 130411 130412      0      0      0      0      0      1 
    0    132     40     37      0      0      0      0      0      0   3201   1980      0      0 130411 130412      0      0      0      0      0      0 
    0    132     40     37      0      0      0      0      0      0   3201   1980      0      0 130411 130412      0      0      0      0      0      1 
    0    132     40     37      0      0      0      0      0      0   3201   1980      0      0 130411 130412      0      0      0      0      0      0 
    0    132     40     37      0      0      0      0      0      0   3201   1980      0      0 130411 130412      0      0      0      0      0      0 
    0    132     40     37      0      0      0      0      0      0   3201   1980      0      0 130411 130412      0      0      0      0      0      0 
    0    132     40     37      0      0      0      0      0      0   3201   1980      0      0 130411 130412      0      0      0      0      0      0 
    0    132     40     37      0      0      0      0      0      0   3201   1980      0      0 130411 130412      0      0      0      0      0      0 
    0    132     40     37      0      0      0      0      0      0   3201   1980      0      0 130411 130412      0      0      0      0      0      0 
    0    246     42     41     40     21      0      0      0      0   3201   1980      0      0 130415 130416      0      0      0      0    119     23 
    0    305     44     42     55     29      0      0      0      0   3201   1980      0      0 130415 130416      0      0      0      0    112     23 
    0    298     45     42     52     28      0      0      0      0   3201   1980      0      0 130417 130418      0      0      0      0    141     18 
    0    278     42     42     16      9      0      0      0      0   3201   1980      0      0 130417 130418      0      0      0      0    125     13 
    0    300     44     43     54     31      0      0      0      0   3201   1980      0      0 130417 130418      0      0      0      0    107     22 
    0    315     45     43     56     32      0      0      0      0   3201   1980      0      0 130417 130418      0      0      0      0    112     17 
    0    301     45     43     52     28      0      0      0      0   3201   1980      0      0 130417 130418      0      0      0      0    118     19 
    0    297     45     43     49     27      0      0      0      0   3201   1980      0      0 130417 130418      0      0      0      0    130     18 
    0    315     45     43     56     32      0      0      0      0   3201   1980      0      0 130417 130418      0      0      0      0    114     22 
    0    308     45     43     56     32      0      0      0      0   3201   1980      0      0 130417 130418      0      0      0      0    112     20 
    0    311     45     43     50     27      0      0      0      0   3201   1980      0      0 130417 130418      0      0      0      0    125     18 
    0    304     46     44     53     29      0      0      0      0   3201   1980      0      0 130417 130418      0      0      0      0    132     18 
    0    302     45     43     51     28      0      0      0      0   3201   1980      0      0 130417 130418      0      0      0      0    117     22 
    0    302     45     43     53     27      0      0      0      0   3201   1980      0      0 130417 130418      0      0      0      0    112     23 
    0    301     46     43     52     28      0      0      0      0   3201   1980      0      0 130417 130418      0      0      0      0    117     19 
    0    305     46     44     52     28      0      0      0      0   3201   1980      0      0 130417 130418      0      0      0      0    131     18 
    0    309     46     43     57     31      0      0      0      0   3201   1980      0      0 130417 130418      0      0      0      0    123     22 
    0    319     46     43     54     30      0      0      0      0   3201   1980      0      0 130417 130418      0      0      0      0    130     18 
    0    318     47     44     51     27      0      0      0      0   3201   1980      0      0 130417 130418      0      0      0      0    121     24 
    0    315     46     44     53     28      0      0      0      0   3201   1980      0      0 130417 130418      0      0      0      0    110     19 
    0    320     48     44     55     29      0      0      0      0   3201   1980      0      0 130417 130418      0      0      0      0    138     18 
    0    312     47     44     53     29      0      0      0      0   3201   1980      0      0 130417 130418      0      0      0      0    117     20 
    0    319     47     44     56     30      0      0      0      0   3201   1980      0      0 130417 130418      0      0      0      0    114     23 
    0    321     47     44     52     29      0      0      0      0   3201   1980      0      0 130417 130418      0      0      0      0    110     19 
    0    318     47     44     57     29      0      0      0      0   3201   1980      0      0 130417 130418      0      0      0      0    118     28 
    0    337     47     44     54     28      0      0      0      0   3201   1980      0      0 130417 130418      0      0      0      0    126     18 
    0    339     47     44     57     29      0      0      0      0   3201   1980      0      0 130417 130418      0      0      0      0    125     21 
    0    314     47     45     56     30      0      0      0      0   3201   1980      0      0 130417 130418      0      0      0      0    113     23 
    0    334     49     45     56     29      0      0      0      0   3201   1980      0      0 130417 130418      0      0      0      0    132     18 
    0    336     47     45     52     26      0      0      0      0   3201   1980      0      0 130417 130418      0      0      0      0    137     18 
    0    334     49     46     57     29      0      0      0      0   3201   1980      0      0 130417 130418      0      0      0      0    143     19 
# gpu    pwr  gtemp  mtemp     sm    mem    enc    dec    jpg    ofa   mclk   pclk  pviol  tviol     fb   bar1   ccpm  sbecc  dbecc    pci  rxpci  txpci 
# Idx      W      C      C      %      %      %      %      %      %    MHz    MHz      %   bool     MB     MB     MB   errs   errs   errs   MB/s   MB/s 
    0    286     47     44     56     29      0      0      0      0   3201   1980      0      0 130417 130418      0      0      0      0    118     27 
    0    355     48     46     58     30      0      0      0      0   3201   1980      0      0 130417 130418      0      0      0      0    113     24 
    0    337     48     45     55     28      0      0      0      0   3201   1980      0      0 130417 130418      0      0      0      0    135     18 
    0    319     48     45     52     29      0      0      0      0   3201   1980      0      0 130417 130418      0      0      0      0    123     19 
    0    298     48     45     52     28      0      0      0      0   3201   1980      0      0 130417 130418      0      0      0      0    105     22 
    0    298     47     45     51     28      0      0      0      0   3201   1980      0      0 130417 130418      0      0      0      0    128     19 
    0    329     47     45     54     29      0      0      0      0   3201   1980      0      0 130417 130418      0      0      0      0    161     18 
    0    340     49     46     55     29      0      0      0      0   3201   1980      0      0 130417 130418      0      0      0      0    121     19 
    0    348     48     46     62     33      0      0      0      0   3201   1980      0      0 130417 130418      0      0      0      0    110     26 
    0    353     49     46     54     29      0      0      0      0   3201   1980      0      0 130417 130418      0      0      0      0    146     20 
    0    346     50     46     57     30      0      0      0      0   3201   1980      0      0 130417 130418      0      0      0      0    109     23 
    0    344     48     46     52     26      0      0      0      0   3201   1980      0      0 130417 130418      0      0      0      0    143     20 
    0    333     48     46     55     29      0      0      0      0   3201   1980      0      0 130417 130418      0      0      0      0    123     18 
    0    345     48     46     58     29      0      0      0      0   3201   1980      0      0 130417 130418      0      0      0      0    121     25 
    0    336     48     46     59     30      0      0      0      0   3201   1980      0      0 130417 130418      0      0      0      0    116     25 
    0    324     48     46     54     31      0      0      0      0   3201   1980      0      0 130417 130418      0      0      0      0    112     21 
    0    316     48     46     52     29      0      0      0      0   3201   1980      0      0 130417 130418      0      0      0      0    121     18 
    0    309     48     46     57     31      0      0      0      0   3201   1980      0      0 130417 130418      0      0      0      0    109     23 
    0    307     48     46     52     28      0      0      0      0   3201   1980      0      0 130417 130418      0      0      0      0    129     18 
    0    313     49     46     53     29      0      0      0      0   3201   1980      0      0 130417 130418      0      0      0      0    132     19 
    0    314     49     46     53     29      0      0      0      0   3201   1980      0      0 130417 130418      0      0      0      0    133     18 
    0    310     48     45     52     28      0      0      0      0   3201   1980      0      0 130417 130418      0      0      0      0    131     19 
    0    308     48     45     52     29      0      0      0      0   3201   1980      0      0 130417 130418      0      0      0      0    131     18 
    0    310     48     46     53     29      0      0      0      0   3201   1980      0      0 130417 130418      0      0      0      0    133     20 
    0    304     49     45     50     27      0      0      0      0   3201   1980      0      0 130417 130418      0      0      0      0    132     18 
    0    315     49     46     53     28      0      0      0      0   3201   1980      0      0 130417 130418      0      0      0      0    133     19 
    0    309     48     46     53     29      0      0      0      0   3201   1980      0      0 130417 130418      0      0      0      0    131     18 
    0    303     48     46     52     28      0      0      0      0   3201   1980      0      0 130417 130418      0      0      0      0    129     19 
    0    312     51     46     53     28      0      0      0      0   3201   1980      0      0 130417 130418      0      0      0      0    113     23 
    0    318     48     46     56     30      0      0      0      0   3201   1980      0      0 130417 130418      0      0      0      0    132     19 
    0    329     50     46     56     29      0      0      0      0   3201   1980      0      0 130417 130418      0      0      0      0    114     23 
    0    343     49     46     57     30      0      0      0      0   3201   1980      0      0 130417 130418      0      0      0      0    111     25 
    0    342     49     46     61     33      0      0      0      0   3201   1980      0      0 130417 130418      0      0      0      0    139     17 
    0    342     49     47     57     29      0      0      0      0   3201   1980      0      0 130417 130418      0      0      0      0    139     18 
    0    332     49     46     57     29      0      0      0      0   3201   1980      0      0 130417 130418      0      0      0      0    109     23 
    0    329     50     46     53     29      0      0      0      0   3201   1980      0      0 130417 130418      0      0      0      0    113     23 
    0    310     49     46     52     28      0      0      0      0   3201   1980      0      0 130417 130418      0      0      0      0    112     23 
    0    304     48     46     55     31      0      0      0      0   3201   1980      0      0 130417 130418      0      0      0      0    116     19 
    0    306     48     46     52     28      0      0      0      0   3201   1980      0      0 130417 130418      0      0      0      0    135     18 
    0    300     48     46     54     31      0      0      0      0   3201   1980      0      0 130417 130418      0      0      0      0    129     18 
    0    305     48     46     52     29      0      0      0      0   3201   1980      0      0 130417 130418      0      0      0      0    118     19 
    0    295     48     46     50     27      0      0      0      0   3201   1980      0      0 130417 130418      0      0      0      0    123     18 
    0    298     48     46     52     28      0      0      0      0   3201   1980      0      0 130417 130418      0      0      0      0    128     18 
    0    298     48     46     52     28      0      0      0      0   3201   1980      0      0 130417 130418      0      0      0      0    120     19 
# gpu    pwr  gtemp  mtemp     sm    mem    enc    dec    jpg    ofa   mclk   pclk  pviol  tviol     fb   bar1   ccpm  sbecc  dbecc    pci  rxpci  txpci 
# Idx      W      C      C      %      %      %      %      %      %    MHz    MHz      %   bool     MB     MB     MB   errs   errs   errs   MB/s   MB/s 
    0    299     48     46     52     28      0      0      0      0   3201   1980      0      0 130417 130418      0      0      0      0    113     23 
    0    310     49     46     52     28      0      0      0      0   3201   1980      0      0 130417 130418      0      0      0      0    110     19 
    0    328     48     46     57     29      0      0      0      0   3201   1980      0      0 130417 130418      0      0      0      0    136     18 
    0    333     48     46     54     30      0      0      0      0   3201   1980      0      0 130417 130418      0      0      0      0    116     23 
    0    314     49     47     52     29      0      0      0      0   3201   1980      0      0 130417 130418      0      0      0      0    112     19 
    0    309     49     46     52     29      0      0      0      0   3201   1980      0      0 130417 130418      0      0      0      0    122     18 
    0    309     48     46     55     31      0      0      0      0   3201   1980      0      0 130417 130418      0      0      0      0    128     19 
    0    301     48     46     52     28      0      0      0      0   3201   1980      0      0 130417 130418      0      0      0      0    105     22 
    0    314     48     46     52     28      0      0      0      0   3201   1980      0      0 130417 130418      0      0      0      0    110     24 
    0    323     51     46     56     30      0      0      0      0   3201   1980      0      0 130417 130418      0      0      0      0    140     18 
    0    343     49     47     56     29      0      0      0      0   3201   1980      0      0 130417 130418      0      0      0      0     88     26 
    0    334     49     46     56     30      0      0      0      0   3201   1980      0      0 130417 130418      0      0      0      0    119     20 
    0    349     49     47     59     30      0      0      0      0   3201   1980      0      0 130417 130418      0      0      0      0    110     23 
    0    330     49     47     54     29      0      0      0      0   3201   1980      0      0 130417 130418      0      0      0      0    113     24 
    0    310     49     46     49     27      0      0      0      0   3201   1980      0      0 130417 130418      0      0      0      0    118     19 
    0    323     50     46     54     29      0      0      0      0   3201   1980      0      0 130417 130418      0      0      0      0    136     18 
    0    323     48     46     57     29      0      0      0      0   3201   1980      0      0 130417 130418      0      0      0      0    113     24 
    0    338     49     47     57     29      0      0      0      0   3201   1980      0      0 130417 130418      0      0      0      0    116     20 
    0    337     50     46     58     30      0      0      0      0   3201   1980      0      0 130417 130418      0      0      0      0    120     19 
    0    329     49     47     59     31      0      0      0      0   3201   1980      0      0 130417 130418      0      0      0      0    112     25 
    0    330     49     47     54     29      0      0      0      0   3201   1980      0      0 130417 130418      0      0      0      0    135     20 
    0    310     48     47     52     29      0      0      0      0   3201   1980      0      0 130417 130418      0      0      0      0    131     18 
    0    304     49     46     56     31      0      0      0      0   3201   1980      0      0 130417 130418      0      0      0      0    106     22 
    0    299     47     46     51     28      0      0      0      0   3201   1980      0      0 130417 130418      0      0      0      0      0      0 
    0    136     45     43      0      0      0      0      0      0   3201   1980      0      0 130417 130418      0      0      0      0      0      0 
