# gpu    pwr  gtemp  mtemp     sm    mem    enc    dec    jpg    ofa   mclk   pclk  pviol  tviol     fb   bar1   ccpm  sbecc  dbecc    pci  rxpci  txpci 
# Idx      W      C      C      %      %      %      %      %      %    MHz    MHz      %   bool     MB     MB     MB   errs   errs   errs   MB/s   MB/s 
    0    156     38     35     35     19      0      0      0      0   3201   1980      0      0 130411 130412      0      0      0      0      0      1 
    0    130     37     34      0      0      0      0      0      0   3201   1980      0      0 130411 130412      0      0      0      0      0      0 
    0    130     37     34      0      0      0      0      0      0   3201   1980      0      0 130411 130412      0      0      0      0      0      0 
    0    130     37     34      0      0      0      0      0      0   3201   1980      0      0 130411 130412      0      0      0      0      0      0 
    0    129     37     34      0      0      0      0      0      0   3201   1980      0      0 130411 130412      0      0      0      0      0      0 
    0    129     37     34      0      0      0      0      0      0   3201   1980      0      0 130411 130412      0      0      0      0      0      0 
    0    129     37     33      0      0      0      0      0      0   3201   1980      0      0 130411 130412      0      0      0      0      0      0 
    0    129     37     33      0      0      0      0      0      0   3201   1980      0      0 130411 130412      0      0      0      0      0      0 
    0    129     37     33      0      0      0      0      0      0   3201   1980      0      0 130411 130412      0      0      0      0      0      0 
    0    129     36     33      0      0      0      0      0      0   3201   1980      0      0 130411 130412      0      0      0      0      0      0 
    0    129     36     33      0      0      0      0      0      0   3201   1980      0      0 130411 130412      0      0      0      0      0      0 
    0    129     36     33      0      0      0      0      0      0   3201   1980      0      0 130411 130412      0      0      0      0      0      0 
    0    129     36     33      0      0      0      0      0      0   3201   1980      0      0 130411 130412      0      0      0      0      0      0 
    0    132     36     33      0      0      0      0      0      0   3201   1980      0      0 130415 130416      0      0      0      0     68     16 
    0    138     36     33      0      0      0      0      0      0   3201   1980      0      0 130415 130416      0      0      0      0     53      0 
    0    239     40     38     48     25      0      0      0      0   3201   1980      0      0 130417 130418      0      0      0      0    116     23 
    0    290     42     39     48     27      0      0      0      0   3201   1980      0      0 130417 130418      0      0      0      0    100     22 
    0    274     40     39     49     27      0      0      0      0   3201   1980      0      0 130417 130418      0      0      0      0    104     22 
    0    226     40     38     49     27      0      0      0      0   3201   1980      0      0 130417 130418      0      0      0      0    123     17 
    0    275     40     39     51     26      0      0      0      0   3201   1980      0      0 130417 130418      0      0      0      0    121     18 
    0    280     40     40     52     28      0      0      0      0   3201   1980      0      0 130417 130418      0      0      0      0    110     23 
    0    286     41     39     51     28      0      0      0      0   3201   1980      0      0 130417 130418      0      0      0      0    101     22 
    0    291     41     40     55     31      0      0      0      0   3201   1980      0      0 130417 130418      0      0      0      0    110     19 
    0    281     41     40     49     27      0      0      0      0   3201   1980      0      0 130417 130418      0      0      0      0    118     17 
    0    278     41     40     50     28      0      0      0      0   3201   1980      0      0 130417 130418      0      0      0      0    103     17 
    0    192     38     36      0      0      0      0      0      0   3201   1980      0      0 130417 130418      0      0      0      0     94     17 
    0    282     41     39     50     28      0      0      0      0   3201   1980      0      0 130417 130418      0      0      0      0    117     22 
    0    278     43     40     52     27      0      0      0      0   3201   1980      0      0 130417 130418      0      0      0      0    139     18 
    0    288     41     41     52     29      0      0      0      0   3201   1980      0      0 130417 130418      0      0      0      0    117     19 
    0    289     41     40     54     31      0      0      0      0   3201   1980      0      0 130417 130418      0      0      0      0    103     22 
    0    294     42     41     50     27      0      0      0      0   3201   1980      0      0 130417 130418      0      0      0      0    110     19 
    0    295     42     41     49     27      0      0      0      0   3201   1980      0      0 130417 130418      0      0      0      0    124     17 
    0    293     42     40     50     27      0      0      0      0   3201   1980      0      0 130417 130418      0      0      0      0    110     23 
    0    291     42     41     48     26      0      0      0      0   3201   1980      0      0 130417 130418      0      0      0      0    127     18 
    0    274     42     38     49     27      0      0      0      0   3201   1980      0      0 130417 130418      0      0      0      0    129     16 
    0    293     42     41     52     27      0      0      0      0   3201   1980      0      0 130417 130418      0      0      0      0    112     23 
    0    296     43     41     50     27      0      0      0      0   3201   1980      0      0 130417 130418      0      0      0      0    135     18 
    0    291     43     41     49     26      0      0      0      0   3201   1980      0      0 130417 130418      0      0      0      0    126     18 
    0    300     43     41     52     27      0      0      0      0   3201   1980      0      0 130417 130418      0      0      0      0    110     21 
    0    287     42     41     49     27      0      0      0      0   3201   1980      0      0 130417 130418      0      0      0      0    109     23 
    0    167     39     37      0      0      0      0      0      0   3201   1980      0      0 130417 130418      0      0      0      0     98     22 
    0    299     43     41     52     27      0      0      0      0   3201   1980      0      0 130417 130418      0      0      0      0    133     18 
    0    286     43     41     50     27      0      0      0      0   3201   1980      0      0 130417 130418      0      0      0      0    126     17 
    0    302     44     41     50     27      0      0      0      0   3201   1980      0      0 130417 130418      0      0      0      0    126     18 
# gpu    pwr  gtemp  mtemp     sm    mem    enc    dec    jpg    ofa   mclk   pclk  pviol  tviol     fb   bar1   ccpm  sbecc  dbecc    pci  rxpci  txpci 
# Idx      W      C      C      %      %      %      %      %      %    MHz    MHz      %   bool     MB     MB     MB   errs   errs   errs   MB/s   MB/s 
    0    292     42     41     48     26      0      0      0      0   3201   1980      0      0 130417 130418      0      0      0      0    121     17 
    0    289     43     41     54     30      0      0      0      0   3201   1980      0      0 130417 130418      0      0      0      0    115     24 
    0    186     40     38      0      0      0      0      0      0   3201   1980      0      0 130417 130418      0      0      0      0    119     16 
    0    277     42     41     51     29      0      0      0      0   3201   1980      0      0 130417 130418      0      0      0      0    117     24 
    0    227     40     38      0      0      0      0      0      0   3201   1980      0      0 130417 130418      0      0      0      0      0      0 
    0    262     42     41     49     27      0      0      0      0   3201   1980      0      0 130417 130418      0      0      0      0     97     17 
    0    300     44     42     51     27      0      0      0      0   3201   1980      0      0 130417 130418      0      0      0      0    130     17 
    0    298     43     42     47     26      0      0      0      0   3201   1980      0      0 130417 130418      0      0      0      0    129     19 
    0    298     43     42     54     30      0      0      0      0   3201   1980      0      0 130417 130418      0      0      0      0    108     23 
    0    292     43     42     48     26      0      0      0      0   3201   1980      0      0 130417 130418      0      0      0      0    122     17 
    0    282     43     42     49     27      0      0      0      0   3201   1980      0      0 130417 130418      0      0      0      0    111     22 
    0    295     43     42     51     27      0      0      0      0   3201   1980      0      0 130417 130418      0      0      0      0    102     24 
    0    299     43     42     48     26      0      0      0      0   3201   1980      0      0 130417 130418      0      0      0      0    125     18 
    0    293     44     42     51     27      0      0      0      0   3201   1980      0      0 130417 130418      0      0      0      0    124     19 
    0    297     43     42     52     28      0      0      0      0   3201   1980      0      0 130417 130418      0      0      0      0    112     23 
    0    256     42     42      0      0      0      0      0      0   3201   1980      0      0 130417 130418      0      0      0      0      0      3 
    0    248     43     41     53     28      0      0      0      0   3201   1980      0      0 130417 130418      0      0      0      0    111     23 
    0    298     45     42     51     27      0      0      0      0   3201   1980      0      0 130417 130418      0      0      0      0    129     19 
    0    282     43     42     47     26      0      0      0      0   3201   1980      0      0 130417 130418      0      0      0      0    118     17 
    0    258     44     42     49     27      0      0      0      0   3201   1980      0      0 130417 130418      0      0      0      0    124     19 
    0    279     43     43     46     25      0      0      0      0   3201   1980      0      0 130417 130418      0      0      0      0    122     16 
    0    294     44     42     51     27      0      0      0      0   3201   1980      0      0 130417 130418      0      0      0      0    136     19 
    0    291     44     42     49     27      0      0      0      0   3201   1980      0      0 130417 130418      0      0      0      0    109     23 
    0    280     43     43     49     27      0      0      0      0   3201   1980      0      0 130417 130418      0      0      0      0    119     13 
    0    283     44     43     52     27      0      0      0      0   3201   1980      0      0 130417 130418      0      0      0      0    100     22 
    0    283     43     42     49     27      0      0      0      0   3201   1980      0      0 130417 130418      0      0      0      0    139     19 
    0    285     43     43     49     27      0      0      0      0   3201   1980      0      0 130417 130418      0      0      0      0    122     18 
    0    277     44     41     50     27      0      0      0      0   3201   1980      0      0 130417 130418      0      0      0      0    118     18 
    0    293     44     43     51     27      0      0      0      0   3201   1980      0      0 130417 130418      0      0      0      0    107     19 
    0    309     45     43     52     27      0      0      0      0   3201   1980      0      0 130417 130418      0      0      0      0    129     19 
    0    299     44     43     48     25      0      0      0      0   3201   1980      0      0 130417 130418      0      0      0      0    111     21 
    0    299     44     43     51     27      0      0      0      0   3201   1980      0      0 130417 130418      0      0      0      0    128     18 
    0    300     44     43     52     28      0      0      0      0   3201   1980      0      0 130417 130418      0      0      0      0    101     22 
    0    293     44     43     51     28      0      0      0      0   3201   1980      0      0 130417 130418      0      0      0      0    112     24 
    0    287     44     43     49     27      0      0      0      0   3201   1980      0      0 130417 130418      0      0      0      0    116     18 
    0    286     44     43     49     27      0      0      0      0   3201   1980      0      0 130417 130418      0      0      0      0    117     17 
    0    288     44     43     48     26      0      0      0      0   3201   1980      0      0 130417 130418      0      0      0      0    126     17 
    0    289     45     43     54     29      0      0      0      0   3201   1980      0      0 130417 130418      0      0      0      0    105     24 
    0    283     44     43     52     29      0      0      0      0   3201   1980      0      0 130417 130418      0      0      0      0    111     18 
    0    281     44     43     48     27      0      0      0      0   3201   1980      0      0 130417 130418      0      0      0      0    122     19 
    0    267     42     42     49     27      0      0      0      0   3201   1980      0      0 130417 130418      0      0      0      0      0      0 
    0    133     41     38      0      0      0      0      0      0   3201   1980      0      0 130417 130418      0      0      0      0      0      1 
    0    194     43     41     48     27      0      0      0      0   3201   1980      0      0 130417 130418      0      0      0      0    121     18 
    0    280     44     42     50     27      0      0      0      0   3201   1980      0      0 130417 130418      0      0      0      0    120     19 
# gpu    pwr  gtemp  mtemp     sm    mem    enc    dec    jpg    ofa   mclk   pclk  pviol  tviol     fb   bar1   ccpm  sbecc  dbecc    pci  rxpci  txpci 
# Idx      W      C      C      %      %      %      %      %      %    MHz    MHz      %   bool     MB     MB     MB   errs   errs   errs   MB/s   MB/s 
    0    297     45     42     52     28      0      0      0      0   3201   1980      0      0 130417 130418      0      0      0      0    111     23 
    0    290     44     43     49     27      0      0      0      0   3201   1980      0      0 130417 130418      0      0      0      0    115     23 
    0    292     45     43     50     27      0      0      0      0   3201   1980      0      0 130417 130418      0      0      0      0    104     23 
    0    300     44     43     51     29      0      0      0      0   3201   1980      0      0 130417 130418      0      0      0      0    110     20 
    0    294     44     43     50     27      0      0      0      0   3201   1980      0      0 130417 130418      0      0      0      0    130     16 
    0    285     44     43     49     27      0      0      0      0   3201   1980      0      0 130417 130418      0      0      0      0    124     17 
    0    187     43     39     18      9      0      0      0      0   3201   1980      0      0 130417 130418      0      0      0      0     93     21 
    0    295     45     43     55     27      0      0      0      0   3201   1980      0      0 130417 130418      0      0      0      0    125     18 
    0    299     44     43     54     28      0      0      0      0   3201   1980      0      0 130417 130418      0      0      0      0    108     18 
    0    296     44     43     52     29      0      0      0      0   3201   1980      0      0 130417 130418      0      0      0      0    108     23 
    0    301     45     43     51     27      0      0      0      0   3201   1980      0      0 130417 130418      0      0      0      0    119     18 
    0    290     44     43     54     30      0      0      0      0   3201   1980      0      0 130417 130418      0      0      0      0    114     24 
    0    296     45     43     51     27      0      0      0      0   3201   1980      0      0 130417 130418      0      0      0      0    126     18 
    0    292     44     43     52     29      0      0      0      0   3201   1980      0      0 130417 130418      0      0      0      0    110     23 
    0    285     44     43     49     27      0      0      0      0   3201   1980      0      0 130417 130418      0      0      0      0    119     17 
    0    292     45     43     51     27      0      0      0      0   3201   1980      0      0 130417 130418      0      0      0      0    113     23 
    0    287     45     43     52     27      0      0      0      0   3201   1980      0      0 130417 130418      0      0      0      0    125     17 
    0    300     45     43     51     28      0      0      0      0   3201   1980      0      0 130417 130418      0      0      0      0    111     23 
    0    270     44     43     51     27      0      0      0      0   3201   1980      0      0 130417 130418      0      0      0      0     94     22 
    0    302     46     43     52     27      0      0      0      0   3201   1980      0      0 130417 130418      0      0      0      0    121     18 
    0    299     45     43     50     27      0      0      0      0   3201   1980      0      0 130417 130418      0      0      0      0     99     22 
    0    218     42     40      0      0      0      0      0      0   3201   1980      0      0 130417 130418      0      0      0      0      0      0 
    0    133     41     39      0      0      0      0      0      0   3201   1980      0      0 130417 130418      0      0      0      0      0      0 
    0    133     41     38      0      0      0      0      0      0   3201   1980      0      0 130417 130418      0      0      0      0      0      0 
    0    133     41     38      0      0      0      0      0      0   3201   1980      0      0 130417 130418      0      0      0      0      0      0 
    0    133     41     38      0      0      0      0      0      0   3201   1980      0      0 130417 130418      0      0      0      0      0      0 
    0    132     41     38      0      0      0      0      0      0   3201   1980      0      0 130417 130418      0      0      0      0      0      0 
    0    132     41     38      0      0      0      0      0      0   3201   1980      0      0 130417 130418      0      0      0      0      0      0 
