# gpu    pwr  gtemp  mtemp     sm    mem    enc    dec    jpg    ofa   mclk   pclk  pviol  tviol     fb   bar1   ccpm  sbecc  dbecc    pci  rxpci  txpci 
# Idx      W      C      C      %      %      %      %      %      %    MHz    MHz      %   bool     MB     MB     MB   errs   errs   errs   MB/s   MB/s 
    0    161     42     39     49     28      0      0      0      0   3201   1980      0      0 130411 130412      0      0      0      0      0      0 
    0    133     40     37      0      0      0      0      0      0   3201   1980      0      0 130411 130412      0      0      0      0      0      0 
    0    132     40     37      0      0      0      0      0      0   3201   1980      0      0 130411 130412      0      0      0      0      0      0 
    0    132     40     37      0      0      0      0      0      0   3201   1980      0      0 130411 130412      0      0      0      0      0      0 
    0    132     39     37      0      0      0      0      0      0   3201   1980      0      0 130411 130412      0      0      0      0      0      0 
    0    132     39     37      0      0      0      0      0      0   3201   1980      0      0 130411 130412      0      0      0      0      0     17 
    0    131     39     37      0      0      0      0      0      0   3201   1980      0      0 130411 130412      0      0      0      0      0      0 
    0    131     39     37      0      0      0      0      0      0   3201   1980      0      0 130411 130412      0      0      0      0      0      0 
    0    131     39     36      0      0      0      0      0      0   3201   1980      0      0 130411 130412      0      0      0      0      0      1 
    0    131     39     36      0      0      0      0      0      0   3201   1980      0      0 130411 130412      0      0      0      0      0      0 
    0    131     39     36      0      0      0      0      0      0   3201   1980      0      0 130411 130412      0      0      0      0      0      1 
    0    131     39     36      0      0      0      0      0      0   3201   1980      0      0 130411 130412      0      0      0      0      0      0 
    0    131     39     36      0      0      0      0      0      0   3201   1980      0      0 130411 130412      0      0      0      0      0      1 
    0    361     46     41     73     29      0      0      0      0   3201   1980     41      0 130415 130416      0      0      0      0    118     22 
    0    464     45     43     55     25      0      0      0      0   3201   1980     62      0 130417 130418      0      0      0      0    172     29 
    0    532     50     44     72     36      0      0      0      0   3201   1965    100      0 130417 130418      0      0      0      0    108     29 
    0    601     57     46    100     33      0      0      0      0   3201   1860    100      0 130417 130418      0      0      0      0    250     16 
    0    570     53     46    100     37      0      0      0      0   3201   1725    100      0 130417 130418      0      0      0      0    150     22 
    0    623     52     47    100     43      0      0      0      0   3201   1920    100      0 130417 130418      0      0      0      0    160     20 
    0    560     51     48     76     39      0      0      0      0   3201   1965    100      0 130417 130418      0      0      0      0    184     29 
    0    571     57     47     98     40      0      0      0      0   3201   1725    100      0 130417 130418      0      0      0      0    194     21 
    0    543     54     48     76     39      0      0      0      0   3201   1965    100      0 130417 130418      0      0      0      0    123     31 
    0    501     57     47     80     34      0      0      0      0   3201   1770     90      0 130417 130418      0      0      0      0    156     21 
    0    515     52     48     67     35      0      0      0      0   3201   1965     94      0 130417 130418      0      0      0      0    132     19 
    0    574     57     49     86     41      0      0      0      0   3201   1965    100      0 130417 130418      0      0      0      0    112     18 
    0    426     51     47     58     32      0      0      0      0   3201   1980     44      0 130417 130418      0      0      0      0    115     24 
    0    285     46     46     48     27      0      0      0      0   3201   1980      0      0 130417 130418      0      0      0      0      0      1 
