# gpu    pwr  gtemp  mtemp     sm    mem    enc    dec    jpg    ofa   mclk   pclk  pviol  tviol     fb   bar1   ccpm  sbecc  dbecc    pci  rxpci  txpci 
# Idx      W      C      C      %      %      %      %      %      %    MHz    MHz      %   bool     MB     MB     MB   errs   errs   errs   MB/s   MB/s 
    0    170     45     43     54     31      0      0      0      0   3201   1980      0      0 130411 130412      0      0      0      0      0      1 
    0    134     43     40      0      0      0      0      0      0   3201   1980      0      0 130411 130412      0      0      0      0      0      0 
    0    134     43     40      0      0      0      0      0      0   3201   1980      0      0 130411 130412      0      0      0      0      0      1 
    0    133     42     39      0      0      0      0      0      0   3201   1980      0      0 130411 130412      0      0      0      0      0      0 
    0    133     42     39      0      0      0      0      0      0   3201   1980      0      0 130411 130412      0      0      0      0      0      1 
    0    133     42     39      0      0      0      0      0      0   3201   1980      0      0 130411 130412      0      0      0      0      0      0 
    0    133     42     39      0      0      0      0      0      0   3201   1980      0      0 130411 130412      0      0      0      0      0      1 
    0    133     42     39      0      0      0      0      0      0   3201   1980      0      0 130411 130412      0      0      0      0      0      0 
    0    133     42     39      0      0      0      0      0      0   3201   1980      0      0 130411 130412      0      0      0      0      0      0 
    0    133     42     39      0      0      0      0      0      0   3201   1980      0      0 130411 130412      0      0      0      0      0      0 
    0    133     42     39      0      0      0      0      0      0   3201   1980      0      0 130411 130412      0      0      0      0      0      0 
    0    133     42     39      0      0      0      0      0      0   3201   1980      0      0 130411 130412      0      0      0      0      0      0 
    0    133     42     39      0      0      0      0      0      0   3201   1980      0      0 130411 130412      0      0      0      0      0      0 
    0    284     47     43     54     29      0      0      0      0   3201   1980      0      0 130415 130416      0      0      0      0    111     23 
    0    330     46     43     52     29      0      0      0      0   3201   1980      0      0 130415 130416      0      0      0      0    112     21 
    0    317     46     43     54     31      0      0      0      0   3201   1980      0      0 130415 130416      0      0      0      0    139     18 
    0    328     46     44     58     32      0      0      0      0   3201   1980      0      0 130415 130416      0      0      0      0    111     23 
    0    347     47     44     62     28      0      0      0      0   3201   1980     38      0 130415 130416      0      0      0      0    112     23 
    0    324     47     44     56     31      0      0      0      0   3201   1980      0      0 130415 130416      0      0      0      0    114     20 
    0    309     47     44     50     28      0      0      0      0   3201   1980      0      0 130415 130416      0      0      0      0     96     20 
    0    358     48     45     63     30      0      0      0      0   3201   1980     28      0 130415 130416      0      0      0      0    113     21 
    0    342     53     45     63     29      0      0      0      0   3201   1965     11      0 130415 130416      0      0      0      0    123     18 
    0    358     48     45     56     31      0      0      0      0   3201   1965     85      0 130415 130416      0      0      0      0    125     18 
    0    334     47     45     55     30      0      0      0      0   3201   1980      0      0 130415 130416      0      0      0      0    139     12 
    0    367     48     46     78     34      0      0      0      0   3201   1965     42      0 130415 130416      0      0      0      0    128     19 
    0    389     49     46     60     29      0      0      0      0   3201   1980     50      0 130415 130416      0      0      0      0    133     19 
    0    327     48     46     52     29      0      0      0      0   3201   1980      0      0 130415 130416      0      0      0      0    122     18 
    0    411     52     46     74     29      0      0      0      0   3201   1950     54      0 130415 130416      0      0      0      0    137     18 
    0    404     49     46     61     33      0      0      0      0   3201   1980     16      0 130417 130418      0      0      0      0    112     24 
    0    337     48     46     52     29      0      0      0      0   3201   1980      0      0 130417 130418      0      0      0      0    107     21 
    0    309     47     46     50     27      0      0      0      0   3201   1980      0      0 130417 130418      0      0      0      0    119     23 
    0    359     55     46     78     34      0      0      0      0   3201   1965     28      0 130417 130418      0      0      0      0    121     21 
    0    406     56     47     56     30      0      0      0      0   3201   1710     68      0 130417 130418      0      0      0      0    144     18 
    0    374     55     46     63     29      0      0      0      0   3201   1980     53      0 130417 130418      0      0      0      0    128     18 
    0    387     49     48     56     28      0      0      0      0   3201   1965     46      0 130417 130418      0      0      0      0    112     24 
    0    366     49     47     59     33      0      0      0      0   3201   1980     81      0 130417 130418      0      0      0      0    112     23 
    0    324     49     46     52     28      0      0      0      0   3201   1980      0      0 130417 130418      0      0      0      0    114     24 
    0    349     49     46     53     29      0      0      0      0   3201   1980      0      0 130417 130418      0      0      0      0    130     18 
    0    329     49     46     62     28      0      0      0      0   3201   1980      0      0 130417 130418      0      0      0      0    127     18 
    0    347     49     46     62     29      0      0      0      0   3201   1980      0      0 130417 130418      0      0      0      0    140     12 
    0    325     48     46     56     31      0      0      0      0   3201   1980      0      0 130417 130418      0      0      0      0    111     23 
    0    336     49     46     50     27      0      0      0      0   3201   1980      0      0 130417 130418      0      0      0      0    102     22 
    0    332     49     46     62     29      0      0      0      0   3201   1980      0      0 130417 130418      0      0      0      0    125     18 
    0    371     49     46     55     27      0      0      0      0   3201   1980     48      0 130417 130418      0      0      0      0    138     14 
# gpu    pwr  gtemp  mtemp     sm    mem    enc    dec    jpg    ofa   mclk   pclk  pviol  tviol     fb   bar1   ccpm  sbecc  dbecc    pci  rxpci  txpci 
# Idx      W      C      C      %      %      %      %      %      %    MHz    MHz      %   bool     MB     MB     MB   errs   errs   errs   MB/s   MB/s 
    0    386     51     47     64     29      0      0      0      0   3201   1980     25      0 130417 130418      0      0      0      0    126     18 
    0    342     50     47     62     28      0      0      0      0   3201   1980      0      0 130417 130418      0      0      0      0    112     20 
    0    329     48     46     52     28      0      0      0      0   3201   1980      0      0 130417 130418      0      0      0      0    146     18 
    0    335     48     46     52     28      0      0      0      0   3201   1980     39      0 130417 130418      0      0      0      0    111     23 
    0    303     48     46     51     28      0      0      0      0   3201   1980     25      0 130417 130418      0      0      0      0    133     18 
    0    273     48     43     15      6      0      0      0      0   3201   1980      0      0 130417 130418      0      0      0      0    117     21 
    0    334     49     46     67     30      0      0      0      0   3201   1980      0      0 130417 130418      0      0      0      0    122     18 
    0    336     49     46     52     28      0      0      0      0   3201   1980     31      0 130417 130418      0      0      0      0    136     18 
    0    339     48     46     55     31      0      0      0      0   3201   1980     30      0 130417 130418      0      0      0      0    113     23 
    0    309     48     47     51     28      0      0      0      0   3201   1980      0      0 130417 130418      0      0      0      0    105     16 
    0    347     50     46     52     29      0      0      0      0   3201   1980      0      0 130417 130418      0      0      0      0    154     19 
    0    409     50     47     66     30      0      0      0      0   3201   1980     43      0 130417 130418      0      0      0      0    132     18 
    0    353     49     47     57     32      0      0      0      0   3201   1965     28      0 130417 130418      0      0      0      0    147     19 
    0    339     49     46     52     28      0      0      0      0   3201   1980     11      0 130417 130418      0      0      0      0    118     23 
    0    345     50     46     52     28      0      0      0      0   3201   1980      0      0 130417 130418      0      0      0      0    107     21 
    0    347     48     47     53     29      0      0      0      0   3201   1980     28      0 130417 130418      0      0      0      0    115     23 
    0    368     49     47     54     31      0      0      0      0   3201   1980     37      0 130417 130418      0      0      0      0    112     24 
    0    305     48     47     50     27      0      0      0      0   3201   1980      0      0 130417 130418      0      0      0      0      0      0 
