# gpu    pwr  gtemp  mtemp     sm    mem    enc    dec    jpg    ofa   mclk   pclk  pviol  tviol     fb   bar1   ccpm  sbecc  dbecc    pci  rxpci  txpci 
# Idx      W      C      C      %      %      %      %      %      %    MHz    MHz      %   bool     MB     MB     MB   errs   errs   errs   MB/s   MB/s 
    0    176     43     41     52     31      0      0      0      0   3201   1980      0      0 130411 130412      0      0      0      0      0      0 
    0    135     41     39      0      0      0      0      0      0   3201   1980      0      0 130411 130412      0      0      0      0      0      1 
    0    133     41     38      0      0      0      0      0      0   3201   1980      0      0 130411 130412      0      0      0      0      0      0 
    0    133     41     38      0      0      0      0      0      0   3201   1980      0      0 130411 130412      0      0      0      0      0      1 
    0    132     41     38      0      0      0      0      0      0   3201   1980      0      0 130411 130412      0      0      0      0      0      0 
    0    132     41     38      0      0      0      0      0      0   3201   1980      0      0 130411 130412      0      0      0      0      0      1 
    0    132     40     38      0      0      0      0      0      0   3201   1980      0      0 130411 130412      0      0      0      0      0      0 
    0    132     40     38      0      0      0      0      0      0   3201   1980      0      0 130411 130412      0      0      0      0      0      0 
    0    132     40     38      0      0      0      0      0      0   3201   1980      0      0 130411 130412      0      0      0      0      0      0 
    0    132     40     37      0      0      0      0      0      0   3201   1980      0      0 130411 130412      0      0      0      0      0      0 
    0    132     40     37      0      0      0      0      0      0   3201   1980      0      0 130411 130412      0      0      0      0      0      0 
    0    132     40     37      0      0      0      0      0      0   3201   1980      0      0 130411 130412      0      0      0      0      0      0 
    0    132     40     37      0      0      0      0      0      0   3201   1980      0      0 130411 130412      0      0      0      0      0      0 
    0    184     43     41     53     30      0      0      0      0   3201   1980      0      0 130413 130414      0      0      0      0    120     17 
    0    317     45     42     68     30      0      0      0      0   3201   1965     18      0 130415 130416      0      0      0      0    104     23 
    0    328     44     43     52     29      0      0      0      0   3201   1980     77      0 130415 130416      0      0      0      0    133     18 
    0    343     45     43     56     32      0      0      0      0   3201   1980     58      0 130415 130416      0      0      0      0    104     22 
    0    319     44     43     52     29      0      0      0      0   3201   1980     32      0 130415 130416      0      0      0      0    104     23 
    0    306     51     43     51     28      0      0      0      0   3201   1980     10      0 130415 130416      0      0      0      0    125     18 
    0    325     48     43     55     31      0      0      0      0   3201   1950     58      0 130415 130416      0      0      0      0    116     24 
    0    332     46     43     55     31      0      0      0      0   3201   1980     22      0 130415 130416      0      0      0      0    125     19 
    0    316     51     43     52     28      0      0      0      0   3201   1980      4      0 130415 130416      0      0      0      0     84     18 
    0    359     53     43     52     29      0      0      0      0   3201   1905     56      0 130415 130416      0      0      0      0    133     18 
    0    319     45     43     52     29      0      0      0      0   3201   1980     53      0 130415 130416      0      0      0      0    118     23 
    0    306     45     43     50     28      0      0      0      0   3201   1965     30      0 130415 130416      0      0      0      0    119     22 
    0    289     46     43     51     28      0      0      0      0   3201   1980      0      0 130415 130416      0      0      0      0    121     17 
    0    305     45     44     54     30      0      0      0      0   3201   1980      0      0 130415 130416      0      0      0      0    120     17 
    0    320     46     44     57     32      0      0      0      0   3201   1980     59      0 130415 130416      0      0      0      0    113     20 
    0    370     54     45     54     31      0      0      0      0   3201   1935     61      0 130415 130416      0      0      0      0    124     19 
    0    301     46     44     54     30      0      0      0      0   3201   1980     25      0 130415 130416      0      0      0      0    107     23 
    0    351     46     45     56     32      0      0      0      0   3201   1965     68      0 130415 130416      0      0      0      0    111     16 
    0    344     47     45     70     31      0      0      0      0   3201   1965     56      0 130415 130416      0      0      0      0    112     16 
    0    354     46     45     53     30      0      0      0      0   3201   1980     84      0 130415 130416      0      0      0      0    114     23 
    0    341     48     46     71     31      0      0      0      0   3201   1965     72      0 130415 130416      0      0      0      0    112     20 
    0    315     46     44     56     33      0      0      0      0   3201   1980     19      0 130415 130416      0      0      0      0    113     23 
    0    329     47     45     50     28      0      0      0      0   3201   1965     45      0 130415 130416      0      0      0      0    112     16 
    0    350     54     45     52     29      0      0      0      0   3201   1965     75      0 130415 130416      0      0      0      0    113     24 
    0    328     46     45     57     31      0      0      0      0   3201   1980     51      0 130415 130416      0      0      0      0    140     18 
    0    407     54     45     53     30      0      0      0      0   3201   1935     88      0 130415 130416      0      0      0      0    121     20 
    0    327     47     45     56     32      0      0      0      0   3201   1980     56      0 130415 130416      0      0      0      0    114     24 
    0    255     44     43      0      0      0      0      0      0   3201   1980      0      0 130415 130416      0      0      0      0      0      0 
    0    305     47     45     53     29      0      0      0      0   3201   1965     59      0 130415 130416      0      0      0      0    103     23 
    0    398     57     45     75     33      0      0      0      0   3201   1920     90      0 130415 130416      0      0      0      0    116     25 
    0    382     48     46     71     31      0      0      0      0   3201   1965     82      0 130415 130416      0      0      0      0    134     18 
# gpu    pwr  gtemp  mtemp     sm    mem    enc    dec    jpg    ofa   mclk   pclk  pviol  tviol     fb   bar1   ccpm  sbecc  dbecc    pci  rxpci  txpci 
# Idx      W      C      C      %      %      %      %      %      %    MHz    MHz      %   bool     MB     MB     MB   errs   errs   errs   MB/s   MB/s 
    0    344     48     46     66     33      0      0      0      0   3201   1965     50      0 130415 130416      0      0      0      0    112     24 
    0    337     48     45     56     31      0      0      0      0   3201   1965     40      0 130415 130416      0      0      0      0    112     24 
    0    301     47     46     50     28      0      0      0      0   3201   1980      0      0 130415 130416      0      0      0      0    115     23 
    0    322     47     45     65     28      0      0      0      0   3201   1980     31      0 130415 130416      0      0      0      0    126     18 
    0    284     46     45     50     28      0      0      0      0   3201   1980      0      0 130415 130416      0      0      0      0    137     18 
    0    312     46     45     54     31      0      0      0      0   3201   1980     30      0 130415 130416      0      0      0      0    130     19 
    0    376     49     46     72     31      0      0      0      0   3201   1965     34      0 130415 130416      0      0      0      0     87     32 
    0    406     48     46     57     32      0      0      0      0   3201   1980     83      0 130415 130416      0      0      0      0    116     24 
    0    390     50     46     76     33      0      0      0      0   3201   1965     80      0 130415 130416      0      0      0      0    124     17 
    0    378     48     46     54     31      0      0      0      0   3201   1980     75      0 130415 130416      0      0      0      0    134     18 
    0    327     48     45     71     31      0      0      0      0   3201   1965     21      0 130415 130416      0      0      0      0    142     18 
    0    343     47     46     53     29      0      0      0      0   3201   1980     66      0 130415 130416      0      0      0      0    116     23 
    0    387     49     46     52     29      0      0      0      0   3201   1830     73      0 130415 130416      0      0      0      0    134     18 
    0    339     50     46     58     33      0      0      0      0   3201   1965     46      0 130415 130416      0      0      0      0    113     24 
    0    342     48     46     54     30      0      0      0      0   3201   1980     42      0 130415 130416      0      0      0      0    128     18 
    0    322     47     46     53     30      0      0      0      0   3201   1980      0      0 130415 130416      0      0      0      0    106     22 
    0    329     51     46     70     30      0      0      0      0   3201   1965     31      0 130415 130416      0      0      0      0    119     23 
    0    335     48     46     53     29      0      0      0      0   3201   1965     62      0 130415 130416      0      0      0      0    116     24 
    0    343     48     46     53     29      0      0      0      0   3201   1980     42      0 130415 130416      0      0      0      0    115     24 
    0    326     47     45     63     31      0      0      0      0   3201   1965     32      0 130415 130416      0      0      0      0    113     24 
    0    318     52     45     51     28      0      0      0      0   3201   1935     44      0 130415 130416      0      0      0      0    116     24 
    0    334     48     46     52     29      0      0      0      0   3201   1980     75      0 130415 130416      0      0      0      0    108     23 
    0    343     48     46     53     30      0      0      0      0   3201   1965     60      0 130415 130416      0      0      0      0    130     19 
    0    326     48     46     73     33      0      0      0      0   3201   1980      3      0 130415 130416      0      0      0      0    116     24 
    0    325     47     45     51     28      0      0      0      0   3201   1980     27      0 130415 130416      0      0      0      0    107     23 
    0    334     48     45     53     29      0      0      0      0   3201   1965     27      0 130415 130416      0      0      0      0    127     18 
    0    333     48     46     53     29      0      0      0      0   3201   1965     39      0 130415 130416      0      0      0      0    132     18 
    0    299     47     45     54     31      0      0      0      0   3201   1980      0      0 130415 130416      0      0      0      0    120     23 
    0    330     47     45     71     32      0      0      0      0   3201   1965     26      0 130415 130416      0      0      0      0    135     19 
    0    371     48     46     57     32      0      0      0      0   3201   1980     86      0 130415 130416      0      0      0      0    129     18 
    0    373     49     46     73     32      0      0      0      0   3201   1980     32      0 130415 130416      0      0      0      0    106     19 
    0    378     48     46     53     30      0      0      0      0   3201   1965     86      0 130415 130416      0      0      0      0    142     18 
    0    343     48     46     52     29      0      0      0      0   3201   1980     35      0 130415 130416      0      0      0      0     85     32 
    0    356     48     46     73     34      0      0      0      0   3201   1965     81      0 130415 130416      0      0      0      0    126     18 
    0    308     47     46     50     28      0      0      0      0   3201   1980     14      0 130415 130416      0      0      0      0    115     24 
    0    341     48     46     55     30      0      0      0      0   3201   1980     56      0 130415 130416      0      0      0      0    117     24 
    0    321     47     46     53     29      0      0      0      0   3201   1980     34      0 130415 130416      0      0      0      0    126     18 
    0    340     56     46     69     30      0      0      0      0   3201   1965     47      0 130415 130416      0      0      0      0    104     23 
    0    306     47     46     55     32      0      0      0      0   3201   1980     21      0 130415 130416      0      0      0      0    114     24 
    0    325     47     45     70     30      0      0      0      0   3201   1965     58      0 130415 130416      0      0      0      0    117     19 
    0    291     47     45     54     31      0      0      0      0   3201   1980      7      0 130415 130416      0      0      0      0    121     23 
    0    274     45     45     29     16      0      0      0      0   3201   1980      0      0 130415 130416      0      0      0      0      0      0 
    0    134     43     41      0      0      0      0      0      0   3201   1980      0      0 130415 130416      0      0      0      0    120     17 
    0    304     47     44     50     28      0      0      0      0   3201   1980     41      0 130415 130416      0      0      0      0    116     16 
# gpu    pwr  gtemp  mtemp     sm    mem    enc    dec    jpg    ofa   mclk   pclk  pviol  tviol     fb   bar1   ccpm  sbecc  dbecc    pci  rxpci  txpci 
# Idx      W      C      C      %      %      %      %      %      %    MHz    MHz      %   bool     MB     MB     MB   errs   errs   errs   MB/s   MB/s 
    0    367     48     45     72     31      0      0      0      0   3201   1965     84      0 130415 130416      0      0      0      0    109     24 
    0    320     47     45     52     29      0      0      0      0   3201   1980     35      0 130415 130416      0      0      0      0    109     18 
    0    315     48     45     69     30      0      0      0      0   3201   1980     27      0 130415 130416      0      0      0      0     83     25 
    0    361     48     45     53     29      0      0      0      0   3201   1965     75      0 130415 130416      0      0      0      0    114     21 
    0    336     47     46     52     29      0      0      0      0   3201   1965     60      0 130415 130416      0      0      0      0    140     18 
    0    311     47     45     51     28      0      0      0      0   3201   1980     27      0 130415 130416      0      0      0      0    127     18 
    0    294     46     45     56     32      0      0      0      0   3201   1980      0      0 130415 130416      0      0      0      0    108     23 
    0    312     46     45     51     28      0      0      0      0   3201   1980     32      0 130415 130416      0      0      0      0    137     17 
    0    342     47     45     53     29      0      0      0      0   3201   1980     54      0 130415 130416      0      0      0      0    133     18 
    0    409     49     46     59     34      0      0      0      0   3201   1965     77      0 130415 130416      0      0      0      0    138     18 
    0    378     49     46     56     31      0      0      0      0   3201   1965     62      0 130415 130416      0      0      0      0    114     24 
    0    315     47     46     53     29      0      0      0      0   3201   1980      9      0 130415 130416      0      0      0      0    104     23 
    0    364     49     47     75     34      0      0      0      0   3201   1965     32      0 130415 130416      0      0      0      0    146     19 
    0    365     48     46     55     32      0      0      0      0   3201   1965     76      0 130415 130416      0      0      0      0    123     19 
    0    311     47     46     54     29      0      0      0      0   3201   1980     10      0 130415 130416      0      0      0      0    110     20 
    0    341     47     45     55     31      0      0      0      0   3201   1905     67      0 130415 130416      0      0      0      0    130     19 
    0    326     47     46     54     31      0      0      0      0   3201   1980     28      0 130415 130416      0      0      0      0    130     18 
    0    380     49     46     54     30      0      0      0      0   3201   1965    100      0 130415 130416      0      0      0      0    116     20 
    0    312     47     46     53     30      0      0      0      0   3201   1980      0      0 130415 130416      0      0      0      0     88     24 
    0    330     47     46     53     29      0      0      0      0   3201   1980     33      0 130415 130416      0      0      0      0    191     24 
    0    401     48     46     56     31      0      0      0      0   3201   1965     96      0 130415 130416      0      0      0      0    124     19 
    0    306     47     47     52     29      0      0      0      0   3201   1980      0      0 130415 130416      0      0      0      0    117     24 
    0    295     47     46     49     27      0      0      0      0   3201   1980      0      0 130415 130416      0      0      0      0    105     25 
    0    266     44     43     43     23      0      0      0      0   3201   1980      0      0 130415 130416      0      0      0      0      0 