# gpu    pwr  gtemp  mtemp     sm    mem    enc    dec    jpg    ofa   mclk   pclk  pviol  tviol     fb   bar1   ccpm  sbecc  dbecc    pci  rxpci  txpci 
# Idx      W      C      C      %      %      %      %      %      %    MHz    MHz      %   bool     MB     MB     MB   errs   errs   errs   MB/s   MB/s 
    0    174     44     42     18     10      0      0      0      0   3201   1980      0      0 130411 130412      0      0      0      0      0      0 
    0    134     42     39      0      0      0      0      0      0   3201   1980      0      0 130411 130412      0      0      0      0      1      0 
    0    133     41     39      0      0      0      0      0      0   3201   1980      0      0 130411 130412      0      0      0      0      0      0 
    0    133     41     38      0      0      0      0      0      0   3201   1980      0      0 130411 130412      0      0      0      0      0      1 
    0    133     41     38      0      0      0      0      0      0   3201   1980      0      0 130411 130412      0      0      0      0      0      0 
    0    133     41     38      0      0      0      0      0      0   3201   1980      0      0 130411 130412      0      0      0      0      0      1 
    0    132     41     38      0      0      0      0      0      0   3201   1980      0      0 130411 130412      0      0      0      0      0      0 
    0    132     41     38      0      0      0      0      0      0   3201   1980      0      0 130411 130412      0      0      0      0      0      1 
    0    132     41     38      0      0      0      0      0      0   3201   1980      0      0 130411 130412      0      0      0      0      0      0 
    0    132     41     38      0      0      0      0      0      0   3201   1980      0      0 130411 130412      0      0      0      0      0      1 
    0    132     41     38      0      0      0      0      0      0   3201   1980      0      0 130411 130412      0      0      0      0      0      0 
    0    132     40     38      0      0      0      0      0      0   3201   1980      0      0 130411 130412      0      0      0      0      0      1 
    0    132     40     37      0      0      0      0      0      0   3201   1980      0      0 130411 130412      0      0      0      0      0      0 
    0    216     44     41     55     31      0      0      0      0   3201   1980      0      0 130413 130414      0      0      0      0    121     17 
    0    314     48     43     52     28      0      0      0      0   3201   1980      0      0 130415 130416      0      0      0      0    112     24 
    0    315     45     43     52     29      0      0      0      0   3201   1980      0      0 130415 130416      0      0      0      0    111     19 
    0    297     45     43     56     32      0      0      0      0   3201   1980      0      0 130415 130416      0      0      0      0    118     17 
    0    298     45     43     50     28      0      0      0      0   3201   1980      0      0 130415 130416      0      0      0      0    107     23 
    0    280     44     43     59     30      0      0      0      0   3201   1980      0      0 130415 130416      0      0      0      0    120     23 
    0    306     45     43     56     32      0      0      0      0   3201   1980      0      0 130415 130416      0      0      0      0    129     23 
    0    308     45     43     52     28      0      0      0      0   3201   1980      0      0 130415 130416      0      0      0      0    113     24 
    0    346     47     44     77     29      0      0      0      0   3201   1965     23      0 130415 130416      0      0      0      0    130     18 
    0    329     46     44     57     30      0      0      0      0   3201   1980     10      0 130415 130416      0      0      0      0    116     20 
    0    300     45     44     47     26      0      0      0      0   3201   1980      0      0 130415 130416      0      0      0      0    119     17 
    0    296     46     43     50     28      0      0      0      0   3201   1980      0      0 130415 130416      0      0      0      0    127     18 
    0    288     46     44     54     30      0      0      0      0   3201   1980      0      0 130415 130416      0      0      0      0    119     17 
    0    297     45     43     54     30      0      0      0      0   3201   1980      0      0 130415 130416      0      0      0      0    117     23 
    0    311     46     44     50     28      0      0      0      0   3201   1980      0      0 130415 130416      0      0      0      0    141     17 
    0    337     47     44     52     29      0      0      0      0   3201   1980      0      0 130415 130416      0      0      0      0    130     18 
    0    286     46     44     48     27      0      0      0      0   3201   1980      0      0 130415 130416      0      0      0      0    128     17 
    0    319     48     44     57     27      0      0      0      0   3201   1980      0      0 130415 130416      0      0      0      0    105     23 
    0    324     47     44     51     28      0      0      0      0   3201   1980      0      0 130415 130416      0      0      0      0    119     23 
    0    332     47     44     56     32      0      0      0      0   3201   1980     34      0 130415 130416      0      0      0      0    115     18 
    0    316     46     44     51     28      0      0      0      0   3201   1980      0      0 130415 130416      0      0      0      0    128     18 
    0    290     46     44     50     28      0      0      0      0   3201   1980      0      0 130415 130416      0      0      0      0    150     18 
    0    330     47     45     52     28      0      0      0      0   3201   1980      0      0 130415 130416      0      0      0      0    127     18 
    0    328     47     45     56     32      0      0      0      0   3201   1980      0      0 130415 130416      0      0      0      0    112     23 
    0    337     48     45     64     29      0      0      0      0   3201   1980      0      0 130415 130416      0      0      0      0    114     23 
    0    334     48     46     63     29      0      0      0      0   3201   1980      0      0 130415 130416      0      0      0      0    144     18 
    0    310     47     45     52     28      0      0      0      0   3201   1980      0      0 130415 130416      0      0      0      0    128     18 
    0    251     44     43      0      0      0      0      0      0   3201   1980      0      0 130415 130416      0      0      0      0      0      0 
    0    329     47     45     56     30      0      0      0      0   3201   1980     28      0 130415 130416      0      0      0      0    114     17 
    0    365     48     46     54     31      0      0      0      0   3201   1980      0      0 130415 130416      0      0      0      0    112     24 
    0    353     47     45     54     30      0      0      0      0   3201   1980      0      0 130415 130416      0      0      0      0    114     24 
# gpu    pwr  gtemp  mtemp     sm    mem    enc    dec    jpg    ofa   mclk   pclk  pviol  tviol     fb   bar1   ccpm  sbecc  dbecc    pci  rxpci  txpci 
# Idx      W      C      C      %      %      %      %      %      %    MHz    MHz      %   bool     MB     MB     MB   errs   errs   errs   MB/s   MB/s 
    0    332     47     45     54     30      0      0      0      0   3201   1980      0      0 130415 130416      0      0      0      0    118     20 
    0    322     47     46     52     28      0      0      0      0   3201   1980      0      0 130415 130416      0      0      0      0    127     18 
    0    290     47     45     50     28      0      0      0      0   3201   1980      0      0 130415 130416      0      0      0      0      0      0 
    0    287     47     45     50     28      0      0      0      0   3201   1980      0      0 130415 130416      0      0      0      0    127     18 
    0    285     47     45     15      8      0      0      0      0   3201   1980      0      0 130415 130416      0      0      0      0      0      0 
    0    269     47     45     50     28      0      0      0      0   3201   1980      0      0 130415 130416      0      0      0      0    126     18 
    0    363     50     46     56     29      0      0      0      0   3201   1980     31      0 130415 130416      0      0      0      0    143     18 
    0    355     48     46     63     29      0      0      0      0   3201   1980      0      0 130415 130416      0      0      0      0    113     23 
    0    346     50     46     69     28      0      0      0      0   3201   1980     28      0 130415 130416      0      0      0      0    128     19 
    0    312     47     46     53     30      0      0      0      0   3201   1980      0      0 130415 130416      0      0      0      0    115     22 
    0    303     48     45     61     28      0      0      0      0   3201   1980      0      0 130415 130416      0      0      0      0    128     20 
    0    321     47     46     58     30      0      0      0      0   3201   1980      0      0 130415 130416      0      0      0      0    131     18 
    0    350     49     46     52     29      0      0      0      0   3201   1965     30      0 130415 130416      0      0      0      0    115     24 
    0    327     48     45     52     29      0      0      0      0   3201   1980     35      0 130415 130416      0      0      0      0    129     19 
    0    332     48     46     52     28      0      0      0      0   3201   1980      0      0 130415 130416      0      0      0      0    130     19 
    0    290     47     45     48     27      0      0      0      0   3201   1980      0      0 130415 130416      0      0      0      0    107     11 
    0    240     47     45     55     31      0      0      0      0   3201   1980      0      0 130415 130416      0      0      0      0    113     24 
    0    328     49     46     55     28      0      0      0      0   3201   1980      0      0 130415 130416      0      0      0      0    131     18 
    0    306     47     46     51     28      0      0      0      0   3201   1980      0      0 130415 130416      0      0      0      0    119     24 
    0    283     47     45     51     28      0      0      0      0   3201   1980      0      0 130415 130416      0      0      0      0    137     18 
    0    295     47     45     49     27      0      0      0      0   3201   1980      0      0 130415 130416      0      0      0      0    124     20 
    0    308     47     45     50     28      0      0      0      0   3201   1980      0      0 130415 130416      0      0      0      0    127     18 
    0    324     47     45     52     28      0      0      0      0   3201   1980      0      0 130415 130416      0      0      0      0    129     20 
    0    319     47     45     62     29      0      0      0      0   3201   1980      0      0 130415 130416      0      0      0      0    130     18 
    0    299     47     45     51     28      0      0      0      0   3201   1980      0      0 130415 130416      0      0      0      0    124     19 
    0    296     47     46     53     29      0      0      0      0   3201   1980      0      0 130415 130416      0      0      0      0    131     19 
    0    308     47     45     51     29      0      0      0      0   3201   1980      0      0 130415 130416      0      0      0      0    126     18 
    0    259     45     43     22      9      0      0      0      0   3201   1980      0      0 130415 130416      0      0      0      0    122     17 
    0    320     48     45     56     31      0      0      0      0   3201   1980      0      0 130415 130416      0      0      0      0    128     19 
    0    348     50     46     54     29      0      0      0      0   3201   1980     37      0 130415 130416      0      0      0      0    132     18 
    0    349     49     46     63     29      0      0      0      0   3201   1980      0      0 130415 130416      0      0      0      0    115     17 
    0    338     49     46     52     29      0      0      0      0   3201   1980      0      0 130415 130416      0      0      0      0    129     18 
    0    325     49     46     57     30      0      0      0      0   3201   1980      0      0 130415 130416      0      0      0      0    131     18 
    0    321     48     46     49     27      0      0      0      0   3201   1980      0      0 130415 130416      0      0      0      0    128     19 
    0    316     48     46     52     29      0      0      0      0   3201   1980      0      0 130415 130416      0      0      0      0    116     23 
    0    317     48     46     52     28      0      0      0      0   3201   1980      0      0 130415 130416      0      0      0      0    121     23 
    0    303     47     46     54     30      0      0      0      0   3201   1980      0      0 130415 130416      0      0      0      0    121     17 
    0    324     49     46     53     30      0      0      0      0   3201   1980      0      0 130415 130416      0      0      0      0    113     44 
    0    303     48     46     53     29      0      0      0      0   3201   1980      0      0 130415 130416      0      0      0      0    127     18 
    0    299     47     45     54     30      0      0      0      0   3201   1980      0      0 130415 130416      0      0      0      0    125     18 
    0    289     48     46     51     28      0      0      0      0   3201   1980      0      0 130415 130416      0      0      0      0    107     23 
    0    241     45     43      0      0      0      0      0      0   3201   1980      0      0 130415 130416      0      0      0      0      0      0 
    0    179     50     44     46     22      0      0      0      0   3201   1980      0      0 130415 130416      0      0      0      0    114     24 
    0    300     47     45     54     31      0      0      0      0   3201   1980      0      0 130415 130416      0      0      0      0    115     24 
# gpu    pwr  gtemp  mtemp     sm    mem    enc    dec    jpg    ofa   mclk   pclk  pviol  tviol     fb   bar1   ccpm  sbecc  dbecc    pci  rxpci  txpci 
# Idx      W      C      C      %      %      %      %      %      %    MHz    MHz      %   bool     MB     MB     MB   errs   errs   errs   MB/s   MB/s 
    0    322     48     45     53     29      0      0      0      0   3201   1980      0      0 130415 130416      0      0      0      0    135     19 
    0    314     48     46     56     31      0      0      0      0   3201   1980      0      0 130415 130416      0      0      0      0    104     23 
    0    340     55     46     50     28      0      0      0      0   3201   1890     12      0 130415 130416      0      0      0      0    116     19 
    0    318     49     46     62     29      0      0      0      0   3201   1980     24      0 130415 130416      0      0      0      0    117     24 
    0    308     47     46     50     28      0      0      0      0   3201   1980      0      0 130415 130416      0      0      0      0    113     24 
    0    300     48     46     51     28      0      0      0      0   3201   1980      0      0 130415 130416      0      0      0      0    123     18 
    0    272     46     46     37     20      0      0      0      0   3201   1980      0      0 130415 130416      0      0      0      0      0      0 
    0    278     48     45     51     28      0      0      0      0   3201   1980      0      0 130415 130416      0      0      0      0    107     21 
    0    337     48     46     51     26      0      0      0      0   3201   1980     36      0 130415 130416      0      0      0      0    116     23 
    0    373     49     46     53     30      0      0      0      0   3201   1980     35      0 130415 130416      0      0      0      0    109     24 
    0    332     49     47     52     29      0      0      0      0   3201   1980     27      0 130415 130416      0      0      0      0    114     24 
    0    315     49     47     52     29      0      0      0      0   3201   1980      0      0 130415 130416      0      0      0      0    128     19 
    0    337     49     47     52     29      0      0      0      0   3201   1980     36      0 130415 130416      0      0      0      0    129     18 
    0    337     49     47     52     29      0      0      0      0   3201   1980      0      0 130415 130416      0      0      0      0    130     19 
    0    305     48     46     47     26      0      0      0      0   3201   1980      0      0 130415 130416      0      0      0      0    125     17 
    0    314     50     47     61     28      0      0      0      0   3201   1980      0      0 130415 130416      0      0      0      0    128     20 
    0    327     50     47     55     31      0      0      0      0   3201   1980      0      0 130415 130416      0      0      0      0    147     18 
    0    359     50     47     54     30      0      0      0      0   3201   1980      0      0 130415 130416      0      0      0      0    131     19 
    0    307     50     47     58     27      0      0      0      0   3201   1980      0      0 130415 130416      0      0      0      0    126     18 
    0    314     54     47     51     28      0      0      0      0   3201   1980      0      0 130415 130416      0      0      0      0    109     25 
    0    336     49     47     57     32      0      0      0      0   3201   1980     36      0 130415 130416      0      0      0      0    114     22 
    0    234     46     44      0      0      0      0      0      0   3201   1980      0      0 130415 130416      0      0      0      0      0      1 
