# gpu    pwr  gtemp  mtemp     sm    mem    enc    dec    jpg    ofa   mclk   pclk  pviol  tviol     fb   bar1   ccpm  sbecc  dbecc    pci  rxpci  txpci 
# Idx      W      C      C      %      %      %      %      %      %    MHz    MHz      %   bool     MB     MB     MB   errs   errs   errs   MB/s   MB/s 
    0    148     40     38      0      0      0      0      0      0   3201   1980      0      0 130319 130320      0      0      0      0      0      0 
    0    136     40     38      0      0      0      0      0      0   3201   1980      0      0 130319 130320      0      0      0      0      0      0 
    0    136     40     38      0      0      0      0      0      0   3201   1980      0      0 130319 130320      0      0      0      0      0      0 
    0    135     40     38      0      0      0      0      0      0   3201   1980      0      0 130319 130320      0      0      0      0      0      0 
    0    135     40     38      0      0      0      0      0      0   3201   1980      0      0 130319 130320      0      0      0      0      0      0 
    0    135     40     38      0      0      0      0      0      0   3201   1980      0      0 130319 130320      0      0      0      0      0      0 
    0    135     40     38      0      0      0      0      0      0   3201   1980      0      0 130319 130320      0      0      0      0      0      1 
    0    135     40     38      0      0      0      0      0      0   3201   1980      0      0 130319 130320      0      0      0      0      0      0 
    0    135     40     37      0      0      0      0      0      0   3201   1980      0      0 130319 130320      0      0      0      0      0      1 
    0    135     40     37      0      0      0      0      0      0   3201   1980      0      0 130319 130320      0      0      0      0      0      0 
    0    135     40     37      0      0      0      0      0      0   3201   1980      0      0 130319 130320      0      0      0      0      0      1 
    0    135     40     37      0      0      0      0      0      0   3201   1980      0      0 130319 130320      0      0      0      0      0      0 
    0    135     40     37      0      0      0      0      0      0   3201   1980      0      0 130319 130320      0      0      0      0      0      1 
    0    459     46     48     89     65      0      0      0      0   3201   1980      0      0 130325 130326      0      0      0      0     43     14 
    0    513     48     51     88     63      0      0      0      0   3201   1980      0      0 130325 130326      0      0      0      0     51     15 
    0    509     48     50     89     65      0      0      0      0   3201   1980      0      0 130325 130326      0      0      0      0     52     14 
    0    393     47     50     88     68      0      0      0      0   3201   1980      0      0 130325 130326      0      0      0      0     44     15 
    0    284     42     41      0      0      0      0      0      0   3201   1980      0      0 130325 130326      0      0      0      0     14      0 
    0    396     48     49     89     65      0      0      0      0   3201   1980      0      0 130325 130326      0      0      0      0     44     16 
    0    518     49     52     89     65      0      0      0      0   3201   1980      0      0 130325 130326      0      0      0      0     48     16 
    0    457     45     44      7      6      0      0      0      0   3201   1980      0      0 130325 130326      0      0      0      0      0      0 
    0    414     49     52     89     65      0      0      0      0   3201   1980      0      0 130325 130326      0      0      0      0     65     15 
    0    483     49     52     89     68      0      0      0      0   3201   1980      0      0 130325 130326      0      0      0      0     42     14 
    0    420     44     43      0      0      0      0      0      0   3201   1980      0      0 130325 130326      0      0      0      0     41     14 
    0    421     45     43      0      0      0      0      0      0   3201   1980      0      0 130325 130326      0      0      0      0      0      0 
    0    171     45     43      0      0      0      0      0      0   3201   1980      0      0 130325 130326      0      0      0      0     46     14 
    0    506     49     52     89     65      0      0      0      0   3201   1980      0      0 130325 130326      0      0      0      0     51     14 
    0    517     50     52     89     65      0      0      0      0   3201   1980      0      0 130325 130326      0      0      0      0     48     14 
    0    511     50     52     89     65      0      0      0      0   3201   1980      0      0 130325 130326      0      0      0      0      8      0 
    0    265     48     51     89     68      0      0      0      0   3201   1980      0      0 130325 130326      0      0      0      0     60     14 
    0    514     50     52     89     65      0      0      0      0   3201   1980      0      0 130325 130326      0      0      0      0     53     13 
    0    526     52     52     88     62      0      0      0      0   3201   1980      0      0 130325 130326      0      0      0      0     53     15 
    0    517     50     52     89     64      0      0      0      0   3201   1980      0      0 130325 130326      0      0      0      0     48     14 
    0    523     51     52     89     67      0      0      0      0   3201   1980      0      0 130325 130326      0      0      0      0      0      0 
    0    267     49     52     89     68      0      0      0      0   3201   1980      0      0 130325 130326      0      0      0      0     42     14 
    0    520     50     52     88     65      0      0      0      0   3201   1980      0      0 130325 130326      0      0      0      0     48     14 
    0    515     51     53     88     63      0      0      0      0   3201   1980      0      0 130325 130326      0      0      0      0     49     14 
    0    518     51     52     89     65      0      0      0      0   3201   1980      0      0 130325 130326      0      0      0      0     64     16 
    0    516     51     52     89     65      0      0      0      0   3201   1980      0      0 130325 130326      0      0      0      0     48     14 
    0    304     45     43      0      0      0      0      0      0   3201   1980      0      0 130325 130326      0      0      0      0      0      0 
    0    218     48     49     85     62      0      0      0      0   3201   1980      0      0 130325 130326      0      0      0      0     57     16 
    0    514     50     51     89     65      0      0      0      0   3201   1980      0      0 130325 130326      0      0      0      0     53     15 
    0    525     51     53     89     64      0      0      0      0   3201   1980      0      0 130325 130326      0      0      0      0     65     14 
    0    517     51     53     89     68      0      0      0      0   3201   1980      0      0 130325 130326      0      0      0      0     42     14 
# gpu    pwr  gtemp  mtemp     sm    mem    enc    dec    jpg    ofa   mclk   pclk  pviol  tviol     fb   bar1   ccpm  sbecc  dbecc    pci  rxpci  txpci 
# Idx      W      C      C      %      %      %      %      %      %    MHz    MHz      %   bool     MB     MB     MB   errs   errs   errs   MB/s   MB/s 
    0    467     47     46     40     31      0      0      0      0   3201   1980      0      0 130325 130326      0      0      0      0     53     14 
    0    440     47     46     20     15      0      0      0      0   3201   1980      0      0 130325 130326      0      0      0      0      0      0 
    0    206     48     49     89     68      0      0      0      0   3201   1980      0      0 130325 130326      0      0      0      0     46     13 
    0    485     50     51     33     25      0      0      0      0   3201   1980      0      0 130325 130326      0      0      0      0      0      0 
    0    159     43     42      0      0      0      0      0      0   3201   1980      0      0 130325 130326      0      0      0      0     46     13 
    0    518     50     52     89     68      0      0      0      0   3201   1980      0      0 130325 130326      0      0      0      0     58     16 
    0    523     51     52     88     63      0      0      0      0   3201   1980      0      0 130325 130326      0      0      0      0     80     15 
    0    517     50     53     89     68      0      0      0      0   3201   1980      0      0 130325 130326      0      0      0      0     48     14 
    0    516     50     53     88     64      0      0      0      0   3201   1980      0      0 130325 130326      0      0      0      0     55     14 
    0    415     46     44      0      0      0      0      0      0   3201   1980      0      0 130325 130326      0      0      0      0      0      0 
    0    435     50     52     88     63      0      0      0      0   3201   1980      0      0 130325 130326      0      0      0      0     53     14 
    0    518     50     52     88     63      0      0      0      0   3201   1980      0      0 130325 130326      0      0      0      0     55     14 
    0    512     51     52     89     65      0      0      0      0   3201   1980      0      0 130325 130326      0      0      0      0     52     14 
    0    484     52     53     89     65      0      0      0      0   3201   1980      0      0 130325 130326      0      0      0      0     52     14 
    0    515     51     53     87     67      0      0      0      0   3201   1980      0      0 130325 130326      0      0      0      0     42     14 
    0    249     44     43      0      0      0      0      0      0   3201   1980      0      0 130325 130326      0      0      0      0      0      0 
    0    485     50     52     89     65      0      0      0      0   3201   1980      0      0 130325 130326      0      0      0      0     44     13 
    0    520     50     52     89     65      0      0      0      0   3201   1980      0      0 130325 130326      0      0      0      0     50     14 
    0    278     44     43      0      0      0      0      0      0   3201   1980      0      0 130325 130326      0      0      0      0      0      0 
    0    478     50     53     89     68      0      0      0      0   3201   1980      0      0 130325 130326      0      0      0      0     47     14 
    0    460     50     53     89     66      0      0      0      0   3201   1980      0      0 130325 130326      0      0      0      0     60     14 
    0    493     49     51     36     27      0      0      0      0   3201   1980      0      0 130325 130326      0      0      0      0     42     14 
    0    458     47     46      0      0      0      0      0      0   3201   1980      0      0 130325 130326      0      0      0      0      0      0 
    0    470     50     53     89     68      0      0      0      0   3201   1980      0      0 130325 130326      0      0      0      0     40     14 
    0    412     50     52     89     68      0      0      0      0   3201   1980      0      0 130325 130326      0      0      0      0     43     13 
    0    522     51     53     88     64      0      0      0      0   3201   1980      0      0 130325 130326      0      0      0      0     47     14 
    0    462     47     47      0      0      0      0      0      0   3201   1980      0      0 130325 130326      0      0      0      0      0      0 
    0    274     49     52     89     68      0      0      0      0   3201   1980      0      0 130325 130326      0      0      0      0     43     14 
    0    513     50     52     88     63      0      0      0      0   3201   1980      0      0 130325 130326      0      0      0      0     59     15 
    0    515     50     53     89     65      0      0      0      0   3201   1980      0      0 130325 130326      0      0      0      0     50     15 
    0    516     51     53     88     65      0      0      0      0   3201   1980      0      0 130325 130326      0      0      0      0     53     14 
    0    516     51     52     89     67      0      0      0      0   3201   1980      0      0 130325 130326      0      0      0      0     51     14 
    0    517     51     52     89     68      0      0      0      0   3201   1980      0      0 130325 130326      0      0      0      0     52     14 
    0    513     51     54     89     68      0      0      0      0   3201   1980      0      0 130325 130326      0      0      0      0      0      0 
    0    401     50     52     88     65      0      0      0      0   3201   1980      0      0 130325 130326      0      0      0      0     59     14 
    0    391     45     44     43     32      0      0      0      0   3201   1980      0      0 130325 130326      0      0      0      0     47     14 
    0    496     50     53     89     68      0      0      0      0   3201   1980      0      0 130325 130326      0      0      0      0     42     14 
    0    515     51     53     89     65      0      0      0      0   3201   1980      0      0 130325 130326      0      0      0      0     42     14 
    0    344     50     52     89     68      0      0      0      0   3201   1980      0      0 130325 130326      0      0      0      0     46     14 
    0    498     51     54     37     29      0      0      0      0   3201   1980      0      0 130325 130326      0      0      0      0      0      1 
    0    139     44     42      0      0      0      0      0      0   3201   1980      0      0 130325 130326      0      0      0      0      0      0 
    0    138     43     41      0      0      0      0      0      0   3201   1980      0      0 130325 130326      0      0      0      0      0      1 
    0    361     48     51     89     65      0      0      0      0   3201   1980      0      0 130325 130326      0      0      0      0     47     14 
    0    429     49     50     89     65      0      0      0      0   3201   1980      0      0 130325 130326      0      0      0      0     61     15 
# gpu    pwr  gtemp  mtemp     sm    mem    enc    dec    jpg    ofa   mclk   pclk  pviol  tviol     fb   bar1   ccpm  sbecc  dbecc    pci  rxpci  txpci 
# Idx      W      C      C      %      %      %      %      %      %    MHz    MHz      %   bool     MB     MB     MB   errs   errs   errs   MB/s   MB/s 
    0    461     46     46     51     39      0      0      0      0   3201   1980      0      0 130325 130326      0      0      0      0     44     13 
    0    493     49     50     44     33      0      0      0      0   3201   1980      0      0 130325 130326      0      0      0      0     42     14 
    0    521     50     50     89     65      0      0      0      0   3201   1980      0      0 130325 130326      0      0      0      0     52     14 
    0    514     50     53     89     68      0      0      0      0   3201   1980      0      0 130325 130326      0      0      0      0     53     15 
    0    427     45     44      0      0      0      0      0      0   3201   1980      0      0 130325 130326      0      0      0      0     44     13 
    0    423     45     44      0      0      0      0      0      0   3201   1980      0      0 130325 130326      0      0      0      0      0      1 
    0    242     48     48     89     68      0      0      0      0   3201   1980      0      0 130325 130326      0      0      0      0     42     14 
    0    441     49     52     88     63      0      0      0      0   3201   1980      0      0 130325 130326      0      0      0      0     53     15 
    0    515     50     52     89     65      0      0      0      0   3201   1980      0      0 130325 130326      0      0      0      0     57     15 
    0    517     50     53     89     65      0      0      0      0   3201   1980      0      0 130325 130326      0      0      0      0     51     15 
    0    499     50     52     79     60      0      0      0      0   3201   1980      0      0 130325 130326      0      0      0      0      0      0 
    0    325     49     52     89     68      0      0      0      0   3201   1980      0      0 130325 130326      0      0      0      0     41     15 
    0    517     50     52     88     65      0      0      0      0   3201   1980      0      0 130325 130326      0      0      0      0     45     14 
    0    509     50     51     89     65      0      0      0      0   3201   1980      0      0 130325 130326      0      0      0      0      0      1 
    0    338     49     52     88     66      0      0      0      0   3201   1980      0      0 130325 130326      0      0      0      0     52     14 
    0    510     50     52     89     65      0      0      0      0   3201   1980      0      0 130325 130326      0      0      0      0     54     15 
    0    518     50     52     89     64      0      0      0      0   3201   1980      0      0 130325 130326      0      0      0      0     66     16 
    0    461     47     48     62     47      0      0      0      0   3201   1980      0      0 130325 130326      0      0      0      0      0      1 
    0    361     50     52     89     68      0      0      0      0   3201   1980      0      0 130325 130326      0      0      0      0     46     13 
    0    525     50     51     88     65      0      0      0      0   3201   1980      0      0 130325 130326      0      0      0      0     63     17 
    0    420     46     45      0      0      0      0      0      0   3201   1980      0      0 130325 130326      0      0      0      0      0      0 
