# gpu    pwr  gtemp  mtemp     sm    mem    enc    dec    jpg    ofa   mclk   pclk  pviol  tviol     fb   bar1   ccpm  sbecc  dbecc    pci  rxpci  txpci 
# Idx      W      C      C      %      %      %      %      %      %    MHz    MHz      %   bool     MB     MB     MB   errs   errs   errs   MB/s   MB/s 
    0    147     36     34     50     40      0      0      0      0   3201   1980      0      0 130319 130320      0      0      0      0      0      1 
    0    132     36     34      0      0      0      0      0      0   3201   1980      0      0 130319 130320      0      0      0      0      0      0 
    0    132     36     34      0      0      0      0      0      0   3201   1980      0      0 130319 130320      0      0      0      0      0      1 
    0    132     36     34      0      0      0      0      0      0   3201   1980      0      0 130319 130320      0      0      0      0      0      0 
    0    132     36     34      0      0      0      0      0      0   3201   1980      0      0 130319 130320      0      0      0      0      0      1 
    0    132     36     34      0      0      0      0      0      0   3201   1980      0      0 130319 130320      0      0      0      0      0      0 
    0    131     36     34      0      0      0      0      0      0   3201   1980      0      0 130319 130320      0      0      0      0      0      0 
    0    131     36     34      0      0      0      0      0      0   3201   1980      0      0 130319 130320      0      0      0      0      0      0 
    0    131     35     34      0      0      0      0      0      0   3201   1980      0      0 130319 130320      0      0      0      0      0      0 
    0    131     35     34      0      0      0      0      0      0   3201   1980      0      0 130319 130320      0      0      0      0      0      0 
    0    131     35     33      0      0      0      0      0      0   3201   1980      0      0 130319 130320      0      0      0      0      0      0 
    0    131     35     34      0      0      0      0      0      0   3201   1980      0      0 130319 130320      0      0      0      0      0      0 
    0    135     35     34      0      0      0      0      0      0   3201   1980      0      0 130325 130326      0      0      0      0     34     14 
    0    483     42     45     89     65      0      0      0      0   3201   1980      0      0 130325 130326      0      0      0      0    100     15 
    0    504     43     45     88     64      0      0      0      0   3201   1980      0      0 130325 130326      0      0      0      0     63     15 
    0    511     44     45     88     65      0      0      0      0   3201   1980      0      0 130325 130326      0      0      0      0     75     17 
    0    513     45     47     88     64      0      0      0      0   3201   1980      0      0 130325 130326      0      0      0      0     68     15 
    0    514     45     48     89     65      0      0      0      0   3201   1980      0      0 130325 130326      0      0      0      0     54     14 
    0    511     45     49     89     65      0      0      0      0   3201   1980      0      0 130325 130326      0      0      0      0     83     14 
    0    513     46     47     88     65      0      0      0      0   3201   1980      0      0 130325 130326      0      0      0      0     66     16 
    0    514     46     49     88     64      0      0      0      0   3201   1980      0      0 130325 130326      0      0      0      0     63     15 
    0    513     46     48     88     64      0      0      0      0   3201   1980      0      0 130325 130326      0      0      0      0     73     16 
    0    514     47     49     88     63      0      0      0      0   3201   1980      0      0 130325 130326      0      0      0      0     72     16 
    0    516     47     47     87     62      0      0      0      0   3201   1980      0      0 130325 130326      0      0      0      0     74     15 
    0    512     47     48     89     65      0      0      0      0   3201   1980      0      0 130325 130326      0      0      0      0     53     15 
    0    510     47     51     89     65      0      0      0      0   3201   1980      0      0 130325 130326      0      0      0      0     47     14 
    0    509     47     50     88     65      0      0      0      0   3201   1980      0      0 130325 130326      0      0      0      0     60     14 
    0    515     48     49     89     65      0      0      0      0   3201   1980      0      0 130325 130326      0      0      0      0     72     17 
    0    512     48     50     89     65      0      0      0      0   3201   1980      0      0 130325 130326      0      0      0      0     70     16 
    0    524     48     52     88     63      0      0      0      0   3201   1980      0      0 130325 130326      0      0      0      0     69     16 
    0    515     48     52     88     64      0      0      0      0   3201   1980      0      0 130325 130326      0      0      0      0     73     16 
    0    527     49     52     87     66      0      0      0      0   3201   1980      0      0 130325 130326      0      0      0      0     72     16 
    0    530     49     51     87     67      0      0      0      0   3201   1980      0      0 130325 130326      0      0      0      0     71     16 
    0    515     49     50     88     64      0      0      0      0   3201   1980      0      0 130325 130326      0      0      0      0     73     16 
    0    522     49     50     88     64      0      0      0      0   3201   1980      0      0 130325 130326      0      0      0      0     62     16 
    0    521     49     52     88     65      0      0      0      0   3201   1980      0      0 130325 130326      0      0      0      0     63     15 
    0    520     49     51     87     63      0      0      0      0   3201   1980      0      0 130325 130326      0      0      0      0     73     16 
    0    533     50     52     87     66      0      0      0      0   3201   1980      0      0 130325 130326      0      0      0      0     88     17 
    0    531     50     52     87     66      0      0      0      0   3201   1980      0      0 130325 130326      0      0      0      0     82     17 
    0    525     50     52     88     66      0      0      0      0   3201   1980      0      0 130325 130326      0      0      0      0     91     16 
    0    523     50     51     88     63      0      0      0      0   3201   1980      0      0 130325 130326      0      0      0      0     68     16 
    0    525     50     51     88     63      0      0      0      0   3201   1980      0      0 130325 130326      0      0      0      0     72     16 
    0    533     50     52     87     64      0      0      0      0   3201   1980      0      0 130325 130326      0      0      0      0     91     20 
    0    527     51     52     87     65      0      0      0      0   3201   1980      0      0 130325 130326      0      0      0      0     99     17 
# gpu    pwr  gtemp  mtemp     sm    mem    enc    dec    jpg    ofa   mclk   pclk  pviol  tviol     fb   bar1   ccpm  sbecc  dbecc    pci  rxpci  txpci 
# Idx      W      C      C      %      %      %      %      %      %    MHz    MHz      %   bool     MB     MB     MB   errs   errs   errs   MB/s   MB/s 
    0    526     51     52     87     67      0      0      0      0   3201   1980      0      0 130325 130326      0      0      0      0     87     17 
    0    528     50     52     88     63      0      0      0      0   3201   1980      0      0 130325 130326      0      0      0      0     73     15 
    0    520     50     51     89     65      0      0      0      0   3201   1980      0      0 130325 130326      0      0      0      0     63     15 
    0    515     50     52     89     65      0      0      0      0   3201   1980      0      0 130325 130326      0      0      0      0     52     14 
    0    512     50     52     88     65      0      0      0      0   3201   1980      0      0 130325 130326      0      0      0      0     55     15 
    0    519     50     53     87     61      0      0      0      0   3201   1980      0      0 130325 130326      0      0      0      0     60     17 
    0    535     51     52     87     63      0      0      0      0   3201   1980      0      0 130325 130326      0      0      0      0    108     17 
    0    531     51     52     87     64      0      0      0      0   3201   1980      0      0 130325 130326      0      0      0      0     99     20 
    0    529     51     53     87     65      0      0      0      0   3201   1980      0      0 130325 130326      0      0      0      0    107     18 
    0    525     51     53     87     66      0      0      0      0   3201   1980      0      0 130325 130326      0      0      0      0     68     18 
    0    529     51     52     88     64      0      0      0      0   3201   1980      0      0 130325 130326      0      0      0      0     85     15 
    0    515     51     52     87     65      0      0      0      0   3201   1980      0      0 130325 130326      0      0      0      0     73     17 
    0    528     52     53     87     67      0      0      0      0   3201   1980      0      0 130325 130326      0      0      0      0     88     17 
    0    529     51     53     88     66      0      0      0      0   3201   1980      0      0 130325 130326      0      0      0      0     78     17 
    0    532     51     54     87     65      0      0      0      0   3201   1980      0      0 130325 130326      0      0      0      0     75     17 
    0    517     51     54     88     64      0      0      0      0   3201   1980      0      0 130325 130326      0      0      0      0     68     16 
    0    521     51     52     88     64      0      0      0      0   3201   1980      0      0 130325 130326      0      0      0      0     64     15 
    0    524     51     53     88     64      0      0      0      0   3201   1980      0      0 130325 130326      0      0      0      0     80     17 
    0    523     51     52     87     63      0      0      0      0   3201   1980      0      0 130325 130326      0      0      0      0     74     16 
    0    523     51     53     88     64      0      0      0      0   3201   1980      0      0 130325 130326      0      0      0      0     72     16 
    0    520     51     54     89     65      0      0      0      0   3201   1980      0      0 130325 130326      0      0      0      0     73     15 
    0    519     51     52     88     64      0      0      0      0   3201   1980      0      0 130325 130326      0      0      0      0     73     17 
    0    521     51     54     87     63      0      0      0      0   3201   1980      0      0 130325 130326      0      0      0      0     70     16 
    0    526     51     52     88     64      0      0      0      0   3201   1980      0      0 130325 130326      0      0      0      0     58     15 
    0    521     51     53     89     65      0      0      0      0   3201   1980      0      0 130325 130326      0      0      0      0     63     15 
    0    520     51     54     88     64      0      0      0      0   3201   1980      0      0 130325 130326      0      0      0      0     70     17 
    0    518     51     52     88     65      0      0      0      0   3201   1980      0      0 130325 130326      0      0      0      0     58     15 
    0    516     51     52     88     65      0      0      0      0   3201   1980      0      0 130325 130326      0      0      0      0     63     16 
    0    524     52     52     88     63      0      0      0      0   3201   1980      0      0 130325 130326      0      0      0      0     73     15 
    0    521     52     54     88     66      0      0      0      0   3201   1980      0      0 130325 130326      0      0      0      0     78     18 
    0    538     52     52     87     66      0      0      0      0   3201   1980      0      0 130325 130326      0      0      0      0     92     17 
    0    531     52     54     87     63      0      0      0      0   3201   1980      0      0 130325 130326      0      0      0      0     93     17 
    0    533     52     54     87     67      0      0      0      0   3201   1980      0      0 130325 130326      0      0      0      0     78     17 
    0    528     52     52     88     64      0      0      0      0   3201   1980      0      0 130325 130326      0      0      0      0     68     16 
    0    529     52     53     88     64      0      0      0      0   3201   1980      0      0 130325 130326      0      0      0      0     68     15 
    0    521     52     54     89     65      0      0      0      0   3201   1980      0      0 130325 130326      0      0      0      0     63     16 
    0    522     52     53     88     64      0      0      0      0   3201   1980      0      0 130325 130326      0      0      0      0     73     15 
    0    528     52     53     88     65      0      0      0      0   3201   1980      0      0 130325 130326      0      0      0      0     57     16 
    0    521     52     54     88     64      0      0      0      0   3201   1980      0      0 130325 130326      0      0      0      0     72     15 
    0    518     52     53     88     65      0      0      0      0   3201   1980      0      0 130325 130326      0      0      0      0     65     16 
    0    512     51     54     89     65      0      0      0      0   3201   1980      0      0 130325 130326      0      0      0      0     52     14 
    0    517     52     52     89     67      0      0      0      0   3201   1980      0      0 130325 130326      0      0      0      0     31      1 
    0    439     51     52     89     65      0      0      0      0   3201   1980      0      0 130325 130326      0      0      0      0     45     13 
    0    520     52     53     88     65      0      0      0      0   3201   1980      0      0 130325 130326      0      0      0      0     68     17 
# gpu    pwr  gtemp  mtemp     sm    mem    enc    dec    jpg    ofa   mclk   pclk  pviol  tviol     fb   bar1   ccpm  sbecc  dbecc    pci  rxpci  txpci 
# Idx      W      C      C      %      %      %      %      %      %    MHz    MHz      %   bool     MB     MB     MB   errs   errs   errs   MB/s   MB/s 
    0    513     52     53     87     63      0      0      0      0   3201   1980      0      0 130325 130326      0      0      0      0     76     17 
    0    525     52     54     88     64      0      0      0      0   3201   1980      0      0 130325 130326      0      0      0      0     78     17 
    0    525     52     54     88     65      0      0      0      0   3201   1980      0      0 130325 130326      0      0      0      0     73     16 
    0    510     52     54     88     63      0      0      0      0   3201   1980      0      0 130325 130326      0      0      0      0     74     17 
    0    531     52     54     87     64      0      0      0      0   3201   1980      0      0 130325 130326      0      0      0      0     86     16 
    0    530     52     55     88     65      0      0      0      0   3201   1980      0      0 130325 130326      0      0      0      0     56     16 
    0    519     52     53     89     66      0      0      0      0   3201   1980      0      0 130325 130326      0      0      0      0     51     14 
    0    519     52     53     88     64      0      0      0      0   3201   1980      0      0 130325 130326      0      0      0      0     58     16 
    0    523     53     53     87     62      0      0      0      0   3201   1980      0      0 130325 130326      0      0      0      0     83     17 
    0    532     52     52     87     65      0      0      0      0   3201   1980      0      0 130325 130326      0      0      0      0     88     20 
    0    530     52     53     88     65      0      0      0      0   3201   1980      0      0 130325 130326      0      0      0      0     76     15 
    0    533     53     54     88     67      0      0      0      0   3201   1980      0      0 130325 130326      0      0      0      0     78     18 
    0    518     52     52     88     64      0      0      0      0   3201   1980      0      0 130325 130326      0      0      0      0     86     15 
    0    524     52     53     88     65      0      0      0      0   3201   1980      0      0 130325 130326      0      0      0      0     73     17 
    0    528     52     54     88     65      0      0      0      0   3201   1980      0      0 130325 130326      0      0      0      0     71     15 
    0    523     52     54     88     64      0      0      0      0   3201   1980      0      0 130325 130326      0      0      0      0     69     16 
    0    531     53     54     87     65      0      0      0      0   3201   1980      0      0 130325 130326      0      0      0      0     77     16 
    0    524     52     53     88     65      0      0      0      0   3201   1980      0      0 130325 130326      0      0      0      0     73     17 
    0    515     52     54     89     65      0      0      0      0   3201   1980      0      0 130325 130326      0      0      0      0     85     15 
    0    536     52     53     87     65      0      0      0      0   3201   1980      0      0 130325 130326      0      0      0      0     86     18 
    0    512     52     53     88     65      0      0      0      0   3201   1980      0      0 130325 130326      0      0      0      0     75     17 
    0    536     52     53     88     64      0      0      0      0   3201   1980      0      0 130325 130326      0      0      0      0     68     16 
    0    502     49     49     89     68      0      0      0      0   3201   1980      0      0 130325 130326      0      0      0      0      0      0 
    0    141     45     43      0      0      0      0      0      0   3201   1980      0      0 130325 130326      0      0      0      0      0      0 
