# gpu    pwr  gtemp  mtemp     sm    mem    enc    dec    jpg    ofa   mclk   pclk  pviol  tviol     fb   bar1   ccpm  sbecc  dbecc    pci  rxpci  txpci 
# Idx      W      C      C      %      %      %      %      %      %    MHz    MHz      %   bool     MB     MB     MB   errs   errs   errs   MB/s   MB/s 
    0    162     40     43     49     39      0      0      0      0   3201   1980      0      0 130319 130320      0      0      0      0      0      0 
    0    138     37     35      0      0      0      0      0      0   3201   1980      0      0 130319 130320      0      0      0      0      0      1 
    0    132     37     35      0      0      0      0      0      0   3201   1980      0      0 130319 130320      0      0      0      0      0      0 
    0    132     37     35      0      0      0      0      0      0   3201   1980      0      0 130319 130320      0      0      0      0      0      1 
    0    132     36     35      0      0      0      0      0      0   3201   1980      0      0 130319 130320      0      0      0      0      0      0 
    0    132     36     35      0      0      0      0      0      0   3201   1980      0      0 130319 130320      0      0      0      0      0      1 
    0    132     36     35      0      0      0      0      0      0   3201   1980      0      0 130319 130320      0      0      0      0      0      0 
    0    132     36     34      0      0      0      0      0      0   3201   1980      0      0 130319 130320      0      0      0      0      0      1 
    0    132     36     35      0      0      0      0      0      0   3201   1980      0      0 130319 130320      0      0      0      0      0      0 
    0    132     36     34      0      0      0      0      0      0   3201   1980      0      0 130319 130320      0      0      0      0      0      1 
    0    132     36     35      0      0      0      0      0      0   3201   1980      0      0 130319 130320      0      0      0      0      0      0 
    0    132     36     34      0      0      0      0      0      0   3201   1980      0      0 130319 130320      0      0      0      0      0      0 
    0    132     36     34      0      0      0      0      0      0   3201   1980      0      0 130319 130320      0      0      0      0      0      0 
    0    216     37     36      0      0      0      0      0      0   3201   1980      0      0 130325 130326      0      0      0      0      0      0 
    0    321     43     40     13     10      0      0      0      0   3201   1980     30      0 130325 130326      0      0      0      0     42     14 
    0    370     41     43     78     54      0      0      0      0   3201   1980      0      0 130325 130326      0      0      0      0     64     14 
    0    205     37     36      0      0      0      0      0      0   3201   1980      0      0 130325 130326      0      0      0      0      0      0 
    0    218     37     36      0      0      0      0      0      0   3201   1980      0      0 130325 130326      0      0      0      0      0      0 
    0    217     41     44     89     68      0      0      0      0   3201   1980      0      0 130325 130326      0      0      0      0     42     14 
    0    272     39     39     89     68      0      0      0      0   3201   1980      0      0 130325 130326      0      0      0      0      0      0 
    0    301     38     37      0      0      0      0      0      0   3201   1980      0      0 130325 130326      0      0      0      0      0      0 
    0    256     43     43     90     59      0      0      0      0   3201   1965     19      0 130325 130326      0      0      0      0     43      0 
    0    250     40     41     82     62      0      0      0      0   3201   1980     20      0 130325 130326      0      0      0      0      0      0 
    0    218     38     37      0      0      0      0      0      0   3201   1980      0      0 130325 130326      0      0      0      0      0      0 
    0    216     38     36      0      0      0      0      0      0   3201   1980     33      0 130325 130326      0      0      0      0      0      0 
    0    133     37     35      0      0      0      0      0      0   3201   1980      0      0 130325 130326      0      0      0      0      0      0 
    0    219     37     36      0      0      0      0      0      0   3201   1980      0      0 130325 130326      0      0      0      0     25     16 
    0    299     38     37      0      0      0      0      0      0   3201   1980     31      0 130325 130326      0      0      0      0      0      0 
    0    376     42     43     90     57      0      0      0      0   3201   1980     36      0 130325 130326      0      0      0      0      0      0 
    0    134     37     36      0      0      0      0      0      0   3201   1980      0      0 130325 130326      0      0      0      0      0      0 
    0    407     45     44     90     60      0      0      0      0   3201   1965     42      0 130325 130326      0      0      0      0     47     14 
    0    288     43     44     29     22      0      0      0      0   3201   1980     18      0 130325 130326      0      0      0      0     41     14 
    0    351     44     44     38     23      0      0      0      0   3201   1980     33      0 130325 130326      0      0      0      0      0      1 
    0    307     40     40     29     22      0      0      0      0   3201   1980      0      0 130325 130326      0      0      0      0      0      0 
    0    134     38     37      0      0      0      0      0      0   3201   1980      0      0 130325 130326      0      0      0      0      0      1 
    0    364     44     46     71     52      0      0      0      0   3201   1980     67      0 130325 130326      0      0      0      0     43      4 
    0    352     44     46     91     55      0      0      0      0   3201   1965     27      0 130325 130326      0      0      0      0      0      1 
    0    306     45     45     90     59      0      0      0      0   3201   1980      7      0 130325 130326      0      0      0      0     51     14 
    0    444     44     47     89     66      0      0      0      0   3201   1980     34      0 130325 130326      0      0      0      0      0      1 
    0    222     39     38      0      0      0      0      0      0   3201   1980      0      0 130325 130326      0      0      0      0      0      0 
    0    134     38     37      0      0      0      0      0      0   3201   1980      0      0 130325 130326      0      0      0      0      0      1 
    0    344     39     38      0      0      0      0      0      0   3201   1980     34      0 130325 130326      0      0      0      0     45     13 
    0    504     44     47     88     65      0      0      0      0   3201   1965     58      0 130325 130326      0      0      0      0      0      1 
    0    389     41     41     58     45      0      0      0      0   3201   1980     51      0 130325 130326      0      0      0      0      0      0 
# gpu    pwr  gtemp  mtemp     sm    mem    enc    dec    jpg    ofa   mclk   pclk  pviol  tviol     fb   bar1   ccpm  sbecc  dbecc    pci  rxpci  txpci 
# Idx      W      C      C      %      %      %      %      %      %    MHz    MHz      %   bool     MB     MB     MB   errs   errs   errs   MB/s   MB/s 
    0    249     40     39      0      0      0      0      0      0   3201   1980     31      0 130325 130326      0      0      0      0      0      0 
    0    247     39     38      0      0      0      0      0      0   3201   1980     32      0 130325 130326      0      0      0      0      0      0 
    0    134     38     37      0      0      0      0      0      0   3201   1980      0      0 130325 130326      0      0      0      0      0      0 
    0    304     40     39      0      0      0      0      0      0   3201   1980      0      0 130325 130326      0      0      0      0      0      0 
    0    134     38     36      0      0      0      0      0      0   3201   1980      0      0 130325 130326      0      0      0      0      0      0 
    0    254     43     43      0      0      0      0      0      0   3201   1980      0      0 130325 130326      0      0      0      0     41      0 
    0    361     46     46     90     59      0      0      0      0   3201   1950     52      0 130325 130326      0      0      0      0     49     14 
    0    408     40     39      0      0      0      0      0      0   3201   1980     67      0 130325 130326      0      0      0      0     58     13 
    0    393     45     43     32     24      0      0      0      0   3201   1980     37      0 130325 130326      0      0      0      0     47     14 
    0    316     40     39      0      0      0      0      0      0   3201   1980     32      0 130325 130326      0      0      0      0      0      0 
    0    271     45     46     90     59      0      0      0      0   3201   1965     34      0 130325 130326      0      0      0      0      6      0 
    0    284     40     39      0      0      0      0      0      0   3201   1980     14      0 130325 130326      0      0      0      0     22     16 
    0    443     45     46     76     42      0      0      0      0   3201   1965     67      0 130325 130326      0      0      0      0      0      0 
    0    238     41     41     89     65      0      0      0      0   3201   1965     45      0 130325 130326      0      0      0      0      0      0 
    0    302     40     39      0      0      0      0      0      0   3201   1980      0      0 130325 130326      0      0      0      0     42     14 
    0    211     39     37      0      0      0      0      0      0   3201   1980      0      0 130325 130326      0      0      0      0      0      0 
    0    279     41     41     88     66      0      0      0      0   3201   1965     34      0 130325 130326      0      0      0      0      0      0 
    0    305     40     39     36     28      0      0      0      0   3201   1980      1      0 130325 130326      0      0      0      0     43     14 
    0    241     39     38      0      0      0      0      0      0   3201   1980     32      0 130325 130326      0      0      0      0      0      0 
    0    267     44     45     53     34      0      0      0      0   3201   1980      0      0 130325 130326      0      0      0      0      0      0 
    0    222     42     43     90     64      0      0      0      0   3201   1980      0      0 130325 130326      0      0      0      0      0      0 
    0    294     40     39      0      0      0      0      0      0   3201   1980      0      0 130325 130326      0      0      0      0      0      1 
    0    304     40     39      0      0      0      0      0      0   3201   1980      0      0 130325 130326      0      0      0      0      0      0 
    0    219     40     39      0      0      0      0      0      0   3201   1980      0      0 130325 130326      0      0      0      0     43     13 
    0    204     39     37      0      0      0      0      0      0   3201   1980      0      0 130325 130326      0      0      0      0     44     13 
    0    304     40     39     89     68      0      0      0      0   3201   1980      0      0 130325 130326      0      0      0      0      0      0 
    0    303     40     39      0      0      0      0      0      0   3201   1980     32      0 130325 130326      0      0      0      0      0      0 
    0    135     38     37      0      0      0      0      0      0   3201   1980      0      0 130325 130326      0      0      0      0      6     17 
    0    378     44     47     22     16      0      0      0      0   3201   1980      0      0 130325 130326      0      0      0      0      0      0 
    0    328     40     39      0      0      0      0      0      0   3201   1980     59      0 130325 130326      0      0      0      0     43     14 
    0    409     45     46     39     24      0      0      0      0   3201   1920     32      0 130325 130326      0      0      0      0     53     14 
    0    370     41     40      0      0      0      0      0      0   3201   1980     45      0 130325 130326      0      0      0      0     44     13 
    0    322     44     43      0      0      0      0      0      0   3201   1980     30      0 130325 130326      0      0      0      0     46     13 
    0    341     43     43     89     66      0      0      0      0   3201   1980      0      0 130325 130326      0      0      0      0      0      0 
    0    229     44     44     89     68      0      0      0      0   3201   1980      1      0 130325 130326      0      0      0      0     43     13 
    0    306     40     39      0      0      0      0      0      0   3201   1980     25      0 130325 130326      0      0      0      0      0      0 
    0    219     39     38      0      0      0      0      0      0   3201   1980      0      0 130325 130326      0      0      0      0      0      0 
    0    324     45     45     52     34      0      0      0      0   3201   1980      0      0 130325 130326      0      0      0      0      0      1 
    0    143     39     37      0      0      0      0      0      0   3201   1980      0      0 130325 130326      0      0      0      0     44     14 
    0    299     40     40     15     11      0      0      0      0   3201   1980     27      0 130325 130326      0      0      0      0      0      1 
    0    135     38     37      0      0      0      0      0      0   3201   1980      0      0 130325 130326      0      0      0      0      0      0 
    0    134     38     36      0      0      0      0      0      0   3201   1980      0      0 130325 130326      0      0      0      0      0      1 
    0    197     43     42     53     35      0      0      0      0   3201   1935      5      0 130325 130326      0      0      0      0     48     14 
    0    212     38     37      0      0      0      0      0      0   3201   1980     29      0 130325 130326      0      0      0      0     61     15 
# gpu    pwr  gtemp  mtemp     sm    mem    enc    dec    jpg    ofa   mclk   pclk  pviol  tviol     fb   bar1   ccpm  sbecc  dbecc    pci  rxpci  txpci 
# Idx      W      C      C      %      %      %      %      %      %    MHz    MHz      %   bool     MB     MB     MB   errs   errs   errs   MB/s   MB/s 
    0    319     40     39     12      9      0      0      0      0   3201   1980     72      0 130325 130326      0      0      0      0      0      0 
    0    219     39     38      0      0      0      0      0      0   3201   1980      0      0 130325 130326      0      0      0      0      0      1 
    0    355     49     44     38     24      0      0      0      0   3201   1980     31      0 130325 130326      0      0      0      0     48     14 
    0    346     44     46     62     42      0      0      0      0   3201   1980      0      0 130325 130326      0      0      0      0      0      1 
    0    221     39     38      0      0      0      0      0      0   3201   1980      0      0 130325 130326      0      0      0      0      0      0 
    0    218     39     38      0      0      0      0      0      0   3201   1980      0      0 130325 130326      0      0      0      0      0      0 
    0    134     38     36      0      0      0      0      0      0   3201   1980      0      0 130325 130326      0      0      0      0      0      0 
    0    217     38     37      0      0      0      0      0      0   3201   1980     28      0 130325 130326      0      0      0      0      0      0 
    0    328     39     38      0      0      0      0      0      0   3201   1980     29      0 130325 130326      0      0      0      0     43     13 
    0    426     41     41     89     65      0      0      0      0   3201   1980     84      0 130325 130326      0      0      0      0      0      0 
    0    357     41     41     33     25      0      0      0      0   3201   1965     63      0 130325 130326      0      0      0      0      0      0 
    0    146     39     37      0      0      0      0      0      0   3201   1980      4      0 130325 130326      0      0      0      0     42     14 
    0    362     43     44     89     67      0      0      0      0   3201   1965     63      0 130325 130326      0      0      0      0      0      0 
    0    360     42     43     89     66      0      0      0      0   3201   1965     63      0 130325 130326      0      0      0      0      0      0 
    0    135     39     37      0      0      0      0      0      0   3201   1980      1      0 130325 130326      0      0      0      0     42     13 
    0    358     44     46     77     53      0      0      0      0   3201   1980     28      0 130325 130326      0      0      0      0      0      0 
    0    261     39     38      0      0      0      0      0      0   3201   1980     33      0 130325 130326      0      0      0      0     42     13 
    0    425     41     40     19     15      0      0      0      0   3201   1980     71      0 130325 130326      0      0      0      0      0      0 
    0    144     39     37      0      0      0      0      0      0   3201   1980      0      0 130325 130326      0      0      0      0     43     13 
    0    301     44     42      2      1      0      0      0      0   3201   1980      0      0 130325 130326      0      0      0      0     70     14 
    0    414     40     40      0      0      0      0      0      0   3201   1980     51      0 130325 130326      0      0      0      0      0      0 
