# gpu    pwr  gtemp  mtemp     sm    mem    enc    dec    jpg    ofa   mclk   pclk  pviol  tviol     fb   bar1   ccpm  sbecc  dbecc    pci  rxpci  txpci 
# Idx      W      C      C      %      %      %      %      %      %    MHz    MHz      %   bool     MB     MB     MB   errs   errs   errs   MB/s   MB/s 
    0    146     42     39      0      0      0      0      0      0   3201   1980      0      0 130319 130320      0      0      0      0      0      0 
    0    138     42     40      0      0      0      0      0      0   3201   1980      0      0 130319 130320      0      0      0      0      0      0 
    0    137     42     39      0      0      0      0      0      0   3201   1980      0      0 130319 130320      0      0      0      0      0      0 
    0    137     42     39      0      0      0      0      0      0   3201   1980      0      0 130319 130320      0      0      0      0      0      0 
    0    137     41     39      0      0      0      0      0      0   3201   1980      0      0 130319 130320      0      0      0      0      0      0 
    0    137     41     39      0      0      0      0      0      0   3201   1980      0      0 130319 130320      0      0      0      0      0      0 
    0    137     41     39      0      0      0      0      0      0   3201   1980      0      0 130319 130320      0      0      0      0      0      0 
    0    137     41     39      0      0      0      0      0      0   3201   1980      0      0 130319 130320      0      0      0      0      0      0 
    0    137     41     39      0      0      0      0      0      0   3201   1980      0      0 130319 130320      0      0      0      0      0      0 
    0    137     41     39      0      0      0      0      0      0   3201   1980      0      0 130319 130320      0      0      0      0      0      0 
    0    136     41     39      0      0      0      0      0      0   3201   1980      0      0 130319 130320      0      0      0      0      0      0 
    0    136     41     39      0      0      0      0      0      0   3201   1980      0      0 130319 130320      0      0      0      0      0      0 
    0    136     41     39      0      0      0      0      0      0   3201   1980      0      0 130319 130320      0      0      0      0     67      2 
    0    536     50     48     88     59      0      0      0      0   3201   1965     62      0 130325 130326      0      0      0      0     88     18 
    0    573     52     51     87     52      0      0      0      0   3201   1950     56      0 130325 130326      0      0      0      0     82     17 
    0    597     57     51     89     54      0      0      0      0   3201   1920    100      0 130325 130326      0      0      0      0    122     21 
    0    632     54     52     88     52      0      0      0      0   3201   1830    100      0 130325 130326      0      0      0      0    148     25 
    0    619     55     52     91     44      0      0      0      0   3201   1860    100      0 130325 130326      0      0      0      0    138     21 
    0    617     54     52     85     65      0      0      0      0   3201   1905    100      0 130325 130326      0      0      0      0    118     21 
    0    589     54     54     88     61      0      0      0      0   3201   1965     94      0 130325 130326      0      0      0      0     99     17 
    0    605     58     51     89     52      0      0      0      0   3201   1965    100      0 130325 130326      0      0      0      0    130     23 
    0    586     54     53     87     66      0      0      0      0   3201   1980     87      0 130325 130326      0      0      0      0     77     15 
    0    584     59     54     89     55      0      0      0      0   3201   1965     86      0 130325 130326      0      0      0      0    108     20 
    0    602     57     53     91     47      0      0      0      0   3201   1890    100      0 130325 130326      0      0      0      0    121     20 
    0    624     61     53     89     54      0      0      0      0   3201   1935    100      0 130325 130326      0      0      0      0    123     19 
