# gpu    pwr  gtemp  mtemp     sm    mem    enc    dec    jpg    ofa   mclk   pclk  pviol  tviol     fb   bar1   ccpm  sbecc  dbecc    pci  rxpci  txpci 
# Idx      W      C      C      %      %      %      %      %      %    MHz    MHz      %   bool     MB     MB     MB   errs   errs   errs   MB/s   MB/s 
    0    174     46     45      0      0      0      0      0      0   3201   1980      0      0 130319 130320      0      0      0      0      0      0 
    0    138     42     40      0      0      0      0      0      0   3201   1980      0      0 130319 130320      0      0      0      0      0      1 
    0    137     42     40      0      0      0      0      0      0   3201   1980      0      0 130319 130320      0      0      0      0      0      0 
    0    137     42     40      0      0      0      0      0      0   3201   1980      0      0 130319 130320      0      0      0      0      0      1 
    0    137     42     40      0      0      0      0      0      0   3201   1980      0      0 130319 130320      0      0      0      0      0      0 
    0    137     42     40      0      0      0      0      0      0   3201   1980      0      0 130319 130320      0      0      0      0      0      1 
    0    140     42     40      0      0      0      0      0      0   3201   1980      0      0 130319 130320      0      0      0      0      0      0 
    0    141     42     40      0      0      0      0      0      0   3201   1980      0      0 130319 130320      0      0      0      0      0      1 
    0    141     42     40      0      0      0      0      0      0   3201   1980      0      0 130319 130320      0      0      0      0      0      0 
    0    141     42     40      0      0      0      0      0      0   3201   1980      0      0 130319 130320      0      0      0      0      0      0 
    0    141     42     40      0      0      0      0      0      0   3201   1980      0      0 130319 130320      0      0      0      0      1      0 
    0    141     42     40      0      0      0      0      0      0   3201   1980      0      0 130319 130320      0      0      0      0      0      0 
    0    141     42     40      0      0      0      0      0      0   3201   1980      0      0 130319 130320      0      0      0      0      0      0 
    0    377     48     50     89     70      0      0      0      0   3201   1980      0      0 130325 130326      0      0      0      0     48     14 
    0    530     50     52     88     66      0      0      0      0   3201   1980     30      0 130325 130326      0      0      0      0     74     19 
    0    536     51     53     89     61      0      0      0      0   3201   1980      0      0 130325 130326      0      0      0      0     48     14 
    0    401     49     50      0      0      0      0      0      0   3201   1980      0      0 130325 130326      0      0      0      0     46     14 
    0    387     45     44      0      0      0      0      0      0   3201   1980      0      0 130325 130326      0      0      0      0      0      0 
    0    359     50     52     89     67      0      0      0      0   3201   1980      0      0 130325 130326      0      0      0      0     52     14 
    0    533     52     52     89     62      0      0      0      0   3201   1980      0      0 130325 130326      0      0      0      0     48     14 
    0    524     52     53     89     69      0      0      0      0   3201   1980      0      0 130325 130326      0      0      0      0      0      0 
    0    337     51     52     88     66      0      0      0      0   3201   1980     35      0 130325 130326      0      0      0      0     58     16 
    0    500     52     53     89     69      0      0      0      0   3201   1980      0      0 130325 130326      0      0      0      0     42     14 
    0    518     53     55     87     68      0      0      0      0   3201   1980      0      0 130325 130326      0      0      0      0      0      0 
    0    445     53     54     88     69      0      0      0      0   3201   1980      0      0 130325 130326      0      0      0      0      0      0 
    0    141     46     43      0      0      0      0      0      0   3201   1980      0      0 130325 130326      0      0      0      0     17     14 
    0    491     52     52     89     69      0      0      0      0   3201   1980      0      0 130325 130326      0      0      0      0     46     14 
    0    537     57     54     89     63      0      0      0      0   3201   1980      0      0 130325 130326      0      0      0      0     54     14 
    0    533     53     55     89     67      0      0      0      0   3201   1980      0      0 130325 130326      0      0      0      0     48     13 
    0    272     50     49      0      0      0      0      0      0   3201   1980      0      0 130325 130326      0      0      0      0     45     14 
    0    538     53     55     88     63      0      0      0      0   3201   1965     32      0 130325 130326      0      0      0      0     50     14 
    0    535     53     55     88     66      0      0      0      0   3201   1980     28      0 130325 130326      0      0      0      0     48     15 
    0    537     54     54     88     68      0      0      0      0   3201   1980     31      0 130325 130326      0      0      0      0     54     14 
    0    533     54     55     88     69      0      0      0      0   3201   1980     28      0 130325 130326      0      0      0      0     42     14 
    0    277     50     47      0      0      0      0      0      0   3201   1980      0      0 130325 130326      0      0      0      0     43     14 
    0    540     55     54     89     61      0      0      0      0   3201   1980     32      0 130325 130326      0      0      0      0     54     15 
    0    534     54     54     89     67      0      0      0      0   3201   1980      0      0 130325 130326      0      0      0      0     79     15 
    0    551     54     56     87     66      0      0      0      0   3201   1920     35      0 130325 130326      0      0      0      0     57     15 
    0    536     56     55     88     66      0      0      0      0   3201   1980     57      0 130325 130326      0      0      0      0     53     14 
    0    379     48     47      0      0      0      0      0      0   3201   1980      0      0 130325 130326      0      0      0      0      0      0 
    0    142     47     44      0      0      0      0      0      0   3201   1980      0      0 130325 130326      0      0      0      0     56     16 
    0    550     56     53     88     66      0      0      0      0   3201   1965     11      0 130325 130326      0      0      0      0     52     14 
    0    543     54     56     88     67      0      0      0      0   3201   1980     51      0 130325 130326      0      0      0      0     58     14 
    0    542     54     54     89     68      0      0      0      0   3201   1980      0      0 130325 130326      0      0      0      0     45     14 
# gpu    pwr  gtemp  mtemp     sm    mem    enc    dec    jpg    ofa   mclk   pclk  pviol  tviol     fb   bar1   ccpm  sbecc  dbecc    pci  rxpci  txpci 
# Idx      W      C      C      %      %      %      %      %      %    MHz    MHz      %   bool     MB     MB     MB   errs   errs   errs   MB/s   MB/s 
    0    510     54     56     89     67      0      0      0      0   3201   1980      0      0 130325 130326      0      0      0      0      0      0 
    0    480     54     57     88     66      0      0      0      0   3201   1980      0      0 130325 130326      0      0      0      0      0      0 
    0    144     47     44      0      0      0      0      0      0   3201   1980      0      0 130325 130326      0      0      0      0     44     14 
    0    534     54     55     89     69      0      0      0      0   3201   1980      0      0 130325 130326      0      0      0      0     47     11 
    0    177     47     44      0      0      0      0      0      0   3201   1980      0      0 130325 130326      0      0      0      0      1      0 
    0    497     53     55     88     66      0      0      0      0   3201   1980      0      0 130325 130326      0      0      0      0     45     14 
    0    560     55     55     88     65      0      0      0      0   3201   1980     34      0 130325 130326      0      0      0      0     76     17 
    0    550     55     55     88     67      0      0      0      0   3201   1980      0      0 130325 130326      0      0      0      0     42     14 
    0    547     55     54     88     66      0      0      0      0   3201   1965     60      0 130325 130326      0      0      0      0     60     15 
    0    500     52     52     80     62      0      0      0      0   3201   1980      0      0 130325 130326      0      0      0      0      0      0 
    0    362     54     55     88     66      0      0      0      0   3201   1980      0      0 130325 130326      0      0      0      0     52     14 
    0    545     55     55     88     62      0      0      0      0   3201   1980     36      0 130325 130326      0      0      0      0     48     14 
    0    544     55     55     88     66      0      0      0      0   3201   1980     72      0 130325 130326      0      0      0      0     53     14 
    0    503     58     56     88     66      0      0      0      0   3201   1980     30      0 130325 130326      0      0      0      0     54     16 
    0    541     55     55     89     67      0      0      0      0   3201   1980      0      0 130325 130326      0      0      0      0     42     14 
    0    317     48     46      0      0      0      0      0      0   3201   1980      0      0 130325 130326      0      0      0      0      0      0 
    0    418     56     54     89     60      0      0      0      0   3201   1980      0      0 130325 130326      0      0      0      0     54     14 
    0    540     55     55     89     60      0      0      0      0   3201   1965     51      0 130325 130326      0      0      0      0     59     14 
    0    380     49     47      0      0      0      0      0      0   3201   1980      6      0 130325 130326      0      0      0      0      0      0 
    0    427     54     55     88     67      0      0      0      0   3201   1980      0      0 130325 130326      0      0      0      0     42     14 
    0    475     54     56     89     69      0      0      0      0   3201   1980      0      0 130325 130326      0      0      0      0     42     16 
    0    533     55     58     88     68      0      0      0      0   3201   1980      0      0 130325 130326      0      0      0      0     34     14 
    0    517     55     56     88     68      0      0      0      0   3201   1980     28      0 130325 130326      0      0      0      0      0      0 
    0    428     55     55     89     67      0      0      0      0   3201   1980      0      0 130325 130326      0      0      0      0     54     14 
    0    423     53     54     88     69      0      0      0      0   3201   1980      0      0 130325 130326      0      0      0      0     42     14 
    0    542     55     57     89     69      0      0      0      0   3201   1980      0      0 130325 130326      0      0      0      0     48     14 
    0    536     55     56     89     69      0      0      0      0   3201   1980      0      0 130325 130326      0      0      0      0     21      0 
    0    235     52     53     89     69      0      0      0      0   3201   1980      0      0 130325 130326      0      0      0      0     45     14 
    0    536     55     56     89     67      0      0      0      0   3201   1980      0      0 130325 130326      0      0      0      0     91     16 
    0    553     57     54     87     66      0      0      0      0   3201   1965     61      0 130325 130326      0      0      0      0     52     14 
    0    546     55     55     88     67      0      0      0      0   3201   1950     65      0 130325 130326      0      0      0      0     58     15 
    0    536     55     56     88     66      0      0      0      0   3201   1980     20      0 130325 130326      0      0      0      0     47     14 
    0    542     55     56     88     68      0      0      0      0   3201   1980      0      0 130325 130326      0      0      0      0     46     14 
    0    537     55     57     89     67      0      0      0      0   3201   1980      0      0 130325 130326      0      0      0      0     45     14 
    0    401     55     55     89     62      0      0      0      0   3201   1965     28      0 130325 130326      0      0      0      0     54     15 
    0    452     50     49      0      0      0      0      0      0   3201   1980      0      0 130325 130326      0      0      0      0      0      0 
    0    473     52     52     52     37      0      0      0      0   3201   1980      0      0 130325 130326      0      0      0      0     47     14 
    0    541     55     56     89     67      0      0      0      0   3201   1980      0      0 130325 130326      0      0      0      0     48     14 
    0    354     53     54     89     67      0      0      0      0   3201   1980      0      0 130325 130326      0      0      0      0     46     14 
    0    539     55     57     88     69      0      0      0      0   3201   1980     32      0 130325 130326      0      0      0      0     45     14 
    0    193     48     46      0      0      0      0      0      0   3201   1980      0      0 130325 130326      0      0      0      0      0      0 
    0    142     47     44      0      0      0      0      0      0   3201   1980      0      0 130325 130326      0      0      0      0      0      0 
    0    278     52     52     89     67      0      0      0      0   3201   1980      0      0 130325 130326      0      0      0      0     48     14 
    0    450     53     54     88     66      0      0      0      0   3201   1980      0      0 130325 130326      0      0      0      0     48     14 
# gpu    pwr  gtemp  mtemp     sm    mem    enc    dec    jpg    ofa   mclk   pclk  pviol  tviol     fb   bar1   ccpm  sbecc  dbecc    pci  rxpci  txpci 
# Idx      W      C      C      %      %      %      %      %      %    MHz    MHz      %   bool     MB     MB     MB   errs   errs   errs   MB/s   MB/s 
    0    536     54     56     88     66      0      0      0      0   3201   1980      0      0 130325 130326      0      0      0      0     41      0 
    0    456     54     57     89     69      0      0      0      0   3201   1980      0      0 130325 130326      0      0      0      0     43     14 
    0    543     55     55     88     66      0      0      0      0   3201   1980      0      0 130325 130326      0      0      0      0     63     15 
    0    544     55     56     89     67      0      0      0      0   3201   1980     29      0 130325 130326      0      0      0      0     42     14 
    0    532     55     57     65     51      0      0      0      0   3201   1980      0      0 130325 130326      0      0      0      0      0      0 
    0    441     52     52     75     58      0      0      0      0   3201   1980      0      0 130325 130326      0      0      0      0      0      0 
    0    143     48     45      0      0      0      0      0      0   3201   1980      0      0 130325 130326      0      0      0      0     47     14 
    0    455     54     50     89     60      0      0      0      0   3201   1980      0      0 130325 130326      0      0      0      0     48     14 
    0    536     55     55     89     67      0      0      0      0   3201   1965     28      0 130325 130326      0      0      0      0     53     15 
    0    547     55     57     88     67      0      0      0      0   3201   1980     53      0 130325 130326      0      0      0      0     78     14 
    0    547     55     57     89     67      0      0      0      0   3201   1980      0      0 130325 130326      0      0      0      0     44     14 
    0    336     54     54     89     69      0      0      0      0   3201   1980      0      0 130325 130326      0      0      0      0     42     14 
    0    552     58     53     89     61      0      0      0      0   3201   1965     42      0 130325 130326      0      0      0      0     58     15 
    0    538     55     57     88     66      0      0      0      0   3201   1980     17      0 130325 130326      0      0      0      0     44     14 
    0    313     53     53     88     69      0      0      0      0   3201   1980      0      0 130325 130326      0      0      0      0     42     15 
    0    542     55     57     89     64      0      0      0      0   3201   1980      3      0 130325 130326      0      0      0      0     48     14 
    0    543     56     56     89     67      0      0      0      0   3201   1980     60      0 130325 130326      0      0      0      0     88     16 
    0    541     55     58     88     66      0      0      0      0   3201   1980      0      0 130325 130326      0      0      0      0      0      0 
    0    280     54     54     89     69      0      0      0      0   3201   1980      0      0 130325 130326      0      0      0      0     45     15 
    0    558     58     54     90     56      0      0      0      0   3201   1965     23      0 130325 130326      0      0      0      0     66     16 
    0    540     55     58     89     69      0      0      0      0   3201   1980      6      0 130325 130326      0      0      0      0      0      1 
