# gpu    pwr  gtemp  mtemp     sm    mem    enc    dec    jpg    ofa   mclk   pclk  pviol  tviol     fb   bar1   ccpm  sbecc  dbecc    pci  rxpci  txpci 
# Idx      W      C      C      %      %      %      %      %      %    MHz    MHz      %   bool     MB     MB     MB   errs   errs   errs   MB/s   MB/s 
    0    142     44     43      0      0      0      0      0      0   3201   1980      0      0 130319 130320      0      0      0      0      0      0 
    0    137     41     39      0      0      0      0      0      0   3201   1980      0      0 130319 130320      0      0      0      0      0      0 
    0    137     41     39      0      0      0      0      0      0   3201   1980      0      0 130319 130320      0      0      0      0      0      0 
    0    137     41     39      0      0      0      0      0      0   3201   1980      0      0 130319 130320      0      0      0      0      0      0 
    0    136     41     39      0      0      0      0      0      0   3201   1980      0      0 130319 130320      0      0      0      0      0      0 
    0    136     41     39      0      0      0      0      0      0   3201   1980      0      0 130319 130320      0      0      0      0      0      0 
    0    136     41     39      0      0      0      0      0      0   3201   1980      0      0 130319 130320      0      0      0      0      0      0 
    0    136     41     39      0      0      0      0      0      0   3201   1980      0      0 130319 130320      0      0      0      0      0      0 
    0    136     41     39      0      0      0      0      0      0   3201   1980      0      0 130319 130320      0      0      0      0      0      0 
    0    136     41     39      0      0      0      0      0      0   3201   1980      0      0 130319 130320      0      0      0      0      0      0 
    0    136     41     38      0      0      0      0      0      0   3201   1980      0      0 130319 130320      0      0      0      0      0      0 
    0    136     41     38      0      0      0      0      0      0   3201   1980      0      0 130319 130320      0      0      0      0      0      0 
    0    136     40     39      0      0      0      0      0      0   3201   1980      0      0 130319 130320      0      0      0      0      0      0 
    0    136     40     38      0      0      0      0      0      0   3201   1980      0      0 130319 130320      0      0      0      0      0      0 
    0    136     40     39      0      0      0      0      0      0   3201   1980      0      0 130319 130320      0      0      0      0      0      0 
    0    136     40     39      0      0      0      0      0      0   3201   1980      0      0 130319 130320      0      0      0      0      0      0 
    0    406     48     50     87     58      0      0      0      0   3201   1980      0      0 130325 130326      0      0      0      0     58     16 
    0    523     48     49     89     65      0      0      0      0   3201   1980      0      0 130325 130326      0      0      0      0     53     14 
    0    505     51     50     89     68      0      0      0      0   3201   1980      0      0 130325 130326      0      0      0      0     53     15 
    0    525     50     51     88     65      0      0      0      0   3201   1980      0      0 130325 130326      0      0      0      0     54     21 
    0    534     50     51     89     59      0      0      0      0   3201   1965     61      0 130325 130326      0      0      0      0     63     17 
    0    526     50     53     89     66      0      0      0      0   3201   1980     40      0 130325 130326      0      0      0      0     45     14 
    0    458     50     51     89     68      0      0      0      0   3201   1980      0      0 130325 130326      0      0      0      0     51     15 
    0    536     51     53     89     57      0      0      0      0   3201   1965     87      0 130325 130326      0      0      0      0     58     15 
    0    530     52     53     89     59      0      0      0      0   3201   1965     40      0 130325 130326      0      0      0      0     58     16 
    0    534     52     52     89     65      0      0      0      0   3201   1980     46      0 130325 130326      0      0      0      0     73     16 
    0    530     52     53     89     67      0      0      0      0   3201   1980      0      0 130325 130326      0      0      0      0     47     15 
    0    536     52     55     90     54      0      0      0      0   3201   1965     18      0 130325 130326      0      0      0      0     63     15 
    0    545     53     53     89     63      0      0      0      0   3201   1965     68      0 130325 130326      0      0      0      0     73     17 
    0    429     47     46      0      0      0      0      0      0   3201   1980      0      0 130325 130326      0      0      0      0      0      5 
    0    539     54     53     88     66      0      0      0      0   3201   1965     82      0 130325 130326      0      0      0      0     75     17 
    0    561     53     53     89     65      0      0      0      0   3201   1980     40      0 130325 130326      0      0      0      0     60     15 
    0    515     51     52     88     66      0      0      0      0   3201   1980     31      0 130325 130326      0      0      0      0     48     15 
    0    480     49     48     89     69      0      0      0      0   3201   1980      0      0 130325 130326      0      0      0      0     45     14 
    0    557     56     53     87     57      0      0      0      0   3201   1965     46      0 130325 130326      0      0      0      0     98     18 
    0    559     54     53     88     65      0      0      0      0   3201   1965     57      0 130325 130326      0      0      0      0     72     16 
    0    537     54     54     89     67      0      0      0      0   3201   1980     31      0 130325 130326      0      0      0      0     64     17 
    0    557     54     54     88     66      0      0      0      0   3201   1965    100      0 130325 130326      0      0      0      0     65     15 
    0    551     55     56     86     64      0      0      0      0   3201   1980     38      0 130325 130326      0      0      0      0     63     15 
    0    529     55     54     89     61      0      0      0      0   3201   1980      0      0 130325 130326      0      0      0      0     60     15 
    0    539     54     56     88     66      0      0      0      0   3201   1980      0      0 130325 130326      0      0      0      0     48     14 
    0    543     55     55     88     67      0      0      0      0   3201   1980     31      0 130325 130326      0      0      0      0     52     15 
    0    541     55     57     88     66      0      0      0      0   3201   1980     59      0 130325 130326      0      0      0      0     48     14 
    0    540     55     58     89     67      0      0      0      0   3201   1980     50      0 130325 130326      0      0      0      0     46     14 
# gpu    pwr  gtemp  mtemp     sm    mem    enc    dec    jpg    ofa   mclk   pclk  pviol  tviol     fb   bar1   ccpm  sbecc  dbecc    pci  rxpci  txpci 
# Idx      W      C      C      %      %      %      %      %      %    MHz    MHz      %   bool     MB     MB     MB   errs   errs   errs   MB/s   MB/s 
    0    540     55     58     88     67      0      0      0      0   3201   1980      0      0 130325 130326      0      0      0      0     54     14 
    0    550     60     56     88     66      0      0      0      0   3201   1965     67      0 130325 130326      0      0      0      0     64     17 
    0    571     57     55     89     57      0      0      0      0   3201   1965     53      0 130325 130326      0      0      0      0     70     17 
    0    556     55     55     88     66      0      0      0      0   3201   1965     34      0 130325 130326      0      0      0      0     81     16 
    0    547     56     57     89     61      0      0      0      0   3201   1980      5      0 130325 130326      0      0      0      0     54     16 
    0    546     56     56     89     69      0      0      0      0   3201   1980      0      0 130325 130326      0      0      0      0     48     14 
    0    543     56     57     89     67      0      0      0      0   3201   1980     30      0 130325 130326      0      0      0      0     43     15 
    0    492     51     50     13     10      0      0      0      0   3201   1980     28      0 130325 130326      0      0      0      0      0      0 
    0    227     53     54     89     64      0      0      0      0   3201   1965     21      0 130325 130326      0      0      0      0     53     15 
    0    549     55     55     88     66      0      0      0      0   3201   1980     66      0 130325 130326      0      0      0      0     66     17 
    0    554     56     55     89     56      0      0      0      0   3201   1965     22      0 130325 130326      0      0      0      0     66     16 
    0    547     56     57     89     67      0      0      0      0   3201   1980     42      0 130325 130326      0      0      0      0     78     13 
    0    484     56     51      0      0      0      0      0      0   3201   1980      0      0 130325 130326      0      0      0      0     43     15 
    0    552     56     57     89     61      0      0      0      0   3201   1965     56      0 130325 130326      0      0      0      0     75     18 
    0    567     56     58     88     67      0      0      0      0   3201   1980     43      0 130325 130326      0      0      0      0     61     16 
    0    548     56     57     89     60      0      0      0      0   3201   1980     70      0 130325 130326      0      0      0      0     65     16 
    0    546     56     56     90     62      0      0      0      0   3201   1980     29      0 130325 130326      0      0      0      0     60     17 
    0    554     61     56     89     60      0      0      0      0   3201   1965     23      0 130325 130326      0      0      0      0    100     15 
    0    542     56     57     89     60      0      0      0      0   3201   1980     39      0 130325 130326      0      0      0      0     44     15 
    0    564     56     58     88     65      0      0      0      0   3201   1980     34      0 130325 130326      0      0      0      0     66     16 
    0    287     49     47      0      0      0      0      0      0   3201   1980      0      0 130325 130326      0      0      0      0      0      1 
