# gpu    pwr  gtemp  mtemp     sm    mem    enc    dec    jpg    ofa   mclk   pclk  pviol  tviol     fb   bar1   ccpm  sbecc  dbecc    pci  rxpci  txpci 
# Idx      W      C      C      %      %      %      %      %      %    MHz    MHz      %   bool     MB     MB     MB   errs   errs   errs   MB/s   MB/s 
    0    152     37     36      0      0      0      0      0      0   3201   1980      0      0 130319 130320      0      0      0      0      0      1 
    0    133     37     36      0      0      0      0      0      0   3201   1980      0      0 130319 130320      0      0      0      0      0      0 
    0    133     37     36      0      0      0      0      0      0   3201   1980      0      0 130319 130320      0      0      0      0      0      1 
    0    133     37     35      0      0      0      0      0      0   3201   1980      0      0 130319 130320      0      0      0      0      0      0 
    0    133     37     35      0      0      0      0      0      0   3201   1980      0      0 130319 130320      0      0      0      0      0      1 
    0    133     37     36      0      0      0      0      0      0   3201   1980      0      0 130319 130320      0      0      0      0      0      0 
    0    132     37     35      0      0      0      0      0      0   3201   1980      0      0 130319 130320      0      0      0      0      0      1 
    0    132     37     35      0      0      0      0      0      0   3201   1980      0      0 130319 130320      0      0      0      0      0      0 
    0    132     37     35      0      0      0      0      0      0   3201   1980      0      0 130319 130320      0      0      0      0      0      0 
    0    132     37     35      0      0      0      0      0      0   3201   1980      0      0 130319 130320      0      0      0      0      0      0 
    0    132     37     35      0      0      0      0      0      0   3201   1980      0      0 130319 130320      0      0      0      0      0      0 
    0    132     37     35      0      0      0      0      0      0   3201   1980      0      0 130319 130320      0      0      0      0      0      0 
    0    132     36     35      0      0      0      0      0      0   3201   1980      0      0 130319 130320      0      0      0      0      0      0 
    0    132     36     34      0      0      0      0      0      0   3201   1980      0      0 130325 130326      0      0      0      0      0     12 
    0    422     39     39      0      0      0      0      0      0   3201   1980      0      0 130325 130326      0      0      0      0      0      0 
    0    419     44     46     88     68      0      0      0      0   3201   1980      0      0 130325 130326      0      0      0      0      0      0 
    0    484     45     47     69     49      0      0      0      0   3201   1980      0      0 130325 130326      0      0      0      0     45     14 
    0    517     45     49     88     68      0      0      0      0   3201   1980     28      0 130325 130326      0      0      0      0     47     14 
    0    423     45     48     89     62      0      0      0      0   3201   1980      0      0 130325 130326      0      0      0      0     47     14 
    0    435     41     42      0      0      0      0      0      0   3201   1980      0      0 130325 130326      0      0      0      0      0      0 
    0    135     39     38      0      0      0      0      0      0   3201   1980      0      0 130325 130326      0      0      0      0      0      0 
    0    435     44     48     88     67      0      0      0      0   3201   1980      0      0 130325 130326      0      0      0      0      0      0 
    0    135     39     37      0      0      0      0      0      0   3201   1980      0      0 130325 130326      0      0      0      0      0      0 
    0    135     39     37      0      0      0      0      0      0   3201   1980      0      0 130325 130326      0      0      0      0      0      0 
    0    398     45     48     89     59      0      0      0      0   3201   1980      0      0 130325 130326      0      0      0      0     48     14 
    0    361     40     39      0      0      0      0      0      0   3201   1980      0      0 130325 130326      0      0      0      0      0      1 
    0    407     46     47     89     68      0      0      0      0   3201   1980      0      0 130325 130326      0      0      0      0     61     15 
    0    502     46     43     81     58      0      0      0      0   3201   1980      0      0 130325 130326      0      0      0      0     46     15 
    0    364     41     41      0      0      0      0      0      0   3201   1980      0      0 130325 130326      0      0      0      0      0      0 
    0    136     40     38      0      0      0      0      0      0   3201   1980      0      0 130325 130326      0      0      0      0      0      1 
    0    394     46     48     88     65      0      0      0      0   3201   1980     32      0 130325 130326      0      0      0      0     60     15 
    0    273     40     39      0      0      0      0      0      0   3201   1980      0      0 130325 130326      0      0      0      0      0      1 
    0    427     46     50     89     68      0      0      0      0   3201   1980      0      0 130325 130326      0      0      0      0      0      0 
    0    237     45     46     89     68      0      0      0      0   3201   1980      0      0 130325 130326      0      0      0      0     43     15 
    0    313     41     40      0      0      0      0      0      0   3201   1980      0      0 130325 130326      0      0      0      0      0      0 
    0    234     45     47     89     67      0      0      0      0   3201   1980      0      0 130325 130326      0      0      0      0     43     15 
    0    305     41     40      0      0      0      0      0      0   3201   1980      0      0 130325 130326      0      0      0      0      0      0 
    0    136     40     38      0      0      0      0      0      0   3201   1980      0      0 130325 130326      0      0      0      0      0      1 
    0    135     39     38      0      0      0      0      0      0   3201   1980      0      0 130325 130326      0      0      0      0      0      0 
    0    347     45     47     89     67      0      0      0      0   3201   1980      0      0 130325 130326      0      0      0      0     46     15 
    0    197     40     38      0      0      0      0      0      0   3201   1980      0      0 130325 130326      0      0      0      0     46     14 
    0    517     47     49     88     68      0      0      0      0   3201   1980      0      0 130325 130326      0      0      0      0     45     15 
    0    256     40     40      0      0      0      0      0      0   3201   1980      0      0 130325 130326      0      0      0      0     16     14 
    0    485     47     48     79     61      0      0      0      0   3201   1980      0      0 130325 130326      0      0      0      0      0      1 
# gpu    pwr  gtemp  mtemp     sm    mem    enc    dec    jpg    ofa   mclk   pclk  pviol  tviol     fb   bar1   ccpm  sbecc  dbecc    pci  rxpci  txpci 
# Idx      W      C      C      %      %      %      %      %      %    MHz    MHz      %   bool     MB     MB     MB   errs   errs   errs   MB/s   MB/s 
    0    479     47     50     88     65      0      0      0      0   3201   1980      0      0 130325 130326      0      0      0      0     46     11 
    0    160     41     40      0      0      0      0      0      0   3201   1980      0      0 130325 130326      0      0      0      0      0      1 
    0    136     40     38      0      0      0      0      0      0   3201   1980      0      0 130325 130326      0      0      0      0      0      0 
    0    482     47     48     89     68      0      0      0      0   3201   1980      0      0 130325 130326      0      0      0      0     43     15 
    0    517     47     49     89     65      0      0      0      0   3201   1980      0      0 130325 130326      0      0      0      0     47     14 
    0    295     41     41      0      0      0      0      0      0   3201   1980      0      0 130325 130326      0      0      0      0      0      3 
    0    524     48     50     89     68      0      0      0      0   3201   1980      0      0 130325 130326      0      0      0      0     42     14 
    0    500     48     50     89     66      0      0      0      0   3201   1980      0      0 130325 130326      0      0      0      0     53     15 
    0    459     48     50     89     68      0      0      0      0   3201   1980      0      0 130325 130326      0      0      0      0     43     14 
    0    456     48     50     87     67      0      0      0      0   3201   1980      0      0 130325 130326      0      0      0      0     43     16 
    0    442     48     51     89     67      0      0      0      0   3201   1980      0      0 130325 130326      0      0      0      0      0      0 
    0    139     42     40      0      0      0      0      0      0   3201   1980      0      0 130325 130326      0      0      0      0      0      0 
    0    136     41     39      0      0      0      0      0      0   3201   1980      0      0 130325 130326      0      0      0      0      8     14 
    0    434     44     43     25     19      0      0      0      0   3201   1980      0      0 130325 130326      0      0      0      0      0      0 
    0    452     48     50     89     65      0      0      0      0   3201   1980      0      0 130325 130326      0      0      0      0     46     14 
    0    491     48     52     35     27      0      0      0      0   3201   1980      0      0 130325 130326      0      0      0      0      0      1 
    0    426     48     51     89     65      0      0      0      0   3201   1980      0      0 130325 130326      0      0      0      0     52     13 
    0    408     48     51     89     68      0      0      0      0   3201   1980      0      0 130325 130326      0      0      0      0     45     15 
    0    397     48     51     88     64      0      0      0      0   3201   1980     25      0 130325 130326      0      0      0      0     60     14 
    0    522     49     52     89     65      0      0      0      0   3201   1980      0      0 130325 130326      0      0      0      0     45     15 
    0    502     49     52     89     67      0      0      0      0   3201   1980      0      0 130325 130326      0      0      0      0     59     14 
    0    450     44     43     35     26      0      0      0      0   3201   1980      0      0 130325 130326      0      0      0      0      0      1 
    0    138     42     41      0      0      0      0      0      0   3201   1980      0      0 130325 130326      0      0      0      0      0      0 
    0    137     41     40      0      0      0      0      0      0   3201   1980      0      0 130325 130326      0      0      0      0      0      1 
    0    136     41     39      0      0      0      0      0      0   3201   1980      0      0 130325 130326      0      0      0      0      0      0 
    0    402     48     49     89     61      0      0      0      0   3201   1980      0      0 130325 130326      0      0      0      0     65     16 
    0    423     47     48     89     68      0      0      0      0   3201   1980      0      0 130325 130326      0      0      0      0     43     14 
    0    521     48     52     89     66      0      0      0      0   3201   1965     28      0 130325 130326      0      0      0      0     47     15 
    0    521     49     52     89     66      0      0      0      0   3201   1980      1      0 130325 130326      0      0      0      0     62     11 
    0    429     49     52     89     65      0      0      0      0   3201   1980     30      0 130325 130326      0      0      0      0     53     16 
    0    470     45     44      0      0      0      0      0      0   3201   1980      0      0 130325 130326      0      0      0      0      0      0 
    0    211     47     48     89     60      0      0      0      0   3201   1980      0      0 130325 130326      0      0      0      0     48     15 
    0    376     43     42      0      0      0      0      0      0   3201   1980      0      0 130325 130326      0      0      0      0      0      0 
    0    269     48     50     90     61      0      0      0      0   3201   1980      0      0 130325 130326      0      0      0      0     49     15 
    0    320     42     41      0      0      0      0      0      0   3201   1980      0      0 130325 130326      0      0      0      0      0      0 
    0    137     41     40      0      0      0      0      0      0   3201   1980      0      0 130325 130326      0      0      0      0      0      1 
    0    137     41     39      0      0      0      0      0      0   3201   1980      0      0 130325 130326      0      0      0      0      0      0 
    0    370     47     51     89     68      0      0      0      0   3201   1980      0      0 130325 130326      0      0      0      0     51     15 
    0    410     43     42      0      0      0      0      0      0   3201   1980      0      0 130325 130326      0      0      0      0      0      0 
    0    137     41     40      0      0      0      0      0      0   3201   1980      0      0 130325 130326      0      0      0      0      0      1 
    0    136     40     39      0      0      0      0      0      0   3201   1980      0      0 130325 130326      0      0      0      0      0      0 
    0    271     46     49     89     68      0      0      0      0   3201   1980      0      0 130325 130326      0      0      0      0     45     15 
    0    460     47     51     89     68      0      0      0      0   3201   1980      0      0 130325 130326      0      0      0      0     45     14 
    0    307     46     47     89     60      0      0      0      0   3201   1980      0      0 130325 130326      0      0      0      0     47     15 
# gpu    pwr  gtemp  mtemp     sm    mem    enc    dec    jpg    ofa   mclk   pclk  pviol  tviol     fb   bar1   ccpm  sbecc  dbecc    pci  rxpci  txpci 
# Idx      W      C      C      %      %      %      %      %      %    MHz    MHz      %   bool     MB     MB     MB   errs   errs   errs   MB/s   MB/s 
    0    529     48     51     88     65      0      0      0      0   3201   1980     23      0 130325 130326      0      0      0      0     56     15 
    0    527     49     50     89     66      0      0      0      0   3201   1980      0      0 130325 130326      0      0      0      0     52     15 
    0    374     47     49     89     68      0      0      0      0   3201   1980      0      0 130325 130326      0      0      0      0     42     14 
    0    498     52     51     89     68      0      0      0      0   3201   1980      0      0 130325 130326      0      0      0      0     47     15 
    0    524     49     52     89     65      0      0      0      0   3201   1965     25      0 130325 130326      0      0      0      0     51     14 
    0    497     49     52     89     68      0      0      0      0   3201   1980      5      0 130325 130326      0      0      0      0     42     15 
    0    250     43     42      0      0      0      0      0      0   3201   1980      0      0 130325 130326      0      0      0      0      0      0 
    0    137     42     40      0      0      0      0      0      0   3201   1980      0      0 130325 130326      0      0      0      0      0      1 
    0    481     48     51     89     65      0      0      0      0   3201   1980      0      0 130325 130326      0      0      0      0     45     14 
    0    409     48     49     89     65      0      0      0      0   3201   1980      0      0 130325 130326      0      0      0      0     48     15 
    0    341     47     45     34     22      0      0      0      0   3201   1980      0      0 130325 130326      0      0      0      0     47     14 
    0    522     49     52     88     65      0      0      0      0   3201   1980     32      0 130325 130326      0      0      0      0     47     14 
    0    492     50     52     89     65      0      0      0      0   3201   1980      0      0 130325 130326      0      0      0      0     52     14 
    0    194     43     42      0      0      0      0      0      0   3201   1980      0      0 130325 130326      0      0      0      0      0     13 
    0    445     44     43      0      0      0      0      0      0   3201   1980      0      0 130325 130326      0      0      0      0      0      0 
    0    464     49     52     88     65      0      0      0      0   3201   1980      0      0 130325 130326      0      0      0      0     47     14 
    0    317     49     52     89     68      0      0      0      0   3201   1980      0      0 130325 130326      0      0      0      0     42     14 
    0    331     44     43      0      0      0      0      0      0   3201   1980      0      0 130325 130326      0      0      0      0      0      0 
    0    138     43     41      0      0      0      0      0      0   3201   1980      0      0 130325 130326      0      0      0      0      0      0 
    0    162     46     45     24     14      0      0      0      0   3201   1980      0      0 130325 130326      0      0      0      0     44     14 
    0    518     49     52     89     68      0      0      0      0   3201   1980      0      0 130325 130326      0      0      0      0     43     14 
    0    477     49     50      7      5      0      0      0      0   3201   1980      0      0 130325 130326      0      0      0      0     47     14 
    0    492     50     52     84     60      0      0      0      0   3201   1980      0      0 130325 130326      0      0      0      0     52     14 
    0    415     45     44      0      0      0      0      0      0   3201   1980      0      0 130325 130326      0      0      0      0      0      1 
    0    139     44     42      0      0      0      0      0      0   3201   1980      0      0 130325 130326      0      0      0      0      0      0 
    0    172     47     47      0      0      0      0      0      0   3201   1980      0      0 130325 130326      0      0      0      0     43     14 
    0    523     50     53     89     68      0      0      0      0   3201   1980      0      0 130325 130326      0      0      0      0     42     14 
    0    225     44     42      0      0      0      0      0      0   3201   1980      0      0 130325 130326      0      0      0      0      0      0 
    0    401     50     52     88     68      0      0      0      0   3201   1980      0      0 130325 130326      0      0      0      0      0      0 
    0    359     50     52     89     61      0      0      0      0   3201   1980      0      0 130325 130326      0      0      0      0     53     14 
    0    370     45     43      0      0      0      0      0      0   3201   1980      0      0 130325 130326      0      0      0      0      0      0 
    0    373     51     52     89     61      0      0      0      0   3201   1980      0      0 130325 130326      0      0      0      0     47     14 
    0    412     46     44      0      0      0      0      0      0   3201   1980      0      0 130325 130326      0      0      0      0      0      0 
    0    148     48     43      0      0      0      0      0      0   3201   1980      0      0 130325 130326      0      0      0      0     44     14 
    0    486     50     51      1      1      0      0      0      0   3201   1980      0      0 130325 130326      0      0      0      0     44     14 
    0    356     45     43      0      0      0      0      0      0   3201   1980      0      0 130325 130326      0      0      0      0      0      0 
    0    169     48     48     20     11      0      0      0      0   3201   1980      0      0 130325 130326      0      0      0      0     47     14 
    0    376     45     43      0      0      0      0      0      0   3201   1980      0      0 130325 130326      0      0      0      0     43     10 
    0    442     46     45     48     37      0      0      0      0   3201   1980      0      0 130325 130326      0      0      0      0      0      0 
    0    439     52     51     89     65      0      0      0      0   3201   1980      0      0 130325 130326      0      0      0      0     47     14 
    0    388     46     44      0      0      0      0      0      0   3201   1980      0      0 130325 130326      0      0      0      0      0      0 
    0    140     45     43      0      0      0      0      0      0   3201   1980      0      0 130325 130326      0      0      0      0      0      0 
    0    139     44     42      0      0      0      0      0      0   3201   1980      0      0 130325 130326      0      0      0      0     44     14 
    0    427     49     46      0      0      0      0      0      0   3201   1980      0      0 130325 130326      0      0      0      0     45     14 
# gpu    pwr  gtemp  mtemp     sm    mem    enc    dec    jpg    ofa   mclk   pclk  pviol  tviol     fb   bar1   ccpm  sbecc  dbecc    pci  rxpci  txpci 
# Idx      W      C      C      %      %      %      %      %      %    MHz    MHz      %   bool     MB     MB     MB   errs   errs   errs   MB/s   MB/s 
    0    528     51     54     89     68      0      0      0      0   3201   1980     31      0 130325 130326      0      0      0      0     43     14 
    0    473     52     52     89     60      0      0      0      0   3201   1980      0      0 130325 130326      0      0      0      0     53     15 
    0    418     51     52      2      1      0      0      0      0   3201   1980      0      0 130325 130326      0      0      0      0     45     14 
    0    489     49     48     40     31      0      0      0      0   3201   1980      0      0 130325 130326      0      0      0      0      0     13 
    0    497     53     55     89     65      0      0      0      0   3201   1980      0      0 130325 130326      0      0      0      0     48     14 
    0    510     53     54     89     69      0      0      0      0   3201   1980      0      0 130325 130326      0      0      0      0     42     14 
    0    478     52     54     34     22      0      0      0      0   3201   1980      0      0 130325 130326      0      0      0      0     46     14 
    0    496     53     57     89     68      0      0      0      0   3201   1980      0      0 130325 130326      0      0      0      0     44     14 
    0    418     53     55     89     68      0      0      0      0   3201   1980      0      0 130325 130326      0      0      0      0     43     14 
    0    418     53     56     89     68      0      0      0      0   3201   1980      0      0 130325 130326      0      0      0      0     43     14 
    0    524     54     56     89     68      0      0      0      0   3201   1980     29      0 130325 130326      0      0      0      0      0      0 
    0    142     47     44      0      0      0      0      0      0   3201   1980      0      0 130325 130326      0      0      0      0      0      0 
    0    374     53     52     89     59      0      0      0      0   3201   1980      0      0 130325 130326      0      0      0      0     47     14 
    0    523     53     54     89     68      0      0      0      0   3201   1980      0      0 130325 130326      0      0      0      0     43     14 
    0    206     47     44      0      0      0      0      0      0   3201   1980      0      0 130325 130326      0      0      0      0      0      0 
    0    332     52     54     89     68      0      0      0      0   3201   1980      0      0 130325 130326      0      0      0      0     47     14 
    0    259     46     44      0      0      0      0      0      0   3201   1980      0      0 130325 130326      0      0      0      0      0      0 
    0    441     49     47     89     67      0      0      0      0   3201   1980      0      0 130325 130326      0      0      0      0      0      0 
    0    410     53     54     89     65      0      0      0      0   3201   1980      0      0 130325 130326      0      0      0      0     47     14 
    0    199     46     44      0      0      0      0      0      0   3201   1980      0      0 130325 130326      0      0      0      0      0      0 
    0    189     50     51     68     48      0      0      0      0   3201   1980      0      0 130325 130326      0      0      0      0     44     14 
    0    359     47     44      0      0      0      0      0      0   3201   1980      0      0 130325 130326      0      0      0      0     47     14 
    0    444     48     46     62     47      0      0      0      0   3201   1980      0      0 130325 130326      0      0      0      0      0      0 
    0    141     46     43      0      0      0      0      0      0   3201   1980      0      0 130325 130326      0      0      0      0      0      0 
    0    140     45     43      0      0      0      0      0      0   3201   1980      0      0 130325 130326      0      0      0      0      0      0 
    0    140     45     43      0      0      0      0      0      0   3201   1980      0      0 130325 130326      0      0      0      0      0      0 
    0    140     45     42      0      0      0      0      0      0   3201   1980      0      0 130325 130326      0      0      0      0      0      1 
    0    139     44     42      0      0      0      0      0      0   3201   1980      0      0 130325 130326      0      0      0      0      0      0 
    0    288     50     50     89     65      0      0      0      0   3201   1965     28      0 130325 130326      0      0      0      0     52     15 
    0    330     45     43      0      0      0      0      0      0   3201   1980      0      0 130325 130326      0      0      0      0      0      0 
    0    242     51     50     89     68      0      0      0      0   3201   1980      0      0 130325 130326      0      0      0      0     49     14 
    0    466     52     52     89     62      0      0      0      0   3201   1980      0      0 130325 130326      0      0      0      0     48     14 
    0    422     47     45      0      0      0      0      0      0   3201   1980      0      0 130325 130326      0      0      0      0      0      0 
    0    242     51     51     89     68      0      0      0      0   3201   1980      0      0 130325 130326      0      0      0      0     42     14 
    0    343     46     44      0      0      0      0      0      0   3201   1980      0      0 130325 130326      0      0      0      0      0      0 
    0    420     52     52     89     68      0      0      0      0   3201   1980      0      0 130325 130326      0      0      0      0     42      2 
    0    503     53     52     89     65      0      0      0      0   3201   1965     31      0 130325 130326      0      0      0      0     52     14 
    0    375     51     51      0      0      0      0      0      0   3201   1980      0      0 130325 130326      0      0      0      0     42     14 
    0    527     53     55     89     68      0      0      0      0   3201   1980      0      0 130325 130326      0      0      0      0     44     14 
    0    339     52     53     89     67      0      0      0      0   3201   1980      0      0 130325 130326      0      0      0      0     45     14 
    0    322     47     44      0      0      0      0      0      0   3201   1980      0      0 130325 130326      0      0      0      0      0      0 
    0    288     52     52     89     68      0      0      0      0   3201   1980      0      0 130325 130326      0      0      0      0     43     14 
    0    294     46     44      0      0      0      0      0      0   3201   1980      0      0 130325 130326      0      0      0      0      0      0 
    0    141     46     43      0      0      0      0      0      0   3201   1980      0      0 130325 130326      0      0      0      0      0      0 
# gpu    pwr  gtemp  mtemp     sm    mem    enc    dec    jpg    ofa   mclk   pclk  pviol  tviol     fb   bar1   ccpm  sbecc  dbecc    pci  rxpci  txpci 
# Idx      W      C      C      %      %      %      %      %      %    MHz    MHz      %   bool     MB     MB     MB   errs   errs   errs   MB/s   MB/s 
    0    140     45     43      0      0      0      0      0      0   3201   1980      0      0 130325 130326      0      0      0      0      0      0 
    0    444     51     54     89     68      0      0      0      0   3201   1980      0      0 130325 130326      0      0      0      0      0      0 
    0    142     45     43      0      0      0      0      0      0   3201   1980      0      0 130325 130326      0      0      0      0      0      1 
    0    501     52     52     88     66      0      0      0      0   3201   1980     27      0 130325 130326      0      0      0      0     53     14 
    0    327     51     51     82     59      0      0      0      0   3201   1980      0      0 130325 130326      0      0      0      0     47     15 
    0    534     53     53     89     59      0      0      0      0   3201   1965     33      0 130325 130326      0      0      0      0     65     15 
    0    455     48     47     62     45      0      0      0      0   3201   1980     26      0 130325 130326      0      0      0      0      0      0 
    0    341     52     52     89     65      0      0      0      0   3201   1965     27      0 130325 130326      0      0      0      0     48     14 
    0    513     53     55     89     68      0      0      0      0   3201   1980      4      0 130325 130326      0      0      0      0      0      0 
    0    142     46     44      0      0      0      0      0      0   3201   1980      0      0 130325 130326      0      0      0      0      0      0 
    0    240     51     52     79     57      0      0      0      0   3201   1980      0      0 130325 130326      0      0      0      0     45     14 
    0    356     51     50     48     27      0      0      0      0   3201   1980      0      0 130325 130326      0      0      0      0     48     14 
    0    492     50     50     65     50      0      0      0      0   3201   1980      0      0 130325 130326      0      0      0      0     48     14 
    0    494     53     54     21     16      0      0      0      0   3201   1980      0      0 130325 130326      0      0      0      0     44     14 
    0    500     51     52     89     68      0      0      0      0   3201   1980      0      0 130325 130326      0      0      0      0      0      1 
    0    142     47     44      0      0      0      0      0      0   3201   1980      0      0 130325 130326      0      0      0      0      0      0 
    0    218     51     52     89     68      0      0      0      0   3201   1980      0      0 130325 130326      0      0      0      0     42     15 
    0    457     53     53     89     68      0      0      0      0   3201   1980      0      0 130325 130326      0      0      0      0     47     14 
    0    531     54     56     89     68      0      0      0      0   3201   1980      0      0 130325 130326      0      0      0      0     43     15 
    0    484     54     55     89     68      0      0      0      0   3201   1980      0      0 130325 130326      0      0      0      0      0      0 
    0    322     56     54     89     67      0      0      0      0   3201   1980      0      0 130325 130326      0      0      0      0     51     15 
    0    533     55     54     89     61      0      0      0      0   3201   1980      0      0 130325 130326      0      0      0      0     53     14 
    0    385     48     46      0      0      0      0      0      0   3201   1980      0      0 130325 130326      0      0      0      0      0      1 
    0    142     47     44      0      0      0      0      0      0   3201   1980      0      0 130325 130326      0      0      0      0      0      0 
    0    276     52     53     89     68      0      0      0      0   3201   1980      0      0 130325 130326      0      0      0      0     43     15 
    0    305     51     48      0      0      0      0      0      0   3201   1980      0      0 130325 130326      0      0      0      0     47     14 
    0    533     54     55     90     68      0      0      0      0   3201   1965     19      0 130325 130326      0      0      0      0     52     15 
    0    541     54     55     89     65      0      0      0      0   3201   1965     77      0 130325 130326      0      0      0      0     46     14 
