# gpu    pwr  gtemp  mtemp     sm    mem    enc    dec    jpg    ofa   mclk   pclk  pviol  tviol     fb   bar1   ccpm  sbecc  dbecc    pci  rxpci  txpci 
# Idx      W      C      C      %      %      %      %      %      %    MHz    MHz      %   bool     MB     MB     MB   errs   errs   errs   MB/s   MB/s 
    0    157     43     43      0      0      0      0      0      0   3201   1980      0      0 130319 130320      0      0      0      0      0      1 
    0    137     41     39      0      0      0      0      0      0   3201   1980      0      0 130319 130320      0      0      0      0      0      0 
    0    136     41     39      0      0      0      0      0      0   3201   1980      0      0 130319 130320      0      0      0      0      0      1 
    0    136     41     39      0      0      0      0      0      0   3201   1980      0      0 130319 130320      0      0      0      0      0      0 
    0    136     41     39      0      0      0      0      0      0   3201   1980      0      0 130319 130320      0      0      0      0      0      1 
    0    136     40     38      0      0      0      0      0      0   3201   1980      0      0 130319 130320      0      0      0      0      0      0 
    0    136     40     38      0      0      0      0      0      0   3201   1980      0      0 130319 130320      0      0      0      0      0      0 
    0    136     40     38      0      0      0      0      0      0   3201   1980      0      0 130319 130320      0      0      0      0      0      0 
    0    136     40     38      0      0      0      0      0      0   3201   1980      0      0 130319 130320      0      0      0      0      0      0 
    0    136     40     38      0      0      0      0      0      0   3201   1980      0      0 130319 130320      0      0      0      0      0      0 
    0    136     40     38      0      0      0      0      0      0   3201   1980      0      0 130319 130320      0      0      0      0      0      0 
    0    136     40     38      0      0      0      0      0      0   3201   1980      0      0 130319 130320      0      0      0      0      0      0 
    0    136     40     38      0      0      0      0      0      0   3201   1980      0      0 130319 130320      0      0      0      0     71      1 
    0    487     48     50     88     65      0      0      0      0   3201   1980     31      0 130325 130326      0      0      0      0     85     15 
    0    537     49     52     89     65      0      0      0      0   3201   1980      0      0 130325 130326      0      0      0      0     63     15 
    0    543     50     50     88     65      0      0      0      0   3201   1980     67      0 130325 130326      0      0      0      0     55     15 
    0    541     50     50     89     59      0      0      0      0   3201   1965     36      0 130325 130326      0      0      0      0     73     16 
    0    561     51     51     89     52      0      0      0      0   3201   1965     58      0 130325 130326      0      0      0      0     84     17 
    0    556     51     52     91     54      0      0      0      0   3201   1965     65      0 130325 130326      0      0      0      0     74     16 
    0    552     51     52     88     66      0      0      0      0   3201   1980     53      0 130325 130326      0      0      0      0     78     15 
    0    577     52     53     85     53      0      0      0      0   3201   1965     96      0 130325 130326      0      0      0      0    103     18 
    0    536     52     51     88     65      0      0      0      0   3201   1980     33      0 130325 130326      0      0      0      0     54     15 
    0    589     54     52     89     55      0      0      0      0   3201   1965     66      0 130325 130326      0      0      0      0    114     19 
    0    569     54     52     89     54      0      0      0      0   3201   1950     78      0 130325 130326      0      0      0      0     76     14 
    0    558     54     54     89     53      0      0      0      0   3201   1965     63      0 130325 130326      0      0      0      0     71     15 
    0    548     53     52     89     64      0      0      0      0   3201   1980     48      0 130325 130326      0      0      0      0     64     15 
    0    542     54     52     89     60      0      0      0      0   3201   1980     28      0 130325 130326      0      0      0      0     77     15 
    0    547     54     52     90     53      0      0      0      0   3201   1965     33      0 130325 130326      0      0      0      0     71     17 
    0    574     54     55     87     60      0      0      0      0   3201   1980     63      0 130325 130326      0      0      0      0     96     17 
    0    555     54     53     89     58      0      0      0      0   3201   1980     38      0 130325 130326      0      0      0      0     65     16 
    0    537     54     54     88     65      0      0      0      0   3201   1980     33      0 130325 130326      0      0      0      0     49     14 
    0    529     54     53     89     58      0      0      0      0   3201   1965     26      0 130325 130326      0      0      0      0     76     17 
    0    561     54     55     88     60      0      0      0      0   3201   1980     50      0 130325 130326      0      0      0      0     71     15 
    0    548     58     54     91     52      0      0      0      0   3201   1965     64      0 130325 130326      0      0      0      0     59     17 
    0    574     56     55     87     62      0      0      0      0   3201   1965     93      0 130325 130326      0      0      0      0     88     18 
    0    563     57     55     89     59      0      0      0      0   3201   1980     23      0 130325 130326      0      0      0      0     77     16 
    0    563     55     57     88     58      0      0      0      0   3201   1965     65      0 130325 130326      0      0      0      0     75     16 
    0    377     49     47      0      0      0      0      0      0   3201   1980      0      0 130325 130326      0      0      0      0      0      0 
