# gpu    pwr  gtemp  mtemp     sm    mem    enc    dec    jpg    ofa   mclk   pclk  pviol  tviol     fb   bar1   ccpm  sbecc  dbecc    pci  rxpci  txpci 
# Idx      W      C      C      %      %      %      %      %      %    MHz    MHz      %   bool     MB     MB     MB   errs   errs   errs   MB/s   MB/s 
    0    161     40     42      0      0      0      0      0      0   3201   1980      0      0 130319 130320      0      0      0      0      0      0 
    0    151     37     35      0      0      0      0      0      0   3201   1980      0      0 130319 130320      0      0      0      0      0      0 
    0    133     37     35      0      0      0      0      0      0   3201   1980      0      0 130319 130320      0      0      0      0      0      0 
    0    133     37     35      0      0      0      0      0      0   3201   1980      0      0 130319 130320      0      0      0      0      0      0 
    0    133     37     35      0      0      0      0      0      0   3201   1980      0      0 130319 130320      0      0      0      0      0      0 
    0    133     37     35      0      0      0      0      0      0   3201   1980      0      0 130319 130320      0      0      0      0      0      0 
    0    133     36     35      0      0      0      0      0      0   3201   1980      0      0 130319 130320      0      0      0      0      0      0 
    0    133     36     35      0      0      0      0      0      0   3201   1980      0      0 130319 130320      0      0      0      0      0      0 
    0    133     36     35      0      0      0      0      0      0   3201   1980      0      0 130319 130320      0      0      0      0      0      0 
    0    133     36     35      0      0      0      0      0      0   3201   1980      0      0 130319 130320      0      0      0      0      0      0 
    0    132     36     35      0      0      0      0      0      0   3201   1980      0      0 130319 130320      0      0      0      0      0      0 
    0    132     36     34      0      0      0      0      0      0   3201   1980      0      0 130319 130320      0      0      0      0      0      0 
    0    132     36     34      0      0      0      0      0      0   3201   1980      0      0 130319 130320      0      0      0      0      0      0 
    0    265     41     44     89     68      0      0      0      0   3201   1980     32      0 130325 130326      0      0      0      0     45     14 
    0    518     44     45     89     66      0      0      0      0   3201   1980     34      0 130325 130326      0      0      0      0     53     15 
    0    531     45     48     89     66      0      0      0      0   3201   1980     32      0 130325 130326      0      0      0      0     65     16 
    0    513     45     47     89     65      0      0      0      0   3201   1980     32      0 130325 130326      0      0      0      0     42     14 
    0    521     45     50     89     68      0      0      0      0   3201   1980     33      0 130325 130326      0      0      0      0     44     15 
    0    337     51     46     89     68      0      0      0      0   3201   1980      2      0 130325 130326      0      0      0      0     54     14 
    0    514     46     49     88     65      0      0      0      0   3201   1965     59      0 130325 130326      0      0      0      0     51     15 
    0    527     46     50     89     65      0      0      0      0   3201   1980     35      0 130325 130326      0      0      0      0     53     14 
    0    503     48     48     64     33      0      0      0      0   3201   1965     29      0 130325 130326      0      0      0      0     58     15 
    0    514     47     48     88     65      0      0      0      0   3201   1980     18      0 130325 130326      0      0      0      0     42     14 
    0    521     47     50     89     66      0      0      0      0   3201   1980      0      0 130325 130326      0      0      0      0     48     14 
    0    526     47     50     89     68      0      0      0      0   3201   1980     31      0 130325 130326      0      0      0      0     44     14 
    0    360     41     41      0      0      0      0      0      0   3201   1980      0      0 130325 130326      0      0      0      0      0      1 
    0    432     47     49     89     68      0      0      0      0   3201   1980      0      0 130325 130326      0      0      0      0     59     15 
    0    525     48     51     89     65      0      0      0      0   3201   1980     29      0 130325 130326      0      0      0      0     48     15 
    0    541     48     52     89     65      0      0      0      0   3201   1965     78      0 130325 130326      0      0      0      0     65     15 
    0    479     45     45     89     65      0      0      0      0   3201   1980      4      0 130325 130326      0      0      0      0      0      1 
    0    517     49     49     90     57      0      0      0      0   3201   1965     57      0 130325 130326      0      0      0      0     57     15 
    0    527     50     50     90     58      0      0      0      0   3201   1980     35      0 130325 130326      0      0      0      0     53     16 
    0    535     49     52     89     57      0      0      0      0   3201   1980     37      0 130325 130326      0      0      0      0     61     15 
    0    529     49     51     89     66      0      0      0      0   3201   1965     64      0 130325 130326      0      0      0      0     47     15 
    0    449     44     44      0      0      0      0      0      0   3201   1980      0      0 130325 130326      0      0      0      0      0      3 
    0    506     50     52     90     57      0      0      0      0   3201   1965     17      0 130325 130326      0      0      0      0     67     16 
    0    538     49     51     89     65      0      0      0      0   3201   1965     75      0 130325 130326      0      0      0      0     59     14 
    0    533     56     51     89     64      0      0      0      0   3201   1950     62      0 130325 130326      0      0      0      0     59     16 
    0    536     50     50     88     64      0      0      0      0   3201   1980     63      0 130325 130326      0      0      0      0     70     15 
    0    520     49     52     89     65      0      0      0      0   3201   1980     34      0 130325 130326      0      0      0      0     43     15 
    0    214     43     42      0      0      0      0      0      0   3201   1980      0      0 130325 130326      0      0      0      0      0      0 
    0    456     49     51     88     65      0      0      0      0   3201   1980     60      0 130325 130326      0      0      0      0     63     16 
    0    553     50     52     89     64      0      0      0      0   3201   1965     67      0 130325 130326      0      0      0      0     68     16 
    0    539     50     51     88     65      0      0      0      0   3201   1965     74      0 130325 130326      0      0      0      0     57     16 
# gpu    pwr  gtemp  mtemp     sm    mem    enc    dec    jpg    ofa   mclk   pclk  pviol  tviol     fb   bar1   ccpm  sbecc  dbecc    pci  rxpci  txpci 
# Idx      W      C      C      %      %      %      %      %      %    MHz    MHz      %   bool     MB     MB     MB   errs   errs   errs   MB/s   MB/s 
    0    529     50     51     89     65      0      0      0      0   3201   1980     35      0 130325 130326      0      0      0      0     46     14 
    0    530     50     53     89     66      0      0      0      0   3201   1980     29      0 130325 130326      0      0      0      0     48     15 
    0    356     44     43      0      0      0      0      0      0   3201   1980      0      0 130325 130326      0      0      0      0      0      0 
    0    431     49     52     88     65      0      0      0      0   3201   1980     60      0 130325 130326      0      0      0      0     47     15 
    0    398     44     43      0      0      0      0      0      0   3201   1980      0      0 130325 130326      0      0      0      0      0      0 
    0    389     49     50     89     68      0      0      0      0   3201   1965     21      0 130325 130326      0      0      0      0     48     15 
    0    549     52     51     90     52      0      0      0      0   3201   1950     67      0 130325 130326      0      0      0      0     73     16 
    0    544     51     51     88     65      0      0      0      0   3201   1980     81      0 130325 130326      0      0      0      0     83     16 
    0    545     53     50     89     66      0      0      0      0   3201   1950     94      0 130325 130326      0      0      0      0     63     17 
    0    524     50     52     89     65      0      0      0      0   3201   1980     53      0 130325 130326      0      0      0      0     54     14 
    0    488     50     51     89     65      0      0      0      0   3201   1965     19      0 130325 130326      0      0      0      0     53     15 
    0    533     51     53     88     65      0      0      0      0   3201   1980     48      0 130325 130326      0      0      0      0     58     14 
    0    547     51     53     89     60      0      0      0      0   3201   1965     92      0 130325 130326      0      0      0      0     64     16 
    0    526     51     50     88     65      0      0      0      0   3201   1980     43      0 130325 130326      0      0      0      0     47     14 
    0    534     52     53     89     59      0      0      0      0   3201   1965     65      0 130325 130326      0      0      0      0     53     16 
    0    520     51     53     89     68      0      0      0      0   3201   1980     19      0 130325 130326      0      0      0      0      0      0 
    0    358     50     52     89     65      0      0      0      0   3201   1980     32      0 130325 130326      0      0      0      0     68     14 
    0    534     51     52     89     57      0      0      0      0   3201   1980     72      0 130325 130326      0      0      0      0     66     15 
    0    520     51     52     89     65      0      0      0      0   3201   1980     29      0 130325 130326      0      0      0      0     49     14 
    0    409     50     52     90     59      0      0      0      0   3201   1965     56      0 130325 130326      0      0      0      0     52     14 
    0    516     51     53     88     65      0      0      0      0   3201   1965     34      0 130325 130326      0      0      0      0     46     14 
    0    532     51     52     88     65      0      0      0      0   3201   1980     50      0 130325 130326      0      0      0      0     51     14 
    0    527     51     53     89     65      0      0      0      0   3201   1980     58      0 130325 130326      0      0      0      0     48     14 
    0    527     51     54     89     68      0      0      0      0   3201   1980      0      0 130325 130326      0      0      0      0     48     14 
    0    524     51     54     89     68      0      0      0      0   3201   1980      5      0 130325 130326      0      0      0      0     47     14 
    0    534     51     52     89     65      0      0      0      0   3201   1980     28      0 130325 130326      0      0      0      0     50     14 
    0    530     51     52     88     65      0      0      0      0   3201   1980     34      0 130325 130326      0      0      0      0     49     14 
    0    413     46     45      0      0      0      0      0      0   3201   1980      0      0 130325 130326      0      0      0      0     43     14 
    0    533     51     53     90     57      0      0      0      0   3201   1965     52      0 130325 130326      0      0      0      0     53     14 
    0    531     52     53     88     65      0      0      0      0   3201   1980     54      0 130325 130326      0      0      0      0     57     15 
    0    557     54     53     91     48      0      0      0      0   3201   1965     82      0 130325 130326      0      0      0      0     63     15 
    0    544     52     52     88     64      0      0      0      0   3201   1980     80      0 130325 130326      0      0      0      0     63     15 
    0    532     52     54     89     65      0      0      0      0   3201   1980     23      0 130325 130326      0      0      0      0     53     15 
    0    526     52     54     88     65      0      0      0      0   3201   1980     34      0 130325 130326      0      0      0      0     47     14 
    0    527     56     53     89     68      0      0      0      0   3201   1920     31      0 130325 130326      0      0      0      0     49     14 
    0    520     52     53     89     66      0      0      0      0   3201   1980     54      0 130325 130326      0      0      0      0     48     14 
    0    529     52     55     89     68      0      0      0      0   3201   1980     28      0 130325 130326      0      0      0      0     44     33 
    0    540     52     54     91     52      0      0      0      0   3201   1965     63      0 130325 130326      0      0      0      0     60     14 
    0    503     54     49     62     46      0      0      0      0   3201   1980      0      0 130325 130326      0      0      0      0     47     14 
    0    529     52     54     89     65      0      0      0      0   3201   1980     27      0 130325 130326      0      0      0      0     48     14 
    0    402     46     45      0      0      0      0      0      0   3201   1980      0      0 130325 130326      0      0      0      0      0      0 
    0    140     44     43      0      0      0      0      0      0   3201   1980      0      0 130325 130326      0      0      0      0      0      0 
    0    221     49     48     91     56      0      0      0      0   3201   1965     21      0 130325 130326      0      0      0      0     48     14 
    0    519     55     50     89     65      0      0      0      0   3201   1950     31      0 130325 130326      0      0      0      0     54     14 
# gpu    pwr  gtemp  mtemp     sm    mem    enc    dec    jpg    ofa   mclk   pclk  pviol  tviol     fb   bar1   ccpm  sbecc  dbecc    pci  rxpci  txpci 
# Idx      W      C      C      %      %      %      %      %      %    MHz    MHz      %   bool     MB     MB     MB   errs   errs   errs   MB/s   MB/s 
    0    527     51     53     88     65      0      0      0      0   3201   1980     62      0 130325 130326      0      0      0      0     57     15 
    0    526     51     54     89     68      0      0      0      0   3201   1980      0      0 130325 130326      0      0      0      0     43     14 
    0    547     53     53     90     49      0      0      0      0   3201   1965     16      0 130325 130326      0      0      0      0     65     15 
    0    534     52     52     88     63      0      0      0      0   3201   1965     46      0 130325 130326      0      0      0      0     58     15 
    0    520     51     52     89     65      0      0      0      0   3201   1980     43      0 130325 130326      0      0      0      0     42     13 
    0    528     52     53     88     67      0      0      0      0   3201   1980     34      0 130325 130326      0      0      0      0     47     14 
    0    313     45     44      0      0      0      0      0      0   3201   1980      0      0 130325 130326      0      0      0      0      0      0 
    0    474     51     53     89     68      0      0      0      0   3201   1980      0      0 130325 130326      0      0      0      0     43     14 
    0    544     58     52     88     65      0      0      0      0   3201   1950     62      0 130325 130326      0      0      0      0     63     15 
    0    553     52     53     88     64      0      0      0      0   3201   1980     83      0 130325 130326      0      0      0      0     68     15 
    0    542     52     54     88     65      0      0      0      0   3201   1980     53      0 130325 130326      0      0      0      0     54     14 
    0    488     54     49     12      9      0      0      0      0   3201   1980      0      0 130325 130326      0      0      0      0     43     14 
    0    540     52     54     89     66      0      0      0      0   3201   1980     42      0 130325 130326      0      0      0      0     74     15 
    0    542     52     54     88     63      0      0      0      0   3201   1965     46      0 130325 130326      0      0      0      0     53     14 
    0    470     51     50     13      6      0      0      0      0   3201   1965     11      0 130325 130326      0      0      0      0     45     14 
    0    533     52     53     88     65      0      0      0      0   3201   1980     52      0 130325 130326      0      0      0      0     55     14 
    0    536     52     54     89     59      0      0      0      0   3201   1965     52      0 130325 130326      0      0      0      0     53     15 
    0    550     52     54     88     65      0      0      0      0   3201   1980     77      0 130325 130326      0      0      0      0     61     15 
    0    442     51     52     74     50      0      0      0      0   3201   1980      0      0 130325 130326      0      0      0      0     47     14 
    0    537     52     53     90     57      0      0      0      0   3201   1965     21      0 130325 130326      0      0      0      0     53     14 
    0    538     52     53     88     64      0      0      0      0   3201   1980     72      0 130325 130326      0      0      0      0     63     15 
    0    377     46     45      0      0      0      0      0      0   3201   1980      0      0 130325 130326      0      0      0      0      0      0 
