# gpu    pwr  gtemp  mtemp     sm    mem    enc    dec    jpg    ofa   mclk   pclk  pviol  tviol     fb   bar1   ccpm  sbecc  dbecc    pci  rxpci  txpci 
# Idx      W      C      C      %      %      %      %      %      %    MHz    MHz      %   bool     MB     MB     MB   errs   errs   errs   MB/s   MB/s 
    0    139     41     36      0      0      0      0      0      0   3201   1980      0      0 130683 130684      0      0      0      0      0      0 
    0    136     38     36      0      0      0      0      0      0   3201   1980      0      0 130683 130684      0      0      0      0      0      0 
    0    131     38     35      0      0      0      0      0      0   3201   1980      0      0 130683 130684      0      0      0      0      0      0 
    0    131     38     35      0      0      0      0      0      0   3201   1980      0      0 130683 130684      0      0      0      0      0      0 
    0    131     38     35      0      0      0      0      0      0   3201   1980      0      0 130683 130684      0      0      0      0      0      0 
    0    131     38     35      0      0      0      0      0      0   3201   1980      0      0 130683 130684      0      0      0      0      0      0 
    0    131     38     35      0      0      0      0      0      0   3201   1980      0      0 130683 130684      0      0      0      0      0      0 
    0    131     38     35      0      0      0      0      0      0   3201   1980      0      0 130683 130684      0      0      0      0      0      0 
    0    131     38     35      0      0      0      0      0      0   3201   1980      0      0 130683 130684      0      0      0      0      0      0 
    0    130     38     35      0      0      0      0      0      0   3201   1980      0      0 130683 130684      0      0      0      0      0      0 
    0    130     38     35      0      0      0      0      0      0   3201   1980      0      0 130683 130684      0      0      0      0      0      0 
    0    130     38     35      0      0      0      0      0      0   3201   1980      0      0 130683 130684      0      0      0      0      2      0 
    0    130     38     35      0      0      0      0      0      0   3201   1980      0      0 130683 130684      0      0      0      0      0      0 
    0    138     39     36      0      0      0      0      0      0   3201   1980      0      0 130685 130686      0      0      0      0     48     11 
    0    206     38     35      0      0      0      0      0      0   3201   1980      0      0 130685 130686      0      0      0      0      0      0 
    0    230     38     36      0      0      0      0      0      0   3201   1980      0      0 130685 130686      0      0      0      0     48     11 
    0    277     43     39    100     18      0      0      0      0   3201   1980      0      0 130685 130686      0      0      0      0     44     10 
    0    282     39     37      0      0      0      0      0      0   3201   1980      0      0 130685 130686      0      0      0      0      0      1 
    0    274     43     39    100     18      0      0      0      0   3201   1980      0      0 130685 130686      0      0      0      0     42     10 
    0    198     39     36      0      0      0      0      0      0   3201   1980      0      0 130685 130686      0      0      0      0      0      1 
    0    136     41     36      0      0      0      0      0      0   3201   1980      0      0 130685 130686      0      0      0      0     42     11 
    0    233     39     36      0      0      0      0      0      0   3201   1980      0      0 130685 130686      0      0      0      0      0      1 
    0    131     38     35      0      0      0      0      0      0   3201   1980      0      0 130685 130686      0      0      0      0      0      0 
    0    131     38     35      0      0      0      0      0      0   3201   1980      0      0 130685 130686      0      0      0      0      0      1 
    0    305     43     39    100     18      0      0      0      0   3201   1980      0      0 130685 130686      0      0      0      0     48     10 
    0    162     38     36      0      0      0      0      0      0   3201   1980      0      0 130685 130686      0      0      0      0      0      0 
    0    254     42     38     70     14      0      0      0      0   3201   1980      0      0 130685 130686      0      0      0      0     42     10 
    0    267     43     39     99     18      0      0      0      0   3201   1980      0      0 130685 130686      0      0      0      0     42     10 
    0    164     39     36      0      0      0      0      0      0   3201   1980      0      0 130685 130686      0      0      0      0      0      0 
    0    131     38     36      0      0      0      0      0      0   3201   1980      0      0 130685 130686      0      0      0      0      0      0 
    0    393     47     42    100     34      0      0      0      0   3201   1980      0      0 130687 130688      0      0      0      0     50     10 
    0    274     39     37      0      0      0      0      0      0   3201   1980      0      0 130687 130688      0      0      0      0      0      0 
    0    231     39     37      0      0      0      0      0      0   3201   1980      0      0 130687 130688      0      0      0      0      4      0 
    0    212     43     39    100     18      0      0      0      0   3201   1980      0      0 130687 130688      0      0      0      0     47     12 
    0    157     39     36      0      0      0      0      0      0   3201   1980      0      0 130687 130688      0      0      0      0      0      0 
    0    216     43     39     99     18      0      0      0      0   3201   1980      0      0 130687 130688      0      0      0      0     12      0 
    0    147     39     36      0      0      0      0      0      0   3201   1980      0      0 130687 130688      0      0      0      0      0      0 
    0    131     38     36      0      0      0      0      0      0   3201   1980      0      0 130687 130688      0      0      0      0      0      0 
    0    131     38     35      0      0      0      0      0      0   3201   1980      0      0 130687 130688      0      0      0      0      0      0 
    0    228     39     36      0      0      0      0      0      0   3201   1980      0      0 130687 130688      0      0      0      0      0      0 
    0    150     41     36     44     10      0      0      0      0   3201   1980      0      0 130687 130688      0      0      0      0     48     10 
    0    298     41     38    100     18      0      0      0      0   3201   1980      0      0 130687 130688      0      0      0      0      0      0 
    0    133     41     36      0      0      0      0      0      0   3201   1980      0      0 130687 130688      0      0      0      0     43     14 
    0    419     41     39     18      3      0      0      0      0   3201   1980      0      0 130687 130688      0      0      0      0     33     10 
# gpu    pwr  gtemp  mtemp     sm    mem    enc    dec    jpg    ofa   mclk   pclk  pviol  tviol     fb   bar1   ccpm  sbecc  dbecc    pci  rxpci  txpci 
# Idx      W      C      C      %      %      %      %      %      %    MHz    MHz      %   bool     MB     MB     MB   errs   errs   errs   MB/s   MB/s 
    0    416     45     42    100     22      0      0      0      0   3201   1980      0      0 130687 130688      0      0      0      0      0      0 
    0    132     39     37      0      0      0      0      0      0   3201   1980      0      0 130687 130688      0      0      0      0      0      0 
    0    131     39     36      0      0      0      0      0      0   3201   1980      0      0 130687 130688      0      0      0      0     49     10 
    0    290     44     40    100     18      0      0      0      0   3201   1980      0      0 130687 130688      0      0      0      0     42     11 
    0    377     45     42    100     25      0      0      0      0   3201   1980      0      0 130687 130688      0      0      0      0     48     11 
    0    169     42     37      0      0      0      0      0      0   3201   1980      0      0 130687 130688      0      0      0      0     48     10 
    0    314     44     40     99     18      0      0      0      0   3201   1980      0      0 130687 130688      0      0      0      0      0      1 
    0    357     47     43    100     34      0      0      0      0   3201   1980      0      0 130687 130688      0      0      0      0     43     12 
    0    357     41     39      0      0      0      0      0      0   3201   1980      0      0 130687 130688      0      0      0      0      0      1 
    0    230     40     38      0      0      0      0      0      0   3201   1980      0      0 130687 130688      0      0      0      0      0      0 
    0    232     40     38      0      0      0      0      0      0   3201   1980      0      0 130687 130688      0      0      0      0      0      1 
    0    132     39     37      0      0      0      0      0      0   3201   1980      0      0 130687 130688      0      0      0      0      0      0 
    0    132     42     36      0      0      0      0      0      0   3201   1980      0      0 130687 130688      0      0      0      0     45     11 
    0    208     39     36      0      0      0      0      0      0   3201   1980      0      0 130687 130688      0      0      0      0      0      8 
    0    339     44     40    100     18      0      0      0      0   3201   1980      0      0 130687 130688      0      0      0      0     16     12 
    0    230     40     37      0      0      0      0      0      0   3201   1980      0      0 130687 130688      0      0      0      0      0      0 
    0    405     48     43    100     34      0      0      0      0   3201   1980      0      0 130687 130688      0      0      0      0     35     11 
    0    260     41     39      0      0      0      0      0      0   3201   1980      0      0 130687 130688      0      0      0      0      0      0 
    0    304     47     42     90     30      0      0      0      0   3201   1980      0      0 130687 130688      0      0      0      0     45     12 
    0    480     48     43    100     34      0      0      0      0   3201   1980      0      0 130687 130688      0      0      0      0     35     11 
    0    322     45     41      0      0      0      0      0      0   3201   1980      0      0 130687 130688      0      0      0      0     42     12 
    0    207     40     38      0      0      0      0      0      0   3201   1980      0      0 130687 130688      0      0      0      0      0      0 
    0    132     40     37      0      0      0      0      0      0   3201   1980      0      0 130687 130688      0      0      0      0      0      0 
    0    132     39     37      0      0      0      0      0      0   3201   1980      0      0 130687 130688      0      0      0      0      0      0 
    0    131     39     36      0      0      0      0      0      0   3201   1980      0      0 130687 130688      0      0      0      0      0      0 
    0    364     47     42    100     34      0      0      0      0   3201   1980      0      0 130687 130688      0      0      0      0     39     11 
    0    392     45     41     69     14      0      0      0      0   3201   1980      0      0 130687 130688      0      0      0      0     48     14 
    0    404     46     42    100     31      0      0      0      0   3201   1980      0      0 130687 130688      0      0      0      0     42     12 
    0    479     49     43    100     34      0      0      0      0   3201   1980      0      0 130687 130688      0      0      0      0     35     12 
    0    409     49     43    100     34      0      0      0      0   3201   1980      0      0 130687 130688      0      0      0      0     38     18 
    0    383     42     42     41      8      0      0      0      0   3201   1980      0      0 130687 130688      0      0      0      0      0      0 
    0    200     46     41     85     17      0      0      0      0   3201   1980      0      0 130687 130688      0      0      0      0     35     11 
    0    354     42     40      0      0      0      0      0      0   3201   1980      0      0 130687 130688      0      0      0      0      0      1 
    0    284     48     43    100     34      0      0      0      0   3201   1980      0      0 130687 130688      0      0      0      0     40     11 
    0    306     41     39      0      0      0      0      0      0   3201   1980      0      0 130687 130688      0      0      0      0      0      1 
    0    132     40     38      0      0      0      0      0      0   3201   1980      0      0 130687 130688      0      0      0      0      0      0 
    0    132     40     37      0      0      0      0      0      0   3201   1980      0      0 130687 130688      0      0      0      0      0      1 
    0    269     44     40      0      0      0      0      0      0   3201   1980      0      0 130687 130688      0      0      0      0     42     10 
    0    207     40     38      0      0      0      0      0      0   3201   1980      0      0 130687 130688      0      0      0      0      0      1 
    0    132     39     37      0      0      0      0      0      0   3201   1980      0      0 130687 130688      0      0      0      0      0      0 
    0    131     39     36      0      0      0      0      0      0   3201   1980      0      0 130687 130688      0      0      0      0      0      0 
    0    236     42     40     99     18      0      0      0      0   3201   1980      0      0 130687 130688      0      0      0      0      0      0 
    0    235     41     39    100     18      0      0      0      0   3201   1980      0      0 130687 130688      0      0      0      0      0      0 
    0    194     45     40     51     12      0      0      0      0   3201   1980      0      0 130687 130688      0      0      0      0     42     11 
# gpu    pwr  gtemp  mtemp     sm    mem    enc    dec    jpg    ofa   mclk   pclk  pviol  tviol     fb   bar1   ccpm  sbecc  dbecc    pci  rxpci  txpci 
# Idx      W      C      C      %      %      %      %      %      %    MHz    MHz      %   bool     MB     MB     MB   errs   errs   errs   MB/s   MB/s 
    0    478     48     43    100     34      0      0      0      0   3201   1980      0      0 130687 130688      0      0      0      0     50     17 
    0    479     48     43    100     34      0      0      0      0   3201   1980      0      0 130687 130688      0      0      0      0     38     11 
    0    379     45     42     67     14      0      0      0      0   3201   1980      0      0 130687 130688      0      0      0      0     42     11 
    0    273     45     41    100     18      0      0      0      0   3201   1980      0      0 130687 130688      0      0      0      0     40     12 
    0    392     48     43    100     34      0      0      0      0   3201   1980      0      0 130687 130688      0      0      0      0     42     12 
    0    420     46     43    100     18      0      0      0      0   3201   1980      0      0 130687 130688      0      0      0      0      0      0 
    0    135     40     38      0      0      0      0      0      0   3201   1980      0      0 130687 130688      0      0      0      0      0      0 
    0    132     40     37      0      0      0      0      0      0   3201   1980      0      0 130687 130688      0      0      0      0      0      0 
    0    352     45     41    100     18      0      0      0      0   3201   1980      0      0 130687 130688      0      0      0      0      0      0 
    0    269     47     42    100     34      0      0      0      0   3201   1980      0      0 130687 130688      0      0      0      0     35     11 
    0    306     44     39      0      0      0      0      0      0   3201   1980      0      0 130687 130688      0      0      0      0     45     10 
    0    443     48     43    100     34      0      0      0      0   3201   1980      0      0 130687 130688      0      0      0      0     42     11 
    0    464     49     44    100     34      0      0      0      0   3201   1980      0      0 130687 130688      0      0      0      0     42     12 
    0    232     41     39      0      0      0      0      0      0   3201   1980      0      0 130687 130688      0      0      0      0     37     11 
    0    465     45     44    100     34      0      0      0      0   3201   1980      0      0 130687 130688      0      0      0      0      0      0 
    0    368     46     43    100     20      0      0      0      0   3201   1980      0      0 130687 130688      0      0      0      0      0      0 
    0    205     45     41     99     18      0      0      0      0   3201   1980      0      0 130687 130688      0      0      0      0     42     11 
    0    168     40     38      0      0      0      0      0      0   3201   1980      0      0 130687 130688      0      0      0      0      0      0 
    0    132     40     37      0      0      0      0      0      0   3201   1980      0      0 130687 130688      0      0      0      0      0      0 
    0    153     43     38      0      0      0      0      0      0   3201   1980      0      0 130687 130688      0      0      0      0     48     10 
    0    358     44     40      0      0      0      0      0      0   3201   1980      0      0 130687 130688      0      0      0      0     42     11 
    0    255     44     38     83     16      0      0      0      0   3201   1980      0      0 130687 130688      0      0      0      0     42     10 
    0    278     46     41    100     18      0      0      0      0   3201   1980      0      0 130687 130688      0      0      0      0     40     12 
    0    311     41     39      0      0      0      0      0      0   3201   1980      0      0 130687 130688      0      0      0      0      0      0 
    0    132     40     37      0      0      0      0      0      0   3201   1980      0      0 130687 130688      0      0      0      0      0      0 
    0    163     43     39     63     13      0      0      0      0   3201   1980      0      0 130687 130688      0      0      0      0     42     11 
    0    289     41     40    100     18      0      0      0      0   3201   1980      0      0 130687 130688      0      0      0      0      0      0 
    0    132     39     37      0      0      0      0      0      0   3201   1980      0      0 130687 130688      0      0      0      0      0      1 
    0    233     40     37      0      0      0      0      0      0   3201   1980      0      0 130687 130688      0      0      0      0      0      0 
    0    293     46     41    100     34      0      0      0      0   3201   1980      0      0 130687 130688      0      0      0      0     48     11 
    0    191     39     37      0      0      0      0      0      0   3201   1980      0      0 130687 130688      0      0      0      0      0      0 
    0    262     44     40     99     18      0      0      0      0   3201   1980      0      0 130687 130688      0      0      0      0     48     11 
    0    184     39     37      0      0      0      0      0      0   3201   1980      0      0 130687 130688      0      0      0      0      0      0 
    0    150     41     37      2      1      0      0      0      0   3201   1980      0      0 130687 130688      0      0      0      0     42     11 
    0    259     43     39     99     18      0      0      0      0   3201   1980      0      0 130687 130688      0      0      0      0     42     10 
    0    172     39     37      0      0      0      0      0      0   3201   1980      0      0 130687 130688      0      0      0      0      0      1 
    0    178     43     39     99     18      0      0      0      0   3201   1980      0      0 130687 130688      0      0      0      0     48     10 
    0    192     39     36      0      0      0      0      0      0   3201   1980      0      0 130687 130688      0      0      0      0     48     10 
    0    209     39     37      0      0      0      0      0      0   3201   1980      0      0 130687 130688      0      0      0      0      0      0 
    0    256     42     39      0      0      0      0      0      0   3201   1980      0      0 130687 130688      0      0      0      0     43     10 
    0    192     39     37      0      0      0      0      0      0   3201   1980      0      0 130687 130688      0      0      0      0      0      0 
    0    131     38     36      0      0      0      0      0      0   3201   1980      0      0 130687 130688      0      0      0      0      0      0 
    0    140     38     36      0      0      0      0      0      0   3201   1980      0      0 130687 130688      0      0      0      0     48     10 
    0    224     41     36      0      0      0      0      0      0   3201   1980      0      0 130687 130688      0      0      0      0     48     10 
# gpu    pwr  gtemp  mtemp     sm    mem    enc    dec    jpg    ofa   mclk   pclk  pviol  tviol     fb   bar1   ccpm  sbecc  dbecc    pci  rxpci  txpci 
# Idx      W      C      C      %      %      %      %      %      %    MHz    MHz      %   bool     MB     MB     MB   errs   errs   errs   MB/s   MB/s 
    0    315     42     40    100     18      0      0      0      0   3201   1980      0      0 130687 130688      0      0      0      0      0      0 
    0    358     47     42    100     34      0      0      0      0   3201   1980      0      0 130687 130688      0      0      0      0     43     11 
    0    342     44     40     99     18      0      0      0      0   3201   1980      0      0 130687 130688      0      0      0      0     44     10 
    0    313     40     38      0      0      0      0      0      0   3201   1980      0      0 130687 130688      0      0      0      0     48     10 
    0    347     47     42     85     26      0      0      0      0   3201   1980      0      0 130687 130688      0      0      0      0     55     15 
    0    428     45     42     73     15      0      0      0      0   3201   1980      0      0 130687 130688      0      0      0      0     47     10 
    0    257     44     41     99     18      0      0      0      0   3201   1980      0      0 130687 130688      0      0      0      0     42     11 
    0    263     44     41    100     18      0      0      0      0   3201   1980      0      0 130687 130688      0      0      0      0      0      0 
    0    221     44     40    100     18      0      0      0      0   3201   1980      0      0 130687 130688      0      0      0      0      0      0 
    0    221     44     40     99     18      0      0      0      0   3201   1980      0      0 130687 130688      0      0      0      0     37      0 
    0    248     40     38      0      0      0      0      0      0   3201   1980      0      0 130687 130688      0      0      0      0      0      0 
    0    132     39     37      0      0      0      0      0      0   3201   1980      0      0 130687 130688      0      0      0      0      0      0 
    0    267     44     40     96     18      0      0      0      0   3201   1980      0      0 130687 130688      0      0      0      0     48     11 
    0    285     41     38      0      0      0      0      0      0   3201   1980      0      0 130687 130688      0      0      0      0      0      0 
    0    132     39     37      0      0      0      0      0      0   3201   1980      0      0 130687 130688      0      0      0      0      0      1 
    0    232     42     40    100     18      0      0      0      0   3201   1980      0      0 130687 130688      0      0      0      0      0      0 
    0    132     39     36      0      0      0      0      0      0   3201   1980      0      0 130687 130688      0      0      0      0      0      1 
    0    235     39     37      0      0      0      0      0      0   3201   1980      0      0 130687 130688      0      0      0      0      0      0 
    0    369     47     42    100     34      0      0      0      0   3201   1980      0      0 130687 130688      0      0      0      0     42     12 
    0    183     39     37      0      0      0      0      0      0   3201   1980      0      0 130687 130688      0      0      0      0      0      0 
    0    171     42     37      3      1      0      0      0      0   3201   1980      0      0 130687 130688      0      0      0      0     46     12 
    0    175     39     36      0      0      0      0      0      0   3201   1980      0      0 130687 130688      0      0      0      0     43     10 
    0    232     39     37      0      0      0      0      0      0   3201   1980      0      0 130687 130688      0      0      0      0      0      1 
    0    131     38     36      0      0      0      0      0      0   3201   1980      0      0 130687 130688      0      0      0      0      0      0 
    0    131     38     36      0      0      0      0      0      0   3201   1980      0      0 130687 130688      0      0      0      0      0      1 
    0    131     38     35      0      0      0      0      0      0   3201   1980      0      0 130687 130688      0      0      0      0      0      0 
    0    131     38     35      0      0      0      0      0      0   3201   1980      0      0 130687 130688      0      0      0      0      0      1 
    0    131     38     35      0      0      0      0      0      0   3201   1980      0      0 130687 130688      0      0      0      0      0      0 
    0    254     45     40     85     28      0      0      0      0   3201   1980      0      0 130687 130688      0      0      0      0     42     12 
    0    273     39     37      0      0      0      0      0      0   3201   1980      0      0 130687 130688      0      0      0      0      0      0 
    0    211     44     39     85     22      0      0      0      0   3201   1980      0      0 130687 130688      0      0      0      0     42     11 
    0    379     45     40     92     18      0      0      0      0   3201   1980      0      0 130687 130688      0      0      0      0     42     11 
    0    371     40     39      2      0      0      0      0      0   3201   1980      0      0 130687 130688      0      0      0      0      0      0 
    0    200     43     39    100     18      0      0      0      0   3201   1980      0      0 130687 130688      0      0      0      0     48     10 
    0    170     39     36      0      0      0      0      0      0   3201   1980      0      0 130687 130688      0      0      0      0      0      0 
    0    233     40     38      2      0      0      0      0      0   3201   1980      0      0 130687 130688      0      0      0      0      0      0 
    0    345     46     42     92     31      0      0      0      0   3201   1980      0      0 130687 130688      0      0      0      0     42     11 
    0    368     43     39      0      0      0      0      0      0   3201   1980      0      0 130687 130688      0      0      0      0     48     11 
    0    301     42     40     86     16      0      0      0      0   3201   1980      0      0 130687 130688      0      0      0      0      0      0 
    0    188     43     39    100     18      0      0      0      0   3201   1980      0      0 130687 130688      0      0      0      0     45     10 
    0    162     39     37      0      0      0      0      0      0   3201   1980      0      0 130687 130688      0      0      0      0      0      0 
    0    199     43     39    100     18      0      0      0      0   3201   1980      0      0 130687 130688      0      0      0      0     48     10 
    0    146     39     36      0      0      0      0      0      0   3201   1980      0      0 130687 130688      0      0      0      0      0      0 
    0    131     38     36      0      0      0      0      0      0   3201   1980      0      0 130687 130688      0      0      0      0      0      0 
# gpu    pwr  gtemp  mtemp     sm    mem    enc    dec    jpg    ofa   mclk   pclk  pviol  tviol     fb   bar1   ccpm  sbecc  dbecc    pci  rxpci  txpci 
# Idx      W      C      C      %      %      %      %      %      %    MHz    MHz      %   bool     MB     MB     MB   errs   errs   errs   MB/s   MB/s 
    0    131     38     35      0      0      0      0      0      0   3201   1980      0      0 130687 130688      0      0      0      0      8      0 
    0    232     39     37      0      0      0      0      0      0   3201   1980      0      0 130687 130688      0      0      0      0      0      0 
    0    131     38     35      0      0      0      0      0      0   3201   1980      0      0 130687 130688      0      0      0      0      0      0 
    0    427     47     42    100     34      0      0      0      0   3201   1980      0      0 130687 130688      0      0      0      0     46     12 
    0    242     43     39     18      5      0      0      0      0   3201   1980      0      0 130687 130688      0      0      0      0     42     11 
    0    449     47     42     80     23      0      0      0      0   3201   1980      0      0 130687 130688      0      0      0      0     63     12 
    0    471     48     43    100     34      0      0      0      0   3201   1980      0      0 130687 130688      0      0      0      0      0      0 
    0    247     46     41     93     31      0      0      0      0   3201   1980      0      0 130687 130688      0      0      0      0     42     13 
    0    429     43     41    100     18      0      0      0      0   3201   1980      0      0 130687 130688      0      0      0      0      0      0 
    0    132     39     37      0      0      0      0      0      0   3201   1980      0      0 130687 130688      0      0      0      0      0      1 
    0    190     43     39     99     18      0      0      0      0   3201   1980      0      0 130687 130688      0      0      0      0     48     10 
    0    188     42     37      0      0      0      0      0      0   3201   1980      0      0 130687 130688      0      0      0      0     42     12 
    0    466     46     43    100     34      0      0      0      0   3201   1980      0      0 130687 130688      0      0      0      0      0     10 
    0    252     43     38      0      0      0      0      0      0   3201   1980      0      0 130687 130688      0      0      0      0     48     11 
    0    358     41     40      0      0      0      0      0      0   3201   1980      0      0 130687 130688      0      0      0      0      0      0 
    0    132     39     37      0      0      0      0      0      0   3201   1980      0      0 130687 130688      0      0      0      0      0      1 
    0    182     43     39     64     13      0      0      0      0   3201   1980      0      0 130687 130688      0      0      0      0     48     10 
    0    242     43     39     98     19      0      0      0      0   3201   1980      0      0 130687 130688      0      0      0      0     48     11 
    0    253     41     39     55     10      0      0      0      0   3201   1980      0      0 130687 130688      0      0      0      0      0      0 
    0    229     40     38      0      0      0      0      0      0   3201   1980      0      0 130687 130688      0      0      0      0      0      0 
    0    245     44     39     99     18      0      0      0      0   3201   1980      0      0 130687 130688      0      0      0      0     42     11 
    0    420     47     42    100     34      0      0      0      0   3201   1980      0      0 130687 130688      0      0      0      0     45     11 
    0    358     41     39      0      0      0      0      0      0   3201   1980      0      0 130687 130688      0      0      0      0      0      0 
    0    132     39     37      0      0      0      0      0      0   3201   1980      0      0 130687 130688      0      0      0      0      0      0 
    0    196     43     39    100     18      0      0      0      0   3201   1980      0      0 130687 130688      0      0      0      0     48     10 
    0    163     39     37      0      0      0      0      0      0   3201   1980      0      0 130687 130688      0      0      0      0     47     10 
    0    310     44     39    100     18      0      0      0      0   3201   1980      0      0 130687 130688      0      0      0      0     42     11 
    0    479     48     43    100     34      0      0      0      0   3201   1980      0      0 130687 130688      0      0      0      0     37     10 
    0    261     40     38      0      0      0      0      0      0   3201   1980      0      0 130687 130688      0      0      0      0      0      0 
