# gpu    pwr  gtemp  mtemp     sm    mem    enc    dec    jpg    ofa   mclk   pclk  pviol  tviol     fb   bar1   ccpm  sbecc  dbecc    pci  rxpci  txpci 
# Idx      W      C      C      %      %      %      %      %      %    MHz    MHz      %   bool     MB     MB     MB   errs   errs   errs   MB/s   MB/s 
    0    132     40     38      0      0      0      0      0      0   3201   1980      0      0 130683 130684      0      0      0      0      0      0 
    0    133     40     38      0      0      0      0      0      0   3201   1980      0      0 130683 130684      0      0      0      0      0      0 
    0    132     40     38      0      0      0      0      0      0   3201   1980      0      0 130683 130684      0      0      0      0      0      0 
    0    132     40     38      0      0      0      0      0      0   3201   1980      0      0 130683 130684      0      0      0      0      0      0 
    0    132     40     38      0      0      0      0      0      0   3201   1980      0      0 130683 130684      0      0      0      0      1      0 
    0    132     40     37      0      0      0      0      0      0   3201   1980      0      0 130683 130684      0      0      0      0      0      0 
    0    132     40     37      0      0      0      0      0      0   3201   1980      0      0 130683 130684      0      0      0      0      0      0 
    0    132     40     37      0      0      0      0      0      0   3201   1980      0      0 130683 130684      0      0      0      0      0      0 
    0    132     40     37      0      0      0      0      0      0   3201   1980      0      0 130683 130684      0      0      0      0      0      0 
    0    132     40     37      0      0      0      0      0      0   3201   1980      0      0 130683 130684      0      0      0      0      0      0 
    0    132     40     37      0      0      0      0      0      0   3201   1980      0      0 130683 130684      0      0      0      0      0      0 
    0    132     39     37      0      0      0      0      0      0   3201   1980      0      0 130683 130684      0      0      0      0      0      0 
    0    132     39     37      0      0      0      0      0      0   3201   1980      0      0 130683 130684      0      0      0      0      0      1 
    0    171     43     39     16      6      0      0      0      0   3201   1980      0      0 130685 130686      0      0      0      0     48     10 
    0    401     47     42    100     22      0      0      0      0   3201   1980      0      0 130687 130688      0      0      0      0     36     13 
    0    486     49     44    100     34      0      0      0      0   3201   1980      0      0 130687 130688      0      0      0      0     40     12 
    0    486     50     45    100     34      0      0      0      0   3201   1980      0      0 130687 130688      0      0      0      0     43     13 
    0    441     47     43    100     18      0      0      0      0   3201   1980      0      0 130687 130688      0      0      0      0     48     10 
    0    185     42     40      0      0      0      0      0      0   3201   1980      0      0 130687 130688      0      0      0      0     42     12 
    0    460     50     44    100     34      0      0      0      0   3201   1980      0      0 130687 130688      0      0      0      0     47     11 
    0    484     50     45    100     34      0      0      0      0   3201   1980      0      0 130687 130688      0      0      0      0     38     12 
    0    447     48     45    100     20      0      0      0      0   3201   1980      0      0 130687 130688      0      0      0      0     92     13 
    0    485     51     46    100     35      0      0      0      0   3201   1980      0      0 130687 130688      0      0      0      0     58     13 
    0    470     51     46    100     34      0      0      0      0   3201   1980      0      0 130687 130688      0      0      0      0     43     12 
    0    384     48     44     99     18      0      0      0      0   3201   1980      0      0 130687 130688      0      0      0      0     48     11 
    0    197     43     41      0      0      0      0      0      0   3201   1980      0      0 130687 130688      0      0      0      0      0      0 
    0    242     47     43    100     18      0      0      0      0   3201   1980      0      0 130687 130688      0      0      0      0     42     11 
    0    391     50     45    100     34      0      0      0      0   3201   1980      0      0 130687 130688      0      0      0      0     43     12 
    0    487     51     46     93     33      0      0      0      0   3201   1980      0      0 130687 130688      0      0      0      0     59     11 
    0    489     52     47    100     34      0      0      0      0   3201   1980      0      0 130687 130688      0      0      0      0     44     12 
    0    433     51     47     95     32      0      0      0      0   3201   1980      0      0 130687 130688      0      0      0      0     43     12 
    0    492     52     47    100     35      0      0      0      0   3201   1980      0      0 130687 130688      0      0      0      0     52     11 
    0    488     52     48    100     35      0      0      0      0   3201   1980      0      0 130687 130688      0      0      0      0     45     13 
    0    493     52     48    100     35      0      0      0      0   3201   1980      0      0 130687 130688      0      0      0      0     48     11 
    0    477     51     48    100     34      0      0      0      0   3201   1980      0      0 130687 130688      0      0      0      0     48     10 
    0    328     51     47     88     29      0      0      0      0   3201   1980      0      0 130687 130688      0      0      0      0     36     16 
    0    488     52     48    100     34      0      0      0      0   3201   1980      0      0 130687 130688      0      0      0      0     58     11 
    0    492     53     48    100     35      0      0      0      0   3201   1980      0      0 130687 130688      0      0      0      0     69     12 
    0    493     53     48    100     35      0      0      0      0   3201   1980      0      0 130687 130688      0      0      0      0     72     12 
    0    494     53     48    100     35      0      0      0      0   3201   1980      0      0 130687 130688      0      0      0      0     38     12 
    0    334     46     43      0      0      0      0      0      0   3201   1980      0      0 130687 130688      0      0      0      0      0      0 
    0    306     52     46    100     34      0      0      0      0   3201   1980      0      0 130687 130688      0      0      0      0     41     12 
    0    486     53     48    100     36      0      0      0      0   3201   1980      0      0 130687 130688      0      0      0      0     55     14 
    0    490     54     48     99     35      0      0      0      0   3201   1980      0      0 130687 130688      0      0      0      0     67     13 
# gpu    pwr  gtemp  mtemp     sm    mem    enc    dec    jpg    ofa   mclk   pclk  pviol  tviol     fb   bar1   ccpm  sbecc  dbecc    pci  rxpci  txpci 
# Idx      W      C      C      %      %      %      %      %      %    MHz    MHz      %   bool     MB     MB     MB   errs   errs   errs   MB/s   MB/s 
    0    500     53     49    100     35      0      0      0      0   3201   1980      0      0 130687 130688      0      0      0      0     43     12 
    0    494     53     49    100     35      0      0      0      0   3201   1980      0      0 130687 130688      0      0      0      0     41     12 
    0    490     53     49    100     34      0      0      0      0   3201   1980      0      0 130687 130688      0      0      0      0     47      5 
    0    299     52     47     88     27      0      0      0      0   3201   1980      0      0 130687 130688      0      0      0      0     44     12 
    0    415     48     47      0      0      0      0      0      0   3201   1980      0      0 130687 130688      0      0      0      0      0      0 
    0    230     49     45    100     18      0      0      0      0   3201   1980      0      0 130687 130688      0      0      0      0     83     12 
    0    459     53     47     95     33      0      0      0      0   3201   1980      0      0 130687 130688      0      0      0      0     58     13 
    0    493     53     48    100     36      0      0      0      0   3201   1980      0      0 130687 130688      0      0      0      0     72     12 
    0    496     53     49    100     35      0      0      0      0   3201   1980      0      0 130687 130688      0      0      0      0     58     13 
    0    497     54     49    100     35      0      0      0      0   3201   1980      0      0 130687 130688      0      0      0      0     56     13 
    0    435     51     47     42     10      0      0      0      0   3201   1980      0      0 130687 130688      0      0      0      0     74     14 
    0    479     54     49    100     35      0      0      0      0   3201   1980      0      0 130687 130688      0      0      0      0     52     12 
    0    499     54     49     88     32      0      0      0      0   3201   1980      0      0 130687 130688      0      0      0      0     69     14 
    0    494     54     48     89     32      0      0      0      0   3201   1980      0      0 130687 130688      0      0      0      0     47     12 
    0    498     54     49    100     35      0      0      0      0   3201   1980      0      0 130687 130688      0      0      0      0     52     11 
    0    495     54     50    100     34      0      0      0      0   3201   1980      0      0 130687 130688      0      0      0      0     47     10 
    0    259     51     46     95     32      0      0      0      0   3201   1980      0      0 130687 130688      0      0      0      0     36     12 
    0    491     54     49    100     35      0      0      0      0   3201   1980      0      0 130687 130688      0      0      0      0     41     12 
    0    495     54     49    100     34      0      0      0      0   3201   1980      0      0 130687 130688      0      0      0      0     47     11 
    0    415     51     47     95     18      0      0      0      0   3201   1980      0      0 130687 130688      0      0      0      0     60     12 
    0    482     52     49     89     26      0      0      0      0   3201   1980      0      0 130687 130688      0      0      0      0     43     11 
    0    481     54     49    100     34      0      0      0      0   3201   1980      0      0 130687 130688      0      0      0      0     48     11 
    0    493     54     50    100     35      0      0      0      0   3201   1980      0      0 130687 130688      0      0      0      0     46     11 
    0    490     54     50     92     32      0      0      0      0   3201   1980      0      0 130687 130688      0      0      0      0     36     12 
    0    487     54     50    100     34      0      0      0      0   3201   1980      0      0 130687 130688      0      0      0      0     36     12 
    0    457     53     48    100     34      0      0      0      0   3201   1980      0      0 130687 130688      0      0      0      0     44     11 
    0    490     54     50    100     34      0      0      0      0   3201   1980      0      0 130687 130688      0      0      0      0     47     12 
    0    477     53     49    100     34      0      0      0      0   3201   1980      0      0 130687 130688      0      0      0      0      0      0 
    0    330     53     48    100     34      0      0      0      0   3201   1980      0      0 130687 130688      0      0      0      0     76     12 
    0    491     54     49    100     35      0      0      0      0   3201   1980      0      0 130687 130688      0      0      0      0     56     13 
    0    496     54     49     92     33      0      0      0      0   3201   1980      0      0 130687 130688      0      0      0      0     52     11 
    0    496     54     50     96     34      0      0      0      0   3201   1980      0      0 130687 130688      0      0      0      0     59     12 
    0    495     54     50    100     34      0      0      0      0   3201   1980      0      0 130687 130688      0      0      0      0     47     10 
    0    495     54     50     93     33      0      0      0      0   3201   1980      0      0 130687 130688      0      0      0      0     42     12 
    0    490     54     50    100     34      0      0      0      0   3201   1980      0      0 130687 130688      0      0      0      0     41     12 
    0    494     54     50    100     34      0      0      0      0   3201   1980      0      0 130687 130688      0      0      0      0     48     11 
    0    480     54     50    100     21      0      0      0      0   3201   1980      0      0 130687 130688      0      0      0      0     42     11 
    0    376     51     48     94     19      0      0      0      0   3201   1980      0      0 130687 130688      0      0      0      0     38     11 
    0    492     54     50    100     34      0      0      0      0   3201   1980      0      0 130687 130688      0      0      0      0     36     12 
    0    433     53     48     88     22      0      0      0      0   3201   1980      0      0 130687 130688      0      0      0      0     44     12 
    0    315     47     45      0      0      0      0      0      0   3201   1980      0      0 130687 130688      0      0      0      0      0      0 
    0    136     45     43      0      0      0      0      0      0   3201   1980      0      0 130687 130688      0      0      0      0      0      0 
    0    135     44     43      0      0      0      0      0      0   3201   1980      0      0 130687 130688      0      0      0      0      0      4 
    0    445     52     48    100     34      0      0      0      0   3201   1980      0      0 130687 130688      0      0      0      0     43     12 
# gpu    pwr  gtemp  mtemp     sm    mem    enc    dec    jpg    ofa   mclk   pclk  pviol  tviol     fb   bar1   ccpm  sbecc  dbecc    pci  rxpci  txpci 
# Idx      W      C      C      %      %      %      %      %      %    MHz    MHz      %   bool     MB     MB     MB   errs   errs   errs   MB/s   MB/s 
    0    496     53     48    100     35      0      0      0      0   3201   1980      0      0 130687 130688      0      0      0      0     52     11 
    0    497     53     49    100     34      0      0      0      0   3201   1980      0      0 130687 130688      0      0      0      0     38     13 
    0    446     53     49     88     25      0      0      0      0   3201   1980      0      0 130687 130688      0      0      0      0     44     12 
    0    496     54     49    100     35      0      0      0      0   3201   1980      0      0 130687 130688      0      0      0      0     75     13 
    0    496     54     49    100     34      0      0      0      0   3201   1980      0      0 130687 130688      0      0      0      0     47     11 
    0    467     53     49    100     31      0      0      0      0   3201   1980      0      0 130687 130688      0      0      0      0     42     12 
    0    228     45     43      0      0      0      0      0      0   3201   1980      0      0 130687 130688      0      0      0      0      0      0 
    0    253     49     45     99     18      0      0      0      0   3201   1980      0      0 130687 130688      0      0      0      0     48     11 
    0    384     52     48    100     34      0      0      0      0   3201   1980      0      0 130687 130688      0      0      0      0     38     12 
    0    487     53     48    100     36      0      0      0      0   3201   1980      0      0 130687 130688      0      0      0      0     52     15 
    0    498     53     49     94     34      0      0      0      0   3201   1980      0      0 130687 130688      0      0      0      0     69     12 
    0    496     53     49    100     34      0      0      0      0   3201   1980      0      0 130687 130688      0      0      0      0     44     13 
    0    422     53     48    100     35      0      0      0      0   3201   1980      0      0 130687 130688      0      0      0      0     52     11 
    0    497     54     49     92     33      0      0      0      0   3201   1980      0      0 130687 130688      0      0      0      0     64     13 
    0    495     53     49    100     34      0      0      0      0   3201   1980      0      0 130687 130688      0      0      0      0     44     12 
    0    445     53     49    100     34      0      0      0      0   3201   1980      0      0 130687 130688      0      0      0      0     38     12 
    0    494     53     49    100     34      0      0      0      0   3201   1980      0      0 130687 130688      0      0      0      0     82     15 
    0    498     54     49    100     35      0      0      0      0   3201   1980      0      0 130687 130688      0      0      0      0     60     11 
    0    496     54     49    100     34      0      0      0      0   3201   1980      0      0 130687 130688      0      0      0      0     44     11 
    0    382     52     47     89     31      0      0      0      0   3201   1980      0      0 130687 130688      0      0      0      0     46     15 
    0    486     53     49    100     35      0      0      0      0   3201   1980      0      0 130687 130688      0      0      0      0     62     11 
    0    481     52     49     99     18      0      0      0      0   3201   1980      0      0 130687 130688      0      0      0      0      0      0 
