# gpu    pwr  gtemp  mtemp     sm    mem    enc    dec    jpg    ofa   mclk   pclk  pviol  tviol     fb   bar1   ccpm  sbecc  dbecc    pci  rxpci  txpci 
# Idx      W      C      C      %      %      %      %      %      %    MHz    MHz      %   bool     MB     MB     MB   errs   errs   errs   MB/s   MB/s 
    0    130     36     33      0      0      0      0      0      0   3201   1980      0      0 130683 130684      0      0      0      0      0      0 
    0    130     36     33      0      0      0      0      0      0   3201   1980      0      0 130683 130684      0      0      0      0      0      0 
    0    129     36     33      0      0      0      0      0      0   3201   1980      0      0 130683 130684      0      0      0      0      0      0 
    0    129     36     33      0      0      0      0      0      0   3201   1980      0      0 130683 130684      0      0      0      0      0      0 
    0    129     36     33      0      0      0      0      0      0   3201   1980      0      0 130683 130684      0      0      0      0      0      0 
    0    129     36     33      0      0      0      0      0      0   3201   1980      0      0 130683 130684      0      0      0      0      0      0 
    0    129     36     33      0      0      0      0      0      0   3201   1980      0      0 130683 130684      0      0      0      0      0      0 
    0    129     36     33      0      0      0      0      0      0   3201   1980      0      0 130683 130684      0      0      0      0      0      0 
    0    129     36     33      0      0      0      0      0      0   3201   1980      0      0 130683 130684      0      0      0      0      0      1 
    0    129     36     33      0      0      0      0      0      0   3201   1980      0      0 130683 130684      0      0      0      0      0      0 
    0    129     36     33      0      0      0      0      0      0   3201   1980      0      0 130683 130684      0      0      0      0      0      1 
    0    129     36     33      0      0      0      0      0      0   3201   1980      0      0 130683 130684      0      0      0      0      3      0 
    0    129     36     33      0      0      0      0      0      0   3201   1980      0      0 130683 130684      0      0      0      0      0      1 
    0    323     44     38    100     34      0      0      0      0   3201   1980      0      0 130687 130688      0      0      0      0     66     13 
    0    472     45     40    100     34      0      0      0      0   3201   1980      0      0 130687 130688      0      0      0      0     39     14 
    0    391     43     39      6      2      0      0      0      0   3201   1980      0      0 130687 130688      0      0      0      0     34     11 
    0    472     46     42     90     31      0      0      0      0   3201   1980      0      0 130687 130688      0      0      0      0     39     13 
    0    478     47     42     93     32      0      0      0      0   3201   1980      0      0 130687 130688      0      0      0      0     60     12 
    0    480     47     43    100     34      0      0      0      0   3201   1980      0      0 130687 130688      0      0      0      0     42     12 
    0    323     44     41     99     18      0      0      0      0   3201   1980      0      0 130687 130688      0      0      0      0     90     12 
    0    459     47     43    100     34      0      0      0      0   3201   1980      0      0 130687 130688      0      0      0      0     65     12 
    0    477     47     43     83     28      0      0      0      0   3201   1980      0      0 130687 130688      0      0      0      0     53     11 
    0    474     48     43     91     31      0      0      0      0   3201   1980      0      0 130687 130688      0      0      0      0     57     13 
    0    481     48     43    100     34      0      0      0      0   3201   1980      0      0 130687 130688      0      0      0      0     42     17 
    0    469     48     43    100     34      0      0      0      0   3201   1980      0      0 130687 130688      0      0      0      0     50     14 
    0    473     48     43     84     29      0      0      0      0   3201   1980      0      0 130687 130688      0      0      0      0     55     19 
    0    472     46     44    100     29      0      0      0      0   3201   1980      0      0 130687 130688      0      0      0      0      0      0 
    0    402     48     43     74     26      0      0      0      0   3201   1980      0      0 130687 130688      0      0      0      0     80     13 
    0    472     49     44     74     26      0      0      0      0   3201   1980      0      0 130687 130688      0      0      0      0     52     14 
    0    481     49     44    100     34      0      0      0      0   3201   1980      0      0 130687 130688      0      0      0      0     42     11 
    0    466     49     44    100     34      0      0      0      0   3201   1980      0      0 130687 130688      0      0      0      0     46     10 
    0    400     48     43     71     24      0      0      0      0   3201   1980      0      0 130687 130688      0      0      0      0     54     14 
    0    473     49     44     90     32      0      0      0      0   3201   1980      0      0 130687 130688      0      0      0      0     79     15 
    0    481     49     45    100     34      0      0      0      0   3201   1980      0      0 130687 130688      0      0      0      0     49     11 
    0    484     50     45     94     32      0      0      0      0   3201   1980      0      0 130687 130688      0      0      0      0     70     13 
    0    486     50     45    100     34      0      0      0      0   3201   1980      0      0 130687 130688      0      0      0      0     60     14 
    0    459     49     44     86     21      0      0      0      0   3201   1980      0      0 130687 130688      0      0      0      0     42     17 
    0    478     50     45    100     34      0      0      0      0   3201   1980      0      0 130687 130688      0      0      0      0     43     13 
    0    479     50     45     90     30      0      0      0      0   3201   1980      0      0 130687 130688      0      0      0      0     47     12 
    0    476     50     45     91     31      0      0      0      0   3201   1980      0      0 130687 130688      0      0      0      0     43     13 
    0    479     50     45    100     33      0      0      0      0   3201   1980      0      0 130687 130688      0      0      0      0     66     12 
    0    478     50     45    100     34      0      0      0      0   3201   1980      0      0 130687 130688      0      0      0      0     49     13 
    0    470     50     45     98     33      0      0      0      0   3201   1980      0      0 130687 130688      0      0      0      0     46     12 
    0    483     50     45     91     32      0      0      0      0   3201   1980      0      0 130687 130688      0      0      0      0     52     14 
# gpu    pwr  gtemp  mtemp     sm    mem    enc    dec    jpg    ofa   mclk   pclk  pviol  tviol     fb   bar1   ccpm  sbecc  dbecc    pci  rxpci  txpci 
# Idx      W      C      C      %      %      %      %      %      %    MHz    MHz      %   bool     MB     MB     MB   errs   errs   errs   MB/s   MB/s 
    0    482     51     46    100     35      0      0      0      0   3201   1980      0      0 130687 130688      0      0      0      0     63     14 
    0    479     50     46    100     34      0      0      0      0   3201   1980      0      0 130687 130688      0      0      0      0     58     12 
    0    481     50     46    100     34      0      0      0      0   3201   1980      0      0 130687 130688      0      0      0      0     42     11 
    0    478     50     46    100     34      0      0      0      0   3201   1980      0      0 130687 130688      0      0      0      0     59     13 
    0    481     50     46    100     34      0      0      0      0   3201   1980      0      0 130687 130688      0      0      0      0     42     11 
    0    173     42     40      0      0      0      0      0      0   3201   1980      0      0 130687 130688      0      0      0      0     43     11 
    0    476     50     45    100     34      0      0      0      0   3201   1980      0      0 130687 130688      0      0      0      0     42     12 
    0    480     50     45     90     30      0      0      0      0   3201   1980      0      0 130687 130688      0      0      0      0     47     13 
    0    479     50     45     95     32      0      0      0      0   3201   1980      0      0 130687 130688      0      0      0      0     41     11 
    0    447     48     44    100     19      0      0      0      0   3201   1980      0      0 130687 130688      0      0      0      0      0      0 
    0    387     50     45    100     34      0      0      0      0   3201   1980      0      0 130687 130688      0      0      0      0     80     15 
    0    461     50     45     91     32      0      0      0      0   3201   1980      0      0 130687 130688      0      0      0      0     57     15 
    0    473     50     45     70     23      0      0      0      0   3201   1980      0      0 130687 130688      0      0      0      0     43     18 
    0    479     50     46    100     34      0      0      0      0   3201   1980      0      0 130687 130688      0      0      0      0     43     12 
    0    478     50     46    100     34      0      0      0      0   3201   1980      0      0 130687 130688      0      0      0      0     86     12 
    0    480     50     46    100     34      0      0      0      0   3201   1980      0      0 130687 130688      0      0      0      0     60     14 
    0    467     50     46     90     31      0      0      0      0   3201   1980      0      0 130687 130688      0      0      0      0     50     14 
    0    369     43     42      0      0      0      0      0      0   3201   1980      0      0 130687 130688      0      0      0      0      0      0 
