# gpu    pwr  gtemp  mtemp     sm    mem    enc    dec    jpg    ofa   mclk   pclk  pviol  tviol     fb   bar1   ccpm  sbecc  dbecc    pci  rxpci  txpci 
# Idx      W      C      C      %      %      %      %      %      %    MHz    MHz      %   bool     MB     MB     MB   errs   errs   errs   MB/s   MB/s 
    0    141     36     33      0      0      0      0      0      0   3201   1980      0      0 130683 130684      0      0      0      0      0      0 
    0    136     36     34      0      0      0      0      0      0   3201   1980      0      0 130683 130684      0      0      0      0      0      1 
    0    129     36     33      0      0      0      0      0      0   3201   1980      0      0 130683 130684      0      0      0      0      0      0 
    0    129     36     33      0      0      0      0      0      0   3201   1980      0      0 130683 130684      0      0      0      0      0      1 
    0    129     36     33      0      0      0      0      0      0   3201   1980      0      0 130683 130684      0      0      0      0      0      0 
    0    129     36     33      0      0      0      0      0      0   3201   1980      0      0 130683 130684      0      0      0      0      0      1 
    0    129     36     33      0      0      0      0      0      0   3201   1980      0      0 130683 130684      0      0      0      0      0      0 
    0    129     36     33      0      0      0      0      0      0   3201   1980      0      0 130683 130684      0      0      0      0      0      1 
    0    129     36     33      0      0      0      0      0      0   3201   1980      0      0 130683 130684      0      0      0      0      0      0 
    0    129     36     33      0      0      0      0      0      0   3201   1980      0      0 130683 130684      0      0      0      0      0      1 
    0    129     36     33      0      0      0      0      0      0   3201   1980      0      0 130683 130684      0      0      0      0      0      0 
    0    129     36     33      0      0      0      0      0      0   3201   1980      0      0 130683 130684      0      0      0      0      0      1 
    0    129     36     33      0      0      0      0      0      0   3201   1980      0      0 130683 130684      0      0      0      0      0      0 
    0    173     39     34     78     14      0      0      0      0   3201   1980      0      0 130685 130686      0      0      0      0     48     10 
    0    313     41     37     99     18      0      0      0      0   3201   1980      0      0 130687 130688      0      0      0      0     48     10 
    0    439     45     40     91     30      0      0      0      0   3201   1980      0      0 130687 130688      0      0      0      0     48     12 
    0    475     46     42    100     32      0      0      0      0   3201   1980      0      0 130687 130688      0      0      0      0     27      0 
    0    237     39     37      0      0      0      0      0      0   3201   1980      0      0 130687 130688      0      0      0      0      0      0 
    0    140     38     35      0      0      0      0      0      0   3201   1980      0      0 130687 130688      0      0      0      0     48     10 
    0    396     43     39     87     17      0      0      0      0   3201   1980      0      0 130687 130688      0      0      0      0     48     10 
    0    398     46     41    100     34      0      0      0      0   3201   1980      0      0 130687 130688      0      0      0      0     44     10 
    0    212     39     36      0      0      0      0      0      0   3201   1980      0      0 130687 130688      0      0      0      0     82     13 
    0    469     47     42    100     34      0      0      0      0   3201   1980      0      0 130687 130688      0      0      0      0     48     10 
    0    298     44     40     99     18      0      0      0      0   3201   1980      0      0 130687 130688      0      0      0      0     48      5 
    0    227     43     39     99     18      0      0      0      0   3201   1980      0      0 130687 130688      0      0      0      0     36      0 
    0    138     38     36      0      0      0      0      0      0   3201   1980      0      0 130687 130688      0      0      0      0      0      0 
    0    233     43     39    100     18      0      0      0      0   3201   1980      0      0 130687 130688      0      0      0      0      0      5 
    0    340     44     41     99     18      0      0      0      0   3201   1980      0      0 130687 130688      0      0      0      0     48     10 
    0    405     47     42     85     29      0      0      0      0   3201   1980      0      0 130687 130688      0      0      0      0     42     13 
    0    421     42     42     31      6      0      0      0      0   3201   1980      0      0 130687 130688      0      0      0      0      0      0 
    0    305     46     42    100     34      0      0      0      0   3201   1980      0      0 130687 130688      0      0      0      0     41     17 
    0    477     48     43    100     34      0      0      0      0   3201   1980      0      0 130687 130688      0      0      0      0     49     10 
    0    467     48     43    100     34      0      0      0      0   3201   1980      0      0 130687 130688      0      0      0      0     42     13 
    0    480     48     43     97     33      0      0      0      0   3201   1980      0      0 130687 130688      0      0      0      0     40     10 
    0    330     41     40      0      0      0      0      0      0   3201   1980      0      0 130687 130688      0      0      0      0      0      0 
    0    273     44     40    100     18      0      0      0      0   3201   1980      0      0 130687 130688      0      0      0      0     76     36 
    0    463     48     43     81     27      0      0      0      0   3201   1980      0      0 130687 130688      0      0      0      0     53     11 
    0    469     47     43    100     34      0      0      0      0   3201   1980      0      0 130687 130688      0      0      0      0     40     11 
    0    479     49     44    100     34      0      0      0      0   3201   1980      0      0 130687 130688      0      0      0      0     59     11 
    0    477     49     44    100     29      0      0      0      0   3201   1980      0      0 130687 130688      0      0      0      0     46     10 
    0    158     41     39      0      0      0      0      0      0   3201   1980      0      0 130687 130688      0      0      0      0      0      0 
    0    332     48     43    100     34      0      0      0      0   3201   1980      0      0 130687 130688      0      0      0      0     52     12 
    0    475     48     43     90     31      0      0      0      0   3201   1980      0      0 130687 130688      0      0      0      0     63     12 
    0    480     49     44    100     34      0      0      0      0   3201   1980      0      0 130687 130688      0      0      0      0     53     11 
# gpu    pwr  gtemp  mtemp     sm    mem    enc    dec    jpg    ofa   mclk   pclk  pviol  tviol     fb   bar1   ccpm  sbecc  dbecc    pci  rxpci  txpci 
# Idx      W      C      C      %      %      %      %      %      %    MHz    MHz      %   bool     MB     MB     MB   errs   errs   errs   MB/s   MB/s 
    0    467     49     44    100     34      0      0      0      0   3201   1980      0      0 130687 130688      0      0      0      0     32     12 
    0    478     49     44    100     34      0      0      0      0   3201   1980      0      0 130687 130688      0      0      0      0     42     10 
    0    342     42     41      0      0      0      0      0      0   3201   1980      0      0 130687 130688      0      0      0      0      0      1 
    0    290     48     43    100     34      0      0      0      0   3201   1980      0      0 130687 130688      0      0      0      0     38     11 
    0    227     41     39      0      0      0      0      0      0   3201   1980      0      0 130687 130688      0      0      0      0      0      1 
    0    229     45     41    100     18      0      0      0      0   3201   1980      0      0 130687 130688      0      0      0      0     42     10 
    0    339     47     42    100     34      0      0      0      0   3201   1980      0      0 130687 130688      0      0      0      0     53     12 
    0    467     49     44    100     34      0      0      0      0   3201   1980      0      0 130687 130688      0      0      0      0     59     12 
    0    476     49     43    100     34      0      0      0      0   3201   1980      0      0 130687 130688      0      0      0      0     39     13 
    0    479     49     44    100     34      0      0      0      0   3201   1980      0      0 130687 130688      0      0      0      0     48     11 
    0    249     44     40     17      5      0      0      0      0   3201   1980      0      0 130687 130688      0      0      0      0     81     11 
    0    477     49     44    100     34      0      0      0      0   3201   1980      0      0 130687 130688      0      0      0      0     40     10 
    0    480     49     44     95     32      0      0      0      0   3201   1980      0      0 130687 130688      0      0      0      0     45     14 
    0    486     49     44     94     32      0      0      0      0   3201   1980      0      0 130687 130688      0      0      0      0     32     11 
    0    480     50     45    100     34      0      0      0      0   3201   1980      0      0 130687 130688      0      0      0      0     35     11 
    0    350     43     42      0      0      0      0      0      0   3201   1980      0      0 130687 130688      0      0      0      0      0      0 
    0    198     45     41     86     29      0      0      0      0   3201   1980      0      0 130687 130688      0      0      0      0     40     12 
    0    479     49     44    100     34      0      0      0      0   3201   1980      0      0 130687 130688      0      0      0      0     33     11 
    0    481     49     45    100     34      0      0      0      0   3201   1980      0      0 130687 130688      0      0      0      0     33     11 
    0    233     45     42    100     18      0      0      0      0   3201   1980      0      0 130687 130688      0      0      0      0     40     11 
    0    337     42     41     51     11      0      0      0      0   3201   1980      0      0 130687 130688      0      0      0      0     42     11 
    0    364     48     43    100     34      0      0      0      0   3201   1980      0      0 130687 130688      0      0      0      0     40     10 
    0    409     48     44    100     33      0      0      0      0   3201   1980      0      0 130687 130688      0      0      0      0     40     11 
    0    293     45     42    100     18      0      0      0      0   3201   1980      0      0 130687 130688      0      0      0      0     48     10 
    0    284     42     40      0      0      0      0      0      0   3201   1980      0      0 130687 130688      0      0      0      0      0      0 
    0    290     45     41     99     18      0      0      0      0   3201   1980      0      0 130687 130688      0      0      0      0     42     11 
    0    337     48     43    100     34      0      0      0      0   3201   1980      0      0 130687 130688      0      0      0      0     48     10 
    0    195     41     39      0      0      0      0      0      0   3201   1980      0      0 130687 130688      0      0      0      0      0      0 
    0    292     45     41     99     18      0      0      0      0   3201   1980      0      0 130687 130688      0      0      0      0     51     10 
    0    458     48     43    100     34      0      0      0      0   3201   1980      0      0 130687 130688      0      0      0      0     39     12 
    0    480     49     44     90     30      0      0      0      0   3201   1980      0      0 130687 130688      0      0      0      0     48     11 
    0    476     49     44     90     31      0      0      0      0   3201   1980      0      0 130687 130688      0      0      0      0     53     11 
    0    480     49     45    100     34      0      0      0      0   3201   1980      0      0 130687 130688      0      0      0      0     40     11 
    0    467     49     45     89     30      0      0      0      0   3201   1980      0      0 130687 130688      0      0      0      0     40     10 
    0    365     43     41      0      0      0      0      0      0   3201   1980      0      0 130687 130688      0      0      0      0     45     10 
    0    448     49     45    100     34      0      0      0      0   3201   1980      0      0 130687 130688      0      0      0      0     46     10 
    0    308     46     43    100     18      0      0      0      0   3201   1980      0      0 130687 130688      0      0      0      0      0      0 
    0    246     43     41      5      2      0      0      0      0   3201   1980      0      0 130687 130688      0      0      0      0     41     10 
    0    434     45     44     97     25      0      0      0      0   3201   1980      0      0 130687 130688      0      0      0      0      0      0 
    0    271     45     40     36      8      0      0      0      0   3201   1980      0      0 130687 130688      0      0      0      0     43     10 
    0    178     41     39      0      0      0      0      0      0   3201   1980      0      0 130687 130688      0      0      0      0      0      0 
    0    132     40     38      0      0      0      0      0      0   3201   1980      0      0 130687 130688      0      0      0      0      0      0 
    0    132     40     37      0      0      0      0      0      0   3201   1980      0      0 130687 130688      0      0      0      0      0      0 
    0    442     48     43    100     34      0      0      0      0   3201   1980      0      0 130687 130688      0      0      0      0      0      1 
# gpu    pwr  gtemp  mtemp     sm    mem    enc    dec    jpg    ofa   mclk   pclk  pviol  tviol     fb   bar1   ccpm  sbecc  dbecc    pci  rxpci  txpci 
# Idx      W      C      C      %      %      %      %      %      %    MHz    MHz      %   bool     MB     MB     MB   errs   errs   errs   MB/s   MB/s 
    0    436     48     43    100     34      0      0      0      0   3201   1980      0      0 130687 130688      0      0      0      0     49     12 
    0    447     46     43    100     18      0      0      0      0   3201   1980      0      0 130687 130688      0      0      0      0     48     11 
    0    293     46     42     88     18      0      0      0      0   3201   1980      0      0 130687 130688      0      0      0      0     46     11 
    0    459     49     43     85     29      0      0      0      0   3201   1980      0      0 130687 130688      0      0      0      0     68     14 
    0    475     49     44    100     34      0      0      0      0   3201   1980      0      0 130687 130688      0      0      0      0     42     10 
    0    277     45     42    100     18      0      0      0      0   3201   1980      0      0 130687 130688      0      0      0      0     42      7 
    0    135     40     38      0      0      0      0      0      0   3201   1980      0      0 130687 130688      0      0      0      0      0      0 
    0    232     43     41     99     18      0      0      0      0   3201   1980      0      0 130687 130688      0      0      0      0      0      1 
    0    373     48     43    100     34      0      0      0      0   3201   1980      0      0 130687 130688      0      0      0      0     38     12 
    0    469     48     43    100     34      0      0      0      0   3201   1980      0      0 130687 130688      0      0      0      0     63     14 
    0    478     49     44     99     33      0      0      0      0   3201   1980      0      0 130687 130688      0      0      0      0     39     12 
    0    392     42     41      0      0      0      0      0      0   3201   1980      0      0 130687 130688      0      0      0      0      0      1 
    0    326     48     43    100     34      0      0      0      0   3201   1980      0      0 130687 130688      0      0      0      0     48     12 
    0    477     49     44     90     30      0      0      0      0   3201   1980      0      0 130687 130688      0      0      0      0     48     12 
    0    384     42     41      0      0      0      0      0      0   3201   1980      0      0 130687 130688      0      0      0      0      0      0 
    0    307     46     43     99     18      0      0      0      0   3201   1980      0      0 130687 130688      0      0      0      0     43     12 
    0    398     46     43    100     18      0      0      0      0   3201   1980      0      0 130687 130688      0      0      0      0     19      1 
    0    431     49     44    100     34      0      0      0      0   3201   1980      0      0 130687 130688      0      0      0      0     53     13 
    0    342     42     40      0      0      0      0      0      0   3201   1980      0      0 130687 130688      0      0      0      0      0      0 
    0    280     45     42     91     18      0      0      0      0   3201   1980      0      0 130687 130688      0      0      0      0     48     11 
    0    472     49     44    100     34      0      0      0      0   3201   1980      0      0 130687 130688      0      0      0      0     47     12 
    0    293     41     40      0      0      0      0      0      0   3201   1980      0      0 130687 130688      0      0      0      0      0      0 
