# gpu    pwr  gtemp  mtemp     sm    mem    enc    dec    jpg    ofa   mclk   pclk  pviol  tviol     fb   bar1   ccpm  sbecc  dbecc    pci  rxpci  txpci 
# Idx      W      C      C      %      %      %      %      %      %    MHz    MHz      %   bool     MB     MB     MB   errs   errs   errs   MB/s   MB/s 
    0    129     36     33      0      0      0      0      0      0   3201   1980      0      0 130683 130684      0      0      0      0      0      0 
    0    131     36     33      0      0      0      0      0      0   3201   1980      0      0 130683 130684      0      0      0      0      0      0 
    0    129     36     33      0      0      0      0      0      0   3201   1980      0      0 130683 130684      0      0      0      0      1      0 
    0    129     36     33      0      0      0      0      0      0   3201   1980      0      0 130683 130684      0      0      0      0      0      0 
    0    129     36     33      0      0      0      0      0      0   3201   1980      0      0 130683 130684      0      0      0      0      0      0 
    0    129     36     33      0      0      0      0      0      0   3201   1980      0      0 130683 130684      0      0      0      0      5      0 
    0    129     36     33      0      0      0      0      0      0   3201   1980      0      0 130683 130684      0      0      0      0      0      0 
    0    129     36     33      0      0      0      0      0      0   3201   1980      0      0 130683 130684      0      0      0      0      0      0 
    0    129     36     33      0      0      0      0      0      0   3201   1980      0      0 130683 130684      0      0      0      0      0      0 
    0    129     36     33      0      0      0      0      0      0   3201   1980      0      0 130683 130684      0      0      0      0      0      0 
    0    129     36     33      0      0      0      0      0      0   3201   1980      0      0 130683 130684      0      0      0      0      0      0 
    0    129     36     33      0      0      0      0      0      0   3201   1980      0      0 130683 130684      0      0      0      0      0      0 
    0    129     36     33      0      0      0      0      0      0   3201   1980      0      0 130683 130684      0      0      0      0      0      0 
    0    400     43     39     90     32      0      0      0      0   3201   1980      0      0 130687 130688      0      0      0      0     94     14 
    0    476     45     40     81     29      0      0      0      0   3201   1980      0      0 130687 130688      0      0      0      0    114     15 
    0    455     45     41     79     28      0      0      0      0   3201   1980      0      0 130687 130688      0      0      0      0    153     21 
    0    464     46     41     80     31      0      0      0      0   3201   1980      0      0 130687 130688      0      0      0      0    133     24 
    0    484     47     41     78     28      0      0      0      0   3201   1980      0      0 130687 130688      0      0      0      0    212     21 
    0    474     47     42     91     35      0      0      0      0   3201   1980      0      0 130687 130688      0      0      0      0    109     29 
    0    456     47     43     93     34      0      0      0      0   3201   1980      0      0 130687 130688      0      0      0      0     83     18 
    0    450     47     42     86     32      0      0      0      0   3201   1980      0      0 130687 130688      0      0      0      0    151     21 
    0    471     48     43     91     35      0      0      0      0   3201   1980      0      0 130687 130688      0      0      0      0    125     16 
    0    453     48     43     64     23      0      0      0      0   3201   1980      0      0 130687 130688      0      0      0      0     79     20 
    0    461     48     43     80     29      0      0      0      0   3201   1980      0      0 130687 130688      0      0      0      0    103     23 
    0    469     49     43     64     22      0      0      0      0   3201   1980      0      0 130687 130688      0      0      0      0    135     24 
    0    479     48     44    100     35      0      0      0      0   3201   1980      0      0 130687 130688      0      0      0      0      0      1 
