# gpu    pwr  gtemp  mtemp     sm    mem    enc    dec    jpg    ofa   mclk   pclk  pviol  tviol     fb   bar1   ccpm  sbecc  dbecc    pci  rxpci  txpci 
# Idx      W      C      C      %      %      %      %      %      %    MHz    MHz      %   bool     MB     MB     MB   errs   errs   errs   MB/s   MB/s 
    0    141     38     33      0      0      0      0      0      0   3201   1980      0      0 130683 130684      0      0      0      0      0      0 
    0    135     36     33      0      0      0      0      0      0   3201   1980      0      0 130683 130684      0      0      0      0      0      1 
    0    129     36     33      0      0      0      0      0      0   3201   1980      0      0 130683 130684      0      0      0      0      0      0 
    0    129     36     33      0      0      0      0      0      0   3201   1980      0      0 130683 130684      0      0      0      0      0      1 
    0    129     36     33      0      0      0      0      0      0   3201   1980      0      0 130683 130684      0      0      0      0      1      0 
    0    129     36     33      0      0      0      0      0      0   3201   1980      0      0 130683 130684      0      0      0      0      0      1 
    0    129     36     33      0      0      0      0      0      0   3201   1980      0      0 130683 130684      0      0      0      0      0      0 
    0    129     36     33      0      0      0      0      0      0   3201   1980      0      0 130683 130684      0      0      0      0      0      1 
    0    129     36     33      0      0      0      0      0      0   3201   1980      0      0 130683 130684      0      0      0      0      0      0 
    0    129     36     33      0      0      0      0      0      0   3201   1980      0      0 130683 130684      0      0      0      0      0      1 
    0    129     36     33      0      0      0      0      0      0   3201   1980      0      0 130683 130684      0      0      0      0      0      0 
    0    129     36     33      0      0      0      0      0      0   3201   1980      0      0 130683 130684      0      0      0      0      0      1 
    0    129     36     33      0      0      0      0      0      0   3201   1980      0      0 130683 130684      0      0      0      0      2      0 
    0    385     44     39    100     35      0      0      0      0   3201   1980      0      0 130687 130688      0      0      0      0     63      9 
    0    471     45     40     90     31      0      0      0      0   3201   1980      0      0 130687 130688      0      0      0      0     62     11 
    0    476     46     41    100     35      0      0      0      0   3201   1980      0      0 130687 130688      0      0      0      0     68     13 
    0    465     46     42     78     27      0      0      0      0   3201   1980      0      0 130687 130688      0      0      0      0     51     20 
    0    467     46     42     73     26      0      0      0      0   3201   1980      0      0 130687 130688      0      0      0      0    107     15 
    0    466     46     42     90     32      0      0      0      0   3201   1980      0      0 130687 130688      0      0      0      0     70     18 
    0    462     47     43    100     37      0      0      0      0   3201   1980      0      0 130687 130688      0      0      0      0    109     15 
    0    458     47     43     74     27      0      0      0      0   3201   1980      0      0 130687 130688      0      0      0      0    108     14 
    0    473     48     43    100     34      0      0      0      0   3201   1980      0      0 130687 130688      0      0      0      0     53     13 
    0    452     48     43     96     35      0      0      0      0   3201   1980      0      0 130687 130688      0      0      0      0    108     15 
    0    469     49     43     89     32      0      0      0      0   3201   1980      0      0 130687 130688      0      0      0      0     98     18 
    0    478     48     43     80     28      0      0      0      0   3201   1980      0      0 130687 130688      0      0      0      0     49     13 
    0    469     49     44    100     36      0      0      0      0   3201   1980      0      0 130687 130688      0      0      0      0     67     20 
    0    476     49     44     99     35      0      0      0      0   3201   1980      0      0 130687 130688      0      0      0      0     67     12 
    0    471     49     44     90     31      0      0      0      0   3201   1980      0      0 130687 130688      0      0      0      0     95     19 
    0    465     49     44     98     37      0      0      0      0   3201   1980      0      0 130687 130688      0      0      0      0    103     16 
    0    478     49     44     90     31      0      0      0      0   3201   1980      0      0 130687 130688      0      0      0      0     67     14 
    0    477     49     45    100     34      0      0      0      0   3201   1980      0      0 130687 130688      0      0      0      0     44     13 
    0    465     49     44     72     25      0      0      0      0   3201   1980      0      0 130687 130688      0      0      0      0     62     11 
    0    469     49     45     90     32      0      0      0      0   3201   1980      0      0 130687 130688      0      0      0      0     65     13 
    0    485     50     45     90     31      0      0      0      0   3201   1980      0      0 130687 130688      0      0      0      0     51     13 
    0    473     49     44    100     37      0      0      0      0   3201   1980      0      0 130687 130688      0      0      0      0     97     13 
    0    466     49     45     93     33      0      0      0      0   3201   1980      0      0 130687 130688      0      0      0      0     91     17 
    0    458     49     44     90     33      0      0      0      0   3201   1980      0      0 130687 130688      0      0      0      0     87     13 
    0    424     44     43      6      1      0      0      0      0   3201   1980      0      0 130687 130688      0      0      0      0      2      0 
