# gpu    pwr  gtemp  mtemp     sm    mem    enc    dec    jpg    ofa   mclk   pclk  pviol  tviol     fb   bar1   ccpm  sbecc  dbecc    pci  rxpci  txpci 
# Idx      W      C      C      %      %      %      %      %      %    MHz    MHz      %   bool     MB     MB     MB   errs   errs   errs   MB/s   MB/s 
    0    140     41     38      0      0      0      0      0      0   3201   1980      0      0 130683 130684      0      0      0      0      0      0 
    0    139     41     38      0      0      0      0      0      0   3201   1980      0      0 130683 130684      0      0      0      0      0      0 
    0    132     41     38      0      0      0      0      0      0   3201   1980      0      0 130683 130684      0      0      0      0      0      0 
    0    132     41     38      0      0      0      0      0      0   3201   1980      0      0 130683 130684      0      0      0      0      0      0 
    0    132     41     38      0      0      0      0      0      0   3201   1980      0      0 130683 130684      0      0      0      0      0      0 
    0    132     41     37      0      0      0      0      0      0   3201   1980      0      0 130683 130684      0      0      0      0      0      0 
    0    132     41     37      0      0      0      0      0      0   3201   1980      0      0 130683 130684      0      0      0      0      0      0 
    0    132     40     38      0      0      0      0      0      0   3201   1980      0      0 130683 130684      0      0      0      0      0      0 
    0    132     40     37      0      0      0      0      0      0   3201   1980      0      0 130683 130684      0      0      0      0      0      0 
    0    132     40     37      0      0      0      0      0      0   3201   1980      0      0 130683 130684      0      0      0      0      2      0 
    0    132     40     37      0      0      0      0      0      0   3201   1980      0      0 130683 130684      0      0      0      0      0      0 
    0    132     40     38      0      0      0      0      0      0   3201   1980      0      0 130683 130684      0      0      0      0      0      0 
    0    132     40     37      0      0      0      0      0      0   3201   1980      0      0 130683 130684      0      0      0      0      0      0 
    0    162     43     38      6      2      0      0      0      0   3201   1980      0      0 130685 130686      0      0      0      0      0      0 
    0    196     44     40     35      6      0      0      0      0   3201   1980      0      0 130685 130686      0      0      0      0      0      0 
    0    197     41     38      2      1      0      0      0      0   3201   1980      0      0 130685 130686      0      0      0      0     46     12 
    0    181     41     38      0      0      0      0      0      0   3201   1980      0      0 130685 130686      0      0      0      0      0      0 
    0    165     41     38      0      0      0      0      0      0   3201   1980      0      0 130685 130686      0      0      0      0      0      1 
    0    151     44     38     84     18      0      0      0      0   3201   1980      0      0 130685 130686      0      0      0      0     48      1 
    0    189     41     38     44     11      0      0      0      0   3201   1980      0      0 130685 130686      0      0      0      0     29      1 
    0    200     42     39      0      0      0      0      0      0   3201   1980      0      0 130685 130686      0      0      0      0      0      0 
    0    136     41     38      0      0      0      0      0      0   3201   1980      0      0 130687 130688      0      0      0      0     55     13 
    0    257     44     40     98     18      0      0      0      0   3201   1980      0      0 130687 130688      0      0      0      0      0      0 
    0    174     42     39      0      0      0      0      0      0   3201   1980      0      0 130687 130688      0      0      0      0      0      1 
    0    164     41     39      0      0      0      0      0      0   3201   1980      0      0 130687 130688      0      0      0      0      0      0 
    0    133     41     38      0      0      0      0      0      0   3201   1980      0      0 130687 130688      0      0      0      0      0      0 
    0    164     41     38      0      0      0      0      0      0   3201   1980      0      0 130687 130688      0      0      0      0      0      0 
    0    197     42     39      0      0      0      0      0      0   3201   1980      0      0 130687 130688      0      0      0      0      0      0 
    0    269     45     39     76     18      0      0      0      0   3201   1980      0      0 130687 130688      0      0      0      0     35     12 
    0    164     41     38      0      0      0      0      0      0   3201   1980      0      0 130687 130688      0      0      0      0      0      0 
    0    195     43     41     69     12      0      0      0      0   3201   1980      0      0 130687 130688      0      0      0      0     48      9 
    0    213     45     41     51      9      0      0      0      0   3201   1980      0      0 130687 130688      0      0      0      0      0      0 
    0    264     44     43      0      0      0      0      0      0   3201   1980      0      0 130687 130688      0      0      0      0     46     11 
    0    207     45     39      0      0      0      0      0      0   3201   1980      0      0 130687 130688      0      0      0      0      4      0 
    0    148     41     39      0      0      0      0      0      0   3201   1980      0      0 130687 130688      0      0      0      0      0      0 
    0    194     44     39     96     18      0      0      0      0   3201   1980      0      0 130687 130688      0      0      0      0      0      8 
    0    204     42     39     13      5      0      0      0      0   3201   1980      0      0 130687 130688      0      0      0      0     43     12 
    0    230     42     39      0      0      0      0      0      0   3201   1980      0      0 130687 130688      0      0      0      0     58     10 
    0    333     43     41      0      0      0      0      0      0   3201   1980      0      0 130687 130688      0      0      0      0     48     10 
    0    198     42     39      0      0      0      0      0      0   3201   1980      0      0 130687 130688      0      0      0      0      0      0 
    0    133     42     39      0      0      0      0      0      0   3201   1980      0      0 130687 130688      0      0      0      0      0      0 
    0    289     47     43    100     32      0      0      0      0   3201   1980      0      0 130687 130688      0      0      0      0      0      0 
    0    279     48     42     87     18      0      0      0      0   3201   1980      0      0 130687 130688      0      0      0      0     43     12 
    0    337     48     43     86     16      0      0      0      0   3201   1980      0      0 130687 130688      0      0      0      0      0      0 
# gpu    pwr  gtemp  mtemp     sm    mem    enc    dec    jpg    ofa   mclk   pclk  pviol  tviol     fb   bar1   ccpm  sbecc  dbecc    pci  rxpci  txpci 
# Idx      W      C      C      %      %      %      %      %      %    MHz    MHz      %   bool     MB     MB     MB   errs   errs   errs   MB/s   MB/s 
    0    223     49     43    100     30      0      0      0      0   3201   1980      0      0 130687 130688      0      0      0      0      0      0 
    0    226     45     43     82     24      0      0      0      0   3201   1980      0      0 130687 130688      0      0      0      0      0      0 
    0    134     42     39      0      0      0      0      0      0   3201   1980      0      0 130687 130688      0      0      0      0      0      0 
    0    196     45     41     18      3      0      0      0      0   3201   1980      0      0 130687 130688      0      0      0      0      0      0 
    0    133     42     39      0      0      0      0      0      0   3201   1980      0      0 130687 130688      0      0      0      0      0      0 
    0    165     42     39      0      0      0      0      0      0   3201   1980      0      0 130687 130688      0      0      0      0     75     10 
    0    255     48     43    100     34      0      0      0      0   3201   1980      0      0 130687 130688      0      0      0      0     43     12 
    0    397     46     44      0      0      0      0      0      0   3201   1980      0      0 130687 130688      0      0      0      0      0      0 
    0    229     47     43     49      9      0      0      0      0   3201   1980      0      0 130687 130688      0      0      0      0      0      0 
    0    258     43     41      0      0      0      0      0      0   3201   1980      0      0 130687 130688      0      0      0      0      0      0 
    0    154     45     40      0      0      0      0      0      0   3201   1980      0      0 130687 130688      0      0      0      0     76     11 
    0    248     45     43      0      0      0      0      0      0   3201   1980      0      0 130687 130688      0      0      0      0      0      0 
    0    239     44     41      0      0      0      0      0      0   3201   1980      0      0 130687 130688      0      0      0      0     43     12 
    0    266     48     43     61     22      0      0      0      0   3201   1980      0      0 130687 130688      0      0      0      0     43     12 
    0    240     43     41      0      0      0      0      0      0   3201   1980      0      0 130687 130688      0      0      0      0      0      0 
    0    166     43     40      0      0      0      0      0      0   3201   1980      0      0 130687 130688      0      0      0      0      0      0 
    0    183     46     42     83     18      0      0      0      0   3201   1980      0      0 130687 130688      0      0      0      0      0      0 
    0    199     44     42     60     11      0      0      0      0   3201   1980      0      0 130687 130688      0      0      0      0      0      0 
    0    200     43     40      0      0      0      0      0      0   3201   1980      0      0 130687 130688      0      0      0      0      0      0 
    0    164     44     41      0      0      0      0      0      0   3201   1980      0      0 130687 130688      0      0      0      0     52     10 
    0    172     42     39     12      4      0      0      0      0   3201   1980      0      0 130687 130688      0      0      0      0     44      0 
    0    204     43     41     11      2      0      0      0      0   3201   1980      0      0 130687 130688      0      0      0      0      0      0 
    0    197     46     41     91     17      0      0      0      0   3201   1980      0      0 130687 130688      0      0      0      0      0      0 
    0    166     44     41      2      0      0      0      0      0   3201   1980      0      0 130687 130688      0      0      0      0      0      0 
    0    166     42     39      0      0      0      0      0      0   3201   1980      0      0 130687 130688      0      0      0      0      0      0 
    0    198     45     41     92     18      0      0      0      0   3201   1980      0      0 130687 130688      0      0      0      0      1      0 
    0    199     46     41     88     18      0      0      0      0   3201   1980      0      0 130687 130688      0      0      0      0      0      0 
    0    133     42     39      0      0      0      0      0      0   3201   1980      0      0 130687 130688      0      0      0      0      0      0 
    0    198     46     40     46      8      0      0      0      0   3201   1980      0      0 130687 130688      0      0      0      0     66     11 
    0    282     44     42     45      8      0      0      0      0   3201   1980      0      0 130687 130688      0      0      0      0      0      0 
    0    229     46     40     29      8      0      0      0      0   3201   1980      0      0 130687 130688      0      0      0      0      0      1 
    0    287     44     42      0      0      0      0      0      0   3201   1980      0      0 130687 130688      0      0      0      0      0      0 
    0    199     43     40      0      0      0      0      0      0   3201   1980      0      0 130687 130688      0      0      0      0      0      1 
    0    226     46     40     16      6      0      0      0      0   3201   1980      0      0 130687 130688      0      0      0      0      0      0 
    0    136     42     39      0      0      0      0      0      0   3201   1980      0      0 130687 130688      0      0      0      0     43     11 
    0    215     42     40      0      0      0      0      0      0   3201   1980      0      0 130687 130688      0      0      0      0      0      0 
    0    166     42     40      0      0      0      0      0      0   3201   1980      0      0 130687 130688      0      0      0      0      0      1 
    0    183     43     39      0      0      0      0      0      0   3201   1980      0      0 130687 130688      0      0      0      0     35     12 
    0    207     42     39      0      0      0      0      0      0   3201   1980      0      0 130687 130688      0      0      0      0      0      1 
    0    198     46     41     45      8      0      0      0      0   3201   1980      0      0 130687 130688      0      0      0      0      0      0 
    0    133     42     39      0      0      0      0      0      0   3201   1980      0      0 130687 130688      0      0      0      0      0      1 
    0    133     42     38      0      0      0      0      0      0   3201   1980      0      0 130687 130688      0      0      0      0      0      0 
    0    133     41     38      0      0      0      0      0      0   3201   1980      0      0 130687 130688      0      0      0      0      0      0 
    0    213     42     39      0      0      0      0      0      0   3201   1980      0      0 130687 130688      0      0      0      0      0      0 
# gpu    pwr  gtemp  mtemp     sm    mem    enc    dec    jpg    ofa   mclk   pclk  pviol  tviol     fb   bar1   ccpm  sbecc  dbecc    pci  rxpci  txpci 
# Idx      W      C      C      %      %      %      %      %      %    MHz    MHz      %   bool     MB     MB     MB   errs   errs   errs   MB/s   MB/s 
    0    296     48     42    100     27      0      0      0      0   3201   1980      0      0 130687 130688      0      0      0      0      0      0 
    0    167     43     41      0      0      0      0      0      0   3201   1980      0      0 130687 130688      0      0      0      0      0      0 
    0    189     45     39      1      0      0      0      0      0   3201   1980      0      0 130687 130688      0      0      0      0      0      0 
    0    273     46     41     75     16      0      0      0      0   3201   1980      0      0 130687 130688      0      0      0      0     75     11 
    0    198     43     40      0      0      0      0      0      0   3201   1980      0      0 130687 130688      0      0      0      0      0      0 
    0    165     43     41      0      0      0      0      0      0   3201   1980      0      0 130687 130688      0      0      0      0      0      0 
    0    133     42     39      0      0      0      0      0      0   3201   1980      0      0 130687 130688      0      0      0      0      1      0 
    0    165     42     39      0      0      0      0      0      0   3201   1980      0      0 130687 130688      0      0      0      0      0      0 
    0    254     43     40      0      0      0      0      0      0   3201   1980      0      0 130687 130688      0      0      0      0      0      0 
    0    303     49     43     87     31      0      0      0      0   3201   1980      0      0 130687 130688      0      0      0      0     43     12 
    0    250     46     42     56     10      0      0      0      0   3201   1980      0      0 130687 130688      0      0      0      0     11      0 
    0    145     42     39      0      0      0      0      0      0   3201   1980      0      0 130687 130688      0      0      0      0      0      0 
    0    242     48     43     95     33      0      0      0      0   3201   1980      0      0 130687 130688      0      0      0      0     37     13 
    0    248     46     40     88     20      0      0      0      0   3201   1980      0      0 130687 130688      0      0      0      0      2      0 
    0    136     42     39      0      0      0      0      0      0   3201   1980      0      0 130687 130688      0      0      0      0      0      0 
    0    197     43     40     54     10      0      0      0      0   3201   1980      0      0 130687 130688      0      0      0      0     76     12 
    0    196     42     39      0      0      0      0      0      0   3201   1980      0      0 130687 130688      0      0      0      0      0      0 
    0    315     49     43     91     22      0      0      0      0   3201   1980      0      0 130687 130688      0      0      0      0      0      1 
    0    134     42     39      0      0      0      0      0      0   3201   1980      0      0 130687 130688      0      0      0      0      0      0 
    0    199     45     40     45     11      0      0      0      0   3201   1980      0      0 130687 130688      0      0      0      0      0      1 
    0    330     44     41      0      0      0      0      0      0   3201   1980      0      0 130687 130688      0      0      0      0      0      0 
