# gpu    pwr  gtemp  mtemp     sm    mem    enc    dec    jpg    ofa   mclk   pclk  pviol  tviol     fb   bar1   ccpm  sbecc  dbecc    pci  rxpci  txpci 
# Idx      W      C      C      %      %      %      %      %      %    MHz    MHz      %   bool     MB     MB     MB   errs   errs   errs   MB/s   MB/s 
    0    144     42     37     33      7      0      0      0      0   3201   1980      0      0 130683 130684      0      0      0      0      0      0 
    0    134     40     37      0      0      0      0      0      0   3201   1980      0      0 130683 130684      0      0      0      0      0      1 
    0    132     40     37      0      0      0      0      0      0   3201   1980      0      0 130683 130684      0      0      0      0      0      0 
    0    132     40     37      0      0      0      0      0      0   3201   1980      0      0 130683 130684      0      0      0      0      0      1 
    0    132     40     37      0      0      0      0      0      0   3201   1980      0      0 130683 130684      0      0      0      0      0      0 
    0    132     40     37      0      0      0      0      0      0   3201   1980      0      0 130683 130684      0      0      0      0      0      1 
    0    132     40     37      0      0      0      0      0      0   3201   1980      0      0 130683 130684      0      0      0      0      0      0 
    0    132     40     37      0      0      0      0      0      0   3201   1980      0      0 130683 130684      0      0      0      0      0      1 
    0    132     40     37      0      0      0      0      0      0   3201   1980      0      0 130683 130684      0      0      0      0      0      0 
    0    132     40     37      0      0      0      0      0      0   3201   1980      0      0 130683 130684      0      0      0      0      0      1 
    0    132     40     37      0      0      0      0      0      0   3201   1980      0      0 130683 130684      0      0      0      0      0      0 
    0    132     40     37      0      0      0      0      0      0   3201   1980      0      0 130683 130684      0      0      0      0      0      1 
    0    132     40     36      0      0      0      0      0      0   3201   1980      0      0 130683 130684      0      0      0      0      0      0 
    0    311     47     42    100     33      0      0      0      0   3201   1980      0      0 130687 130688      0      0      0      0     41     11 
    0    482     49     43    100     33      0      0      0      0   3201   1980      0      0 130687 130688      0      0      0      0     44     12 
    0    489     50     44    100     34      0      0      0      0   3201   1980      0      0 130687 130688      0      0      0      0     53     14 
    0    490     50     45    100     34      0      0      0      0   3201   1980      0      0 130687 130688      0      0      0      0     92     39 
    0    489     51     45    100     34      0      0      0      0   3201   1980      0      0 130687 130688      0      0      0      0     58     11 
    0    489     51     46    100     34      0      0      0      0   3201   1980      0      0 130687 130688      0      0      0      0     45     13 
    0    488     51     46    100     34      0      0      0      0   3201   1980      0      0 130687 130688      0      0      0      0     59     13 
    0    489     52     46    100     34      0      0      0      0   3201   1980      0      0 130687 130688      0      0      0      0     45     13 
    0    481     52     47    100     35      0      0      0      0   3201   1980      0      0 130687 130688      0      0      0      0     55     15 
    0    493     52     47    100     35      0      0      0      0   3201   1980      0      0 130687 130688      0      0      0      0     84     14 
    0    494     53     47    100     34      0      0      0      0   3201   1980      0      0 130687 130688      0      0      0      0     68     13 
    0    490     53     48    100     34      0      0      0      0   3201   1980      0      0 130687 130688      0      0      0      0     54     12 
    0    492     53     48    100     34      0      0      0      0   3201   1980      0      0 130687 130688      0      0      0      0     52     12 
    0    492     54     48    100     34      0      0      0      0   3201   1980      0      0 130687 130688      0      0      0      0     50     12 
    0    492     54     48    100     34      0      0      0      0   3201   1980      0      0 130687 130688      0      0      0      0     45     14 
    0    497     54     49    100     34      0      0      0      0   3201   1980      0      0 130687 130688      0      0      0      0     66     13 
    0    493     54     49    100     34      0      0      0      0   3201   1980      0      0 130687 130688      0      0      0      0     67     13 
    0    498     55     49    100     35      0      0      0      0   3201   1980      0      0 130687 130688      0      0      0      0     66     12 
    0    498     55     49    100     35      0      0      0      0   3201   1980      0      0 130687 130688      0      0      0      0     56     15 
    0    496     55     50    100     35      0      0      0      0   3201   1980      0      0 130687 130688      0      0      0      0     58     14 
    0    493     55     50    100     36      0      0      0      0   3201   1980      0      0 130687 130688      0      0      0      0     55     15 
    0    497     55     50    100     35      0      0      0      0   3201   1980      0      0 130687 130688      0      0      0      0     69     12 
    0    496     55     50    100     34      0      0      0      0   3201   1980      0      0 130687 130688      0      0      0      0     52     15 
    0    497     56     50    100     35      0      0      0      0   3201   1980      0      0 130687 130688      0      0      0      0     66     11 
    0    496     56     51    100     35      0      0      0      0   3201   1980      0      0 130687 130688      0      0      0      0     66     16 
    0    488     56     51    100     35      0      0      0      0   3201   1980      0      0 130687 130688      0      0      0      0     67     15 
    0    489     56     51    100     35      0      0      0      0   3201   1980      0      0 130687 130688      0      0      0      0     78     16 
    0    502     56     51    100     35      0      0      0      0   3201   1980      0      0 130687 130688      0      0      0      0     59     14 
    0    497     56     51    100     35      0      0      0      0   3201   1980      0      0 130687 130688      0      0      0      0     66     14 
    0    497     56     51    100     35      0      0      0      0   3201   1980      0      0 130687 130688      0      0      0      0     95     13 
    0    490     56     51    100     36      0      0      0      0   3201   1980      0      0 130687 130688      0      0      0      0     72     16 
# gpu    pwr  gtemp  mtemp     sm    mem    enc    dec    jpg    ofa   mclk   pclk  pviol  tviol     fb   bar1   ccpm  sbecc  dbecc    pci  rxpci  txpci 
# Idx      W      C      C      %      %      %      %      %      %    MHz    MHz      %   bool     MB     MB     MB   errs   errs   errs   MB/s   MB/s 
    0    483     57     52    100     36      0      0      0      0   3201   1980      0      0 130687 130688      0      0      0      0     94     16 
    0    493     57     52    100     36      0      0      0      0   3201   1980      0      0 130687 130688      0      0      0      0     78     13 
    0    500     57     52    100     34      0      0      0      0   3201   1980      0      0 130687 130688      0      0      0      0     63     12 
    0    493     57     52    100     34      0      0      0      0   3201   1980      0      0 130687 130688      0      0      0      0     52     12 
    0    490     57     52    100     34      0      0      0      0   3201   1980      0      0 130687 130688      0      0      0      0     45     12 
    0    495     57     52    100     34      0      0      0      0   3201   1980      0      0 130687 130688      0      0      0      0     52     11 
    0    498     57     52    100     35      0      0      0      0   3201   1980      0      0 130687 130688      0      0      0      0     95     13 
    0    495     57     52    100     36      0      0      0      0   3201   1980      0      0 130687 130688      0      0      0      0     93     16 
    0    497     57     52    100     36      0      0      0      0   3201   1980      0      0 130687 130688      0      0      0      0    109     14 
    0    497     57     52    100     36      0      0      0      0   3201   1980      0      0 130687 130688      0      0      0      0     94     22 
    0    495     58     52    100     35      0      0      0      0   3201   1980      0      0 130687 130688      0      0      0      0     57     16 
    0    502     58     52    100     36      0      0      0      0   3201   1980      0      0 130687 130688      0      0      0      0     77     14 
    0    500     58     52    100     35      0      0      0      0   3201   1980      0      0 130687 130688      0      0      0      0     73     12 
    0    501     58     52    100     35      0      0      0      0   3201   1980      0      0 130687 130688      0      0      0      0     88     15 
    0    492     58     52    100     35      0      0      0      0   3201   1980      0      0 130687 130688      0      0      0      0     78     14 
    0    500     58     52    100     34      0      0      0      0   3201   1980      0      0 130687 130688      0      0      0      0     69     12 
    0    504     58     52    100     34      0      0      0      0   3201   1980      0      0 130687 130688      0      0      0      0     49     13 
    0    503     58     52    100     34      0      0      0      0   3201   1980      0      0 130687 130688      0      0      0      0     68     12 
    0    504     58     52    100     34      0      0      0      0   3201   1980      0      0 130687 130688      0      0      0      0     63     12 
    0    504     58     52    100     35      0      0      0      0   3201   1980      0      0 130687 130688      0      0      0      0     51     14 
    0    501     59     52    100     34      0      0      0      0   3201   1980      0      0 130687 130688      0      0      0      0     63     11 
    0    504     59     52    100     34      0      0      0      0   3201   1980      0      0 130687 130688      0      0      0      0     63     12 
    0    501     59     52    100     34      0      0      0      0   3201   1980      0      0 130687 130688      0      0      0      0     48     13 
    0    503     59     53    100     34      0      0      0      0   3201   1980      0      0 130687 130688      0      0      0      0     68     14 
    0    501     59     53    100     34      0      0      0      0   3201   1980      0      0 130687 130688      0      0      0      0     58     11 
    0    503     59     53    100     34      0      0      0      0   3201   1980      0      0 130687 130688      0      0      0      0     57     11 
    0    497     59     53    100     34      0      0      0      0   3201   1980      0      0 130687 130688      0      0      0      0     45     12 
    0    499     59     53    100     34      0      0      0      0   3201   1980      0      0 130687 130688      0      0      0      0     58     13 
    0    503     59     53    100     34      0      0      0      0   3201   1980      0      0 130687 130688      0      0      0      0     68     14 
    0    507     59     53    100     35      0      0      0      0   3201   1980      0      0 130687 130688      0      0      0      0     66     13 
    0    502     59     53    100     35      0      0      0      0   3201   1980      0      0 130687 130688      0      0      0      0     88     13 
    0    500     59     53    100     36      0      0      0      0   3201   1980      0      0 130687 130688      0      0      0      0     93     16 
    0    494     59     53    100     35      0      0      0      0   3201   1980      0      0 130687 130688      0      0      0      0     62     15 
    0    495     59     53    100     35      0      0      0      0   3201   1980      0      0 130687 130688      0      0      0      0     73     14 
    0    506     59     53    100     35      0      0      0      0   3201   1980      0      0 130687 130688      0      0      0      0     50     13 
    0    504     59     53    100     34      0      0      0      0   3201   1980      0      0 130687 130688      0      0      0      0     68     13 
    0    502     59     53    100     34      0      0      0      0   3201   1980      0      0 130687 130688      0      0      0      0     53     11 
    0    503     59     53    100     34      0      0      0      0   3201   1980      0      0 130687 130688      0      0      0      0     66     14 
    0    502     59     53    100     34      0      0      0      0   3201   1980      0      0 130687 130688      0      0      0      0     58     12 
    0    503     59     53    100     34      0      0      0      0   3201   1980      0      0 130687 130688      0      0      0      0     61     13 
    0    497     59     53    100     34      0      0      0      0   3201   1980      0      0 130687 130688      0      0      0      0     52     11 
    0    496     59     53    100     34      0      0      0      0   3201   1980      0      0 130687 130688      0      0      0      0     34     11 
    0    482     59     53    100     33      0      0      0      0   3201   1980      0      0 130687 130688      0      0      0      0     34     11 
    0    499     59     53    100     33      0      0      0      0   3201   1980      0      0 130687 130688      0      0      0      0     47     12 
# gpu    pwr  gtemp  mtemp     sm    mem    enc    dec    jpg    ofa   mclk   pclk  pviol  tviol     fb   bar1   ccpm  sbecc  dbecc    pci  rxpci  txpci 
# Idx      W      C      C      %      %      %      %      %      %    MHz    MHz      %   bool     MB     MB     MB   errs   errs   errs   MB/s   MB/s 
    0    502     59     53    100     34      0      0      0      0   3201   1980      0      0 130687 130688      0      0      0      0     51     15 
    0    504     59     53    100     35      0      0      0      0   3201   1980      0      0 130687 130688      0      0      0      0     51     12 
    0    503     59     53    100     35      0      0      0      0   3201   1980      0      0 130687 130688      0      0      0      0     73     14 
    0    502     59     53    100     35      0      0      0      0   3201   1980      0      0 130687 130688      0      0      0      0     59     13 
    0    504     59     53    100     35      0      0      0      0   3201   1980      0      0 130687 130688      0      0      0      0     66     13 
    0    506     59     53    100     35      0      0      0      0   3201   1980      0      0 130687 130688      0      0      0      0     63     12 
    0    502     59     53    100     34      0      0      0      0   3201   1980      0      0 130687 130688      0      0      0      0     50     12 
    0    498     59     53    100     34      0      0      0      0   3201   1980      0      0 130687 130688      0      0      0      0     44     12 
    0    503     59     53    100     34      0      0      0      0   3201   1980      0      0 130687 130688      0      0      0      0     65     15 
    0    499     59     53    100     35      0      0      0      0   3201   1980      0      0 130687 130688      0      0      0      0     62     17 
    0    497     59     53    100     35      0      0      0      0   3201   1980      0      0 130687 130688      0      0      0      0     88     15 
    0    497     59     53    100     36      0      0      0      0   3201   1980      0      0 130687 130688      0      0      0      0     78     13 
    0    496     59     53    100     35      0      0      0      0   3201   1980      0      0 130687 130688      0      0      0      0     66     13 
    0    501     59     53    100     35      0      0      0      0   3201   1980      0      0 130687 130688      0      0      0      0     67     14 
    0    507     59     53    100     35      0      0      0      0   3201   1980      0      0 130687 130688      0      0      0      0     77     12 
    0    503     59     53    100     35      0      0      0      0   3201   1980      0      0 130687 130688      0      0      0      0     68     12 
    0    507     59     53    100     35      0      0      0      0   3201   1980      0      0 130687 130688      0      0      0      0     51     11 
    0    499     59     53    100     35      0      0      0      0   3201   1980      0      0 130687 130688      0      0      0      0     73     14 
    0    502     59     53    100     35      0      0      0      0   3201   1980      0      0 130687 130688      0      0      0      0     67     12 
    0    509     59     54    100     35      0      0      0      0   3201   1980      0      0 130687 130688      0      0      0      0     74     16 
    0    500     59     53    100     35      0      0      0      0   3201   1980      0      0 130687 130688      0      0      0      0     54     13 
    0    502     59     53    100     35      0      0      0      0   3201   1980      0      0 130687 130688      0      0      0      0     52     14 
    0    499     59     53    100     34      0      0      0      0   3201   1980      0      0 130687 130688      0      0      0      0     46     13 
    0    366     51     49      0      0      0      0      0      0   3201   1980      0      0 130687 130688      0      0      0      0      0      0 
