# gpu    pwr  gtemp  mtemp     sm    mem    enc    dec    jpg    ofa   mclk   pclk  pviol  tviol     fb   bar1   ccpm  sbecc  dbecc    pci  rxpci  txpci 
# Idx      W      C      C      %      %      %      %      %      %    MHz    MHz      %   bool     MB     MB     MB   errs   errs   errs   MB/s   MB/s 
    0    144     41     36     18      5      0      0      0      0   3201   1980      0      0 130555 130556      0      0      0      0      0      0 
    0    135     38     35      0      0      0      0      0      0   3201   1980      0      0 130555 130556      0      0      0      0      1      1 
    0    131     38     35      0      0      0      0      0      0   3201   1980      0      0 130555 130556      0      0      0      0      0      0 
    0    131     38     35      0      0      0      0      0      0   3201   1980      0      0 130555 130556      0      0      0      0      0      1 
    0    131     38     35      0      0      0      0      0      0   3201   1980      0      0 130555 130556      0      0      0      0      0      0 
    0    131     38     35      0      0      0      0      0      0   3201   1980      0      0 130555 130556      0      0      0      0      0      1 
    0    131     38     35      0      0      0      0      0      0   3201   1980      0      0 130555 130556      0      0      0      0      0      0 
    0    131     38     35      0      0      0      0      0      0   3201   1980      0      0 130555 130556      0      0      0      0      0      1 
    0    131     38     35      0      0      0      0      0      0   3201   1980      0      0 130555 130556      0      0      0      0      0      0 
    0    131     38     35      0      0      0      0      0      0   3201   1980      0      0 130555 130556      0      0      0      0      0      1 
    0    131     38     35      0      0      0      0      0      0   3201   1980      0      0 130555 130556      0      0      0      0      0      0 
    0    131     38     35      0      0      0      0      0      0   3201   1980      0      0 130555 130556      0      0      0      0      0      0 
    0    131     38     35      0      0      0      0      0      0   3201   1980      0      0 130555 130556      0      0      0      0      7      0 
    0    135     38     35      0      0      0      0      0      0   3201   1980      0      0 130557 130558      0      0      0      0      0      0 
    0    131     38     35      2      0      0      0      0      0   3201   1980      0      0 130557 130558      0      0      0      0     44      0 
    0    334     46     41    100     34      0      0      0      0   3201   1980      0      0 130557 130558      0      0      0      0     67     12 
    0    361     42     38      0      0      0      0      0      0   3201   1980      0      0 130559 130560      0      0      0      0     44      9 
    0    204     39     37      0      0      0      0      0      0   3201   1980      0      0 130559 130560      0      0      0      0      0      0 
    0    254     46     41    100     33      0      0      0      0   3201   1980      0      0 130559 130560      0      0      0      0     42     11 
    0    363     46     41     99     18      0      0      0      0   3201   1980      0      0 130559 130560      0      0      0      0     47     10 
    0    370     42     40    100     18      0      0      0      0   3201   1980      0      0 130559 130560      0      0      0      0      0      0 
    0    296     47     42    100     33      0      0      0      0   3201   1980      0      0 130559 130560      0      0      0      0     69     11 
    0    427     46     42    100     18      0      0      0      0   3201   1980      0      0 130559 130560      0      0      0      0      0      0 
    0    231     41     38      0      0      0      0      0      0   3201   1980      0      0 130559 130560      0      0      0      0      0      0 
    0    228     41     39      0      0      0      0      0      0   3201   1980      0      0 130559 130560      0      0      0      0      0      0 
    0    132     40     37      0      0      0      0      0      0   3201   1980      0      0 130559 130560      0      0      0      0      0     11 
    0    256     44     40     68     13      0      0      0      0   3201   1980      0      0 130559 130560      0      0      0      0     48     10 
    0    367     46     40      0      0      0      0      0      0   3201   1980      0      0 130559 130560      0      0      0      0     36     11 
    0    482     49     43    100     33      0      0      0      0   3201   1980      0      0 130559 130560      0      0      0      0     35     11 
    0    282     45     40     55     11      0      0      0      0   3201   1980      0      0 130559 130560      0      0      0      0     42     10 
    0    428     49     43    100     33      0      0      0      0   3201   1980      0      0 130559 130560      0      0      0      0     48     12 
    0    470     50     44    100     33      0      0      0      0   3201   1980      0      0 130559 130560      0      0      0      0     34     11 
    0    482     50     45    100     33      0      0      0      0   3201   1980      0      0 130559 130560      0      0      0      0     44     10 
    0    478     49     45    100     33      0      0      0      0   3201   1980      0      0 130559 130560      0      0      0      0     42     10 
    0    194     45     40     34      7      0      0      0      0   3201   1980      0      0 130559 130560      0      0      0      0     42     11 
    0    372     50     44    100     33      0      0      0      0   3201   1980      0      0 130559 130560      0      0      0      0     49     11 
    0    482     51     45    100     33      0      0      0      0   3201   1980      0      0 130559 130560      0      0      0      0     42     14 
    0    466     51     45    100     33      0      0      0      0   3201   1980      0      0 130559 130560      0      0      0      0     41     12 
    0    484     51     46    100     33      0      0      0      0   3201   1980      0      0 130559 130560      0      0      0      0     38     13 
    0    343     44     42      0      0      0      0      0      0   3201   1980      0      0 130559 130560      0      0      0      0      0      0 
    0    134     43     40      0      0      0      0      0      0   3201   1980      0      0 130559 130560      0      0      0      0     42     11 
    0    479     51     45    100     33      0      0      0      0   3201   1980      0      0 130559 130560      0      0      0      0     43     12 
    0    486     51     46    100     33      0      0      0      0   3201   1980      0      0 130559 130560      0      0      0      0     61     12 
    0    487     52     46    100     33      0      0      0      0   3201   1980      0      0 130559 130560      0      0      0      0     45     10 
# gpu    pwr  gtemp  mtemp     sm    mem    enc    dec    jpg    ofa   mclk   pclk  pviol  tviol     fb   bar1   ccpm  sbecc  dbecc    pci  rxpci  txpci 
# Idx      W      C      C      %      %      %      %      %      %    MHz    MHz      %   bool     MB     MB     MB   errs   errs   errs   MB/s   MB/s 
    0    461     52     46    100     33      0      0      0      0   3201   1980      0      0 130559 130560      0      0      0      0     42     11 
    0    468     52     47    100     33      0      0      0      0   3201   1980      0      0 130559 130560      0      0      0      0     42     11 
    0    177     44     41      0      0      0      0      0      0   3201   1980      0      0 130559 130560      0      0      0      0     28     10 
    0    373     46     44    100     18      0      0      0      0   3201   1980      0      0 130559 130560      0      0      0      0      0      0 
    0    134     43     41      0      0      0      0      0      0   3201   1980      0      0 130559 130560      0      0      0      0      0      1 
    0    317     48     43    100     18      0      0      0      0   3201   1980      0      0 130559 130560      0      0      0      0     47      8 
    0    401     52     45    100     33      0      0      0      0   3201   1980      0      0 130559 130560      0      0      0      0     65     14 
    0    199     43     41      0      0      0      0      0      0   3201   1980      0      0 130559 130560      0      0      0      0      0      0 
    0    134     42     40      0      0      0      0      0      0   3201   1980      0      0 130559 130560      0      0      0      0      0      0 
    0    334     50     44    100     35      0      0      0      0   3201   1980      0      0 130559 130560      0      0      0      0     53     13 
    0    441     51     45    100     33      0      0      0      0   3201   1980      0      0 130559 130560      0      0      0      0     42     11 
    0    483     51     46    100     33      0      0      0      0   3201   1980      0      0 130559 130560      0      0      0      0     52     11 
    0    487     52     46    100     34      0      0      0      0   3201   1980      0      0 130559 130560      0      0      0      0     48     11 
    0    483     52     47    100     33      0      0      0      0   3201   1980      0      0 130559 130560      0      0      0      0     48     11 
    0    484     52     47    100     33      0      0      0      0   3201   1980      0      0 130559 130560      0      0      0      0     43     10 
    0    231     44     42      0      0      0      0      0      0   3201   1980      0      0 130559 130560      0      0      0      0      0      0 
    0    349     51     46    100     33      0      0      0      0   3201   1980      0      0 130559 130560      0      0      0      0     40     12 
    0    483     52     47    100     33      0      0      0      0   3201   1980      0      0 130559 130560      0      0      0      0     48     12 
    0    381     45     43      0      0      0      0      0      0   3201   1980      0      0 130559 130560      0      0      0      0      0      0 
    0    313     51     46    100     33      0      0      0      0   3201   1980      0      0 130559 130560      0      0      0      0     48      9 
    0    279     48     44    100     18      0      0      0      0   3201   1980      0      0 130559 130560      0      0      0      0      0      0 
    0    402     50     46    100     33      0      0      0      0   3201   1980      0      0 130559 130560      0      0      0      0      5      0 
    0    392     49     45    100     18      0      0      0      0   3201   1980      0      0 130559 130560      0      0      0      0      0      0 
    0    272     49     44    100     25      0      0      0      0   3201   1980      0      0 130559 130560      0      0      0      0     44     10 
    0    222     47     43     22      5      0      0      0      0   3201   1980      0      0 130559 130560      0      0      0      0     44     10 
    0    296     45     43    100     18      0      0      0      0   3201   1980      0      0 130559 130560      0      0      0      0     48      9 
    0    357     46     44     78     14      0      0      0      0   3201   1980      0      0 130559 130560      0      0      0      0      0      1 
    0    175     47     42     29      6      0      0      0      0   3201   1980      0      0 130559 130560      0      0      0      0     42     10 
    0    386     51     45    100     33      0      0      0      0   3201   1980      0      0 130559 130560      0      0      0      0     50     15 
    0    484     52     46    100     33      0      0      0      0   3201   1980      0      0 130559 130560      0      0      0      0     48     12 
    0    488     52     47    100     33      0      0      0      0   3201   1980      0      0 130559 130560      0      0      0      0     41     13 
    0    486     52     47    100     33      0      0      0      0   3201   1980      0      0 130559 130560      0      0      0      0     42     11 
    0    484     52     48    100     33      0      0      0      0   3201   1980      0      0 130559 130560      0      0      0      0     36     12 
    0    471     52     47    100     33      0      0      0      0   3201   1980      0      0 130559 130560      0      0      0      0     42     11 
    0    323     51     46    100     33      0      0      0      0   3201   1980      0      0 130559 130560      0      0      0      0     48     13 
    0    398     46     44     72     13      0      0      0      0   3201   1980      0      0 130559 130560      0      0      0      0      0      0 
    0    246     47     43      0      0      0      0      0      0   3201   1980      0      0 130559 130560      0      0      0      0     47     10 
    0    382     52     46    100     33      0      0      0      0   3201   1980      0      0 130559 130560      0      0      0      0     42     10 
    0    326     48     44    100     18      0      0      0      0   3201   1980      0      0 130559 130560      0      0      0      0     42     10 
    0    286     46     43     57     10      0      0      0      0   3201   1980      0      0 130559 130560      0      0      0      0      0      0 
    0    134     43     41      0      0      0      0      0      0   3201   1980      0      0 130559 130560      0      0      0      0      0      0 
    0    134     43     41      0      0      0      0      0      0   3201   1980      0      0 130559 130560      0      0      0      0      0      0 
    0    243     50     43    100     33      0      0      0      0   3201   1980      0      0 130559 130560      0      0      0      0     34     11 
    0    411     50     44    100     29      0      0      0      0   3201   1980      0      0 130559 130560      0      0      0      0     42     11 
# gpu    pwr  gtemp  mtemp     sm    mem    enc    dec    jpg    ofa   mclk   pclk  pviol  tviol     fb   bar1   ccpm  sbecc  dbecc    pci  rxpci  txpci 
# Idx      W      C      C      %      %      %      %      %      %    MHz    MHz      %   bool     MB     MB     MB   errs   errs   errs   MB/s   MB/s 
    0    484     52     47    100     33      0      0      0      0   3201   1980      0      0 130559 130560      0      0      0      0     42     11 
    0    322     45     43      0      0      0      0      0      0   3201   1980      0      0 130559 130560      0      0      0      0     50     10 
    0    393     52     46    100     33      0      0      0      0   3201   1980      0      0 130559 130560      0      0      0      0     48     12 
    0    484     52     47    100     33      0      0      0      0   3201   1980      0      0 130559 130560      0      0      0      0     42     11 
    0    384     46     44     99     18      0      0      0      0   3201   1980      0      0 130559 130560      0      0      0      0      2      1 
    0    234     44     43      0      0      0      0      0      0   3201   1980      0      0 130559 130560      0      0      0      0      0      0 
    0    136     44     41      0      0      0      0      0      0   3201   1980      0      0 130559 130560      0      0      0      0     42     10 
    0    254     48     43      0      0      0      0      0      0   3201   1980      0      0 130559 130560      0      0      0      0     42     11 
    0    485     52     46    100     33      0      0      0      0   3201   1980      0      0 130559 130560      0      0      0      0     40     12 
    0    488     52     47    100     33      0      0      0      0   3201   1980      0      0 130559 130560      0      0      0      0     41     12 
    0    485     53     48    100     33      0      0      0      0   3201   1980      0      0 130559 130560      0      0      0      0     48     11 
    0    281     49     44    100     18      0      0      0      0   3201   1980      0      0 130559 130560      0      0      0      0     48      9 
    0    411     53     47    100     33      0      0      0      0   3201   1980      0      0 130559 130560      0      0      0      0     41     12 
    0    485     53     48    100     33      0      0      0      0   3201   1980      0      0 130559 130560      0      0      0      0     40     11 
    0    280     49     45     99     18      0      0      0      0   3201   1980      0      0 130559 130560      0      0      0      0     42     10 
    0    364     50     46    100     18      0      0      0      0   3201   1980      0      0 130559 130560      0      0      0      0     42     10 
    0    378     52     46    100     18      0      0      0      0   3201   1980      0      0 130559 130560      0      0      0      0     34     12 
    0    486     53     48    100     33      0      0      0      0   3201   1980      0      0 130559 130560      0      0      0      0     42     10 
    0    256     50     45    100     18      0      0      0      0   3201   1980      0      0 130559 130560      0      0      0      0     47     10 
    0    343     53     47    100     33      0      0      0      0   3201   1980      0      0 130559 130560      0      0      0      0     50     12 
    0    472     52     48    100     33      0      0      0      0   3201   1980      0      0 130559 130560      0      0      0      0      0      0 
    0    152     45     43      0      0      0      0      0      0   3201   1980      0      0 130559 130560      0      0      0      0      0      0 
    0    135     45     42      0      0      0      0      0      0   3201   1980      0      0 130559 130560      0      0      0      0      0      0 
    0    135     44     42      0      0      0      0      0      0   3201   1980      0      0 130559 130560      0      0      0      0      0      0 
    0    134     44     41      0      0      0      0      0      0   3201   1980      0      0 130559 130560      0      0      0      0      0      0 
    0    134     44     41      0      0      0      0      0      0   3201   1980      0      0 130559 130560      0      0      0      0      0      1 
    0    134     44     41      0      0      0      0      0      0   3201   1980      0      0 130559 130560      0      0      0      0      0      0 
