# gpu    pwr  gtemp  mtemp     sm    mem    enc    dec    jpg    ofa   mclk   pclk  pviol  tviol     fb   bar1   ccpm  sbecc  dbecc    pci  rxpci  txpci 
# Idx      W      C      C      %      %      %      %      %      %    MHz    MHz      %   bool     MB     MB     MB   errs   errs   errs   MB/s   MB/s 
    0    151     46     40     28     11      0      0      0      0   3201   1980      0      0 130751 130752      0      0      0      0      0      1 
    0    133     42     39      0      0      0      0      0      0   3201   1980      0      0 130751 130752      0      0      0      0      0      0 
    0    133     41     39      0      0      0      0      0      0   3201   1980      0      0 130751 130752      0      0      0      0      0      1 
    0    133     41     39      0      0      0      0      0      0   3201   1980      0      0 130751 130752      0      0      0      0      0      0 
    0    133     41     38      0      0      0      0      0      0   3201   1980      0      0 130751 130752      0      0      0      0      0      1 
    0    133     41     38      0      0      0      0      0      0   3201   1980      0      0 130751 130752      0      0      0      0      0      0 
    0    133     41     38      0      0      0      0      0      0   3201   1980      0      0 130751 130752      0      0      0      0      0      1 
    0    133     41     38      0      0      0      0      0      0   3201   1980      0      0 130751 130752      0      0      0      0      0      0 
    0    132     41     38      0      0      0      0      0      0   3201   1980      0      0 130751 130752      0      0      0      0      0      1 
    0    132     41     38      0      0      0      0      0      0   3201   1980      0      0 130751 130752      0      0      0      0      0      0 
    0    132     41     38      0      0      0      0      0      0   3201   1980      0      0 130751 130752      0      0      0      0      0      1 
    0    132     41     38      0      0      0      0      0      0   3201   1980      0      0 130751 130752      0      0      0      0      0      0 
    0    132     41     38      0      0      0      0      0      0   3201   1980      0      0 130751 130752      0      0      0      0      0      0 
    0    231     47     42    100     23      0      0      0      0   3201   1980      0      0 130751 130752      0      0      0      0     38      9 
    0    529     52     47     98     52      0      0      0      0   3201   1980      0      0 130751 130752      0      0      0      0     33     13 
    0    584     53     48    100     52      0      0      0      0   3201   1980      0      0 130751 130752      0      0      0      0     38     13 
    0    578     53     50    100     54      0      0      0      0   3201   1980      0      0 130751 130752      0      0      0      0     36     14 
    0    581     54     50    100     54      0      0      0      0   3201   1980     25      0 130751 130752      0      0      0      0     33     10 
    0    317     50     45     27     11      0      0      0      0   3201   1980      0      0 130751 130752      0      0      0      0     39     16 
    0    565     54     50    100     54      0      0      0      0   3201   1980      0      0 130751 130752      0      0      0      0     36     13 
    0    587     55     51    100     54      0      0      0      0   3201   1980     27      0 130751 130752      0      0      0      0     36     13 
    0    586     57     51    100     51      0      0      0      0   3201   1965     12      0 130751 130752      0      0      0      0     40     13 
    0    585     56     52    100     52      0      0      0      0   3201   1980     25      0 130751 130752      0      0      0      0     39     14 
    0    585     55     52    100     53      0      0      0      0   3201   1980     27      0 130751 130752      0      0      0      0     41     13 
    0    581     56     52    100     54      0      0      0      0   3201   1980     30      0 130751 130752      0      0      0      0     33     13 
    0    449     48     46      0      0      0      0      0      0   3201   1980      0      0 130751 130752      0      0      0      0      0      0 
    0    328     52     48    100     23      0      0      0      0   3201   1980      0      0 130751 130752      0      0      0      0     35      9 
    0    502     55     51    100     54      0      0      0      0   3201   1980      0      0 130751 130752      0      0      0      0     34     14 
    0    598     56     52    100     54      0      0      0      0   3201   1980      0      0 130751 130752      0      0      0      0     38     14 
    0    584     56     52    100     54      0      0      0      0   3201   1980      0      0 130751 130752      0      0      0      0     40     15 
    0    596     57     53    100     53      0      0      0      0   3201   1980      1      0 130751 130752      0      0      0      0     38     15 
    0    595     57     53    100     52      0      0      0      0   3201   1980     26      0 130751 130752      0      0      0      0     61     13 
    0    598     57     53    100     52      0      0      0      0   3201   1980      0      0 130751 130752      0      0      0      0     51     13 
    0    598     57     53    100     51      0      0      0      0   3201   1980      0      0 130751 130752      0      0      0      0     39     13 
    0    586     57     53    100     54      0      0      0      0   3201   1980      0      0 130751 130752      0      0      0      0     41     13 
    0    577     57     53     99     43      0      0      0      0   3201   1980      0      0 130751 130752      0      0      0      0     36     13 
    0    601     58     53    100     52      0      0      0      0   3201   1980      0      0 130751 130752      0      0      0      0     52     13 
    0    595     60     54    100     54      0      0      0      0   3201   1980      0      0 130751 130752      0      0      0      0    106     16 
    0    609     58     54    100     54      0      0      0      0   3201   1980      0      0 130751 130752      0      0      0      0     42     13 
    0    594     58     54    100     54      0      0      0      0   3201   1980      0      0 130751 130752      0      0      0      0     38     13 
    0    517     51     51     10      2      0      0      0      0   3201   1980      0      0 130751 130752      0      0      0      0      0      0 
    0    431     57     53    100     54      0      0      0      0   3201   1980      0      0 130751 130752      0      0      0      0     38     13 
    0    610     58     54    100     49      0      0      0      0   3201   1980     30      0 130751 130752      0      0      0      0     45     14 
    0    602     58     54    100     52      0      0      0      0   3201   1980      0      0 130751 130752      0      0      0      0     45     15 
# gpu    pwr  gtemp  mtemp     sm    mem    enc    dec    jpg    ofa   mclk   pclk  pviol  tviol     fb   bar1   ccpm  sbecc  dbecc    pci  rxpci  txpci 
# Idx      W      C      C      %      %      %      %      %      %    MHz    MHz      %   bool     MB     MB     MB   errs   errs   errs   MB/s   MB/s 
    0    594     58     54    100     54      0      0      0      0   3201   1980      0      0 130751 130752      0      0      0      0     40     15 
    0    600     58     54    100     54      0      0      0      0   3201   1980     29      0 130751 130752      0      0      0      0     49     13 
    0    588     58     54    100     54      0      0      0      0   3201   1980      0      0 130751 130752      0      0      0      0     41     13 
    0    548     58     54    100     54      0      0      0      0   3201   1980      0      0 130751 130752      0      0      0      0     34     14 
    0    548     56     52    100     23      0      0      0      0   3201   1980      0      0 130751 130752      0      0      0      0      4      0 
    0    314     56     50    100     23      0      0      0      0   3201   1980      0      0 130751 130752      0      0      0      0     34     14 
    0    599     58     54    100     50      0      0      0      0   3201   1965     24      0 130751 130752      0      0      0      0     76     17 
    0    602     58     54    100     54      0      0      0      0   3201   1980     66      0 130751 130752      0      0      0      0     43     16 
    0    602     58     55    100     55      0      0      0      0   3201   1980      0      0 130751 130752      0      0      0      0    105     16 
    0    602     58     55    100     54      0      0      0      0   3201   1980      0      0 130751 130752      0      0      0      0     39     15 
    0    601     61     55    100     52      0      0      0      0   3201   1980      0      0 130751 130752      0      0      0      0     36     13 
    0    590     58     55    100     54      0      0      0      0   3201   1980     34      0 130751 130752      0      0      0      0     49     15 
    0    608     59     55    100     47      0      0      0      0   3201   1965     44      0 130751 130752      0      0      0      0     42     13 
    0    592     59     55    100     54      0      0      0      0   3201   1965     46      0 130751 130752      0      0      0      0     44     15 
    0    594     59     55    100     54      0      0      0      0   3201   1980     33      0 130751 130752      0      0      0      0     48     20 
    0    593     59     55    100     54      0      0      0      0   3201   1980      0      0 130751 130752      0      0      0      0     36     15 
    0    480     58     54    100     54      0      0      0      0   3201   1980      0      0 130751 130752      0      0      0      0     36     13 
    0    591     58     55    100     54      0      0      0      0   3201   1980     29      0 130751 130752      0      0      0      0     90     22 
    0    592     59     55    100     54      0      0      0      0   3201   1980      0      0 130751 130752      0      0      0      0     51     15 
    0    593     61     55    100     54      0      0      0      0   3201   1965      9      0 130751 130752      0      0      0      0     41     14 
    0    589     59     55    100     54      0      0      0      0   3201   1980     18      0 130751 130752      0      0      0      0     43     13 
    0    596     59     55    100     54      0      0      0      0   3201   1980      0      0 130751 130752      0      0      0      0     46     14 
    0    599     59     55    100     54      0      0      0      0   3201   1980     30      0 130751 130752      0      0      0      0     48     13 
    0    593     59     55    100     54      0      0      0      0   3201   1980      0      0 130751 130752      0      0      0      0     36     15 
    0    592     59     55    100     54      0      0      0      0   3201   1980      0      0 130751 130752      0      0      0      0     41     13 
    0    596     59     55    100     54      0      0      0      0   3201   1980     27      0 130751 130752      0      0      0      0     41     14 
    0    596     59     55    100     54      0      0      0      0   3201   1980     29      0 130751 130752      0      0      0      0     39     13 
    0    587     59     55    100     54      0      0      0      0   3201   1980      0      0 130751 130752      0      0      0      0     34     14 
    0    569     59     55    100     52      0      0      0      0   3201   1980      0      0 130751 130752      0      0      0      0     45     14 
    0    598     59     55    100     54      0      0      0      0   3201   1980     52      0 130751 130752      0      0      0      0     39     14 
    0    602     59     56    100     54      0      0      0      0   3201   1980     27      0 130751 130752      0      0      0      0     57     20 
    0    606     59     55    100     54      0      0      0      0   3201   1980      0      0 130751 130752      0      0      0      0     54     16 
    0    598     59     55    100     54      0      0      0      0   3201   1980     30      0 130751 130752      0      0      0      0     52     13 
    0    601     59     56    100     54      0      0      0      0   3201   1965     21      0 130751 130752      0      0      0      0     38     16 
    0    595     59     56    100     54      0      0      0      0   3201   1980      5      0 130751 130752      0      0      0      0     36     13 
    0    593     59     56    100     54      0      0      0      0   3201   1980     28      0 130751 130752      0      0      0      0     46     13 
    0    593     59     56    100     54      0      0      0      0   3201   1980      0      0 130751 130752      0      0      0      0     41     13 
    0    594     60     56    100     49      0      0      0      0   3201   1965     46      0 130751 130752      0      0      0      0     50     13 
    0    583     59     56    100     54      0      0      0      0   3201   1980     11      0 130751 130752      0      0      0      0     36     15 
    0    597     59     56    100     52      0      0      0      0   3201   1980      0      0 130751 130752      0      0      0      0     34     14 
    0    573     58     54    100     46      0      0      0      0   3201   1980      0      0 130751 130752      0      0      0      0     39      9 
    0    186     49     47      0      0      0      0      0      0   3201   1980      0      0 130751 130752      0      0      0      0      0      0 
    0    138     48     46      0      0      0      0      0      0   3201   1980      0      0 130751 130752      0      0      0      0     49     21 
    0    581     57     53    100     54      0      0      0      0   3201   1980      0      0 130751 130752      0      0      0      0     65     21 
# gpu    pwr  gtemp  mtemp     sm    mem    enc    dec    jpg    ofa   mclk   pclk  pviol  tviol     fb   bar1   ccpm  sbecc  dbecc    pci  rxpci  txpci 
# Idx      W      C      C      %      %      %      %      %      %    MHz    MHz      %   bool     MB     MB     MB   errs   errs   errs   MB/s   MB/s 
    0    601     58     54    100     54      0      0      0      0   3201   1980      0      0 130751 130752      0      0      0      0     49     13 
    0    586     58     55    100     54      0      0      0      0   3201   1980      0      0 130751 130752      0      0      0      0     36     14 
    0    587     58     54    100     52      0      0      0      0   3201   1980      0      0 130751 130752      0      0      0      0    109     23 
    0    591     61     55    100     54      0      0      0      0   3201   1980     60      0 130751 130752      0      0      0      0     40     15 
    0    583     58     55    100     54      0      0      0      0   3201   1980     27      0 130751 130752      0      0      0      0     37     14 
    0    583     58     55    100     54      0      0      0      0   3201   1980      0      0 130751 130752      0      0      0      0     41     13 
    0    443     51     51      0      0      0      0      0      0   3201   1980      0      0 130751 130752      0      0      0      0      1      0 
    0    357     55     51    100     23      0      0      0      0   3201   1980      0      0 130751 130752      0      0      0      0      0      0 
    0    487     57     53    100     54      0      0      0      0   3201   1980     52      0 130751 130752      0      0      0      0     37     13 
    0    610     58     54    100     54      0      0      0      0   3201   1965     30      0 130751 130752      0      0      0      0     43     15 
    0    599     59     55    100     51      0      0      0      0   3201   1980      0      0 130751 130752      0      0      0      0     47     15 
    0    586     58     55    100     54      0      0      0      0   3201   1980      0      0 130751 130752      0      0      0      0     47     19 
    0    600     59     55     97     49      0      0      0      0   3201   1965     24      0 130751 130752      0      0      0      0     49     13 
    0    603     59     55    100     54      0      0      0      0   3201   1980      1      0 130751 130752      0      0      0      0     40     13 
    0    586     59     55    100     54      0      0      0      0   3201   1980      0      0 130751 130752      0      0      0      0     37     14 
    0    599     59     55    100     54      0      0      0      0   3201   1980      0      0 130751 130752      0      0      0      0     36     14 
    0    593     59     55    100     54      0      0      0      0   3201   1980     30      0 130751 130752      0      0      0      0     38     14 
    0    607     59     55    100     53      0      0      0      0   3201   1980      0      0 130751 130752      0      0      0      0     40     15 
    0    588     59     55    100     54      0      0      0      0   3201   1980      0      0 130751 130752      0      0      0      0    112     15 
    0    563     59     55    100     54      0      0      0      0   3201   1980      0      0 130751 130752      0      0      0      0     36     14 
    0    599     59     55    100     53      0      0      0      0   3201   1980     31      0 130751 130752      0      0      0      0     40     13 
    0    580     59     56    100     54      0      0      0      0   3201   1980      0      0 130751 130752      0      0      0      0     45     13 
    0    256     49     47      0      0      0      0      0      0   3201   1980      0      0 130751 130752      0      0      0      0     36      0 
