# gpu    pwr  gtemp  mtemp     sm    mem    enc    dec    jpg    ofa   mclk   pclk  pviol  tviol     fb   bar1   ccpm  sbecc  dbecc    pci  rxpci  txpci 
# Idx      W      C      C      %      %      %      %      %      %    MHz    MHz      %   bool     MB     MB     MB   errs   errs   errs   MB/s   MB/s 
    0    143     42     39      0      0      0      0      0      0   3201   1980      0      0 130751 130752      0      0      0      0      0      0 
    0    133     42     39      0      0      0      0      0      0   3201   1980      0      0 130751 130752      0      0      0      0      0      0 
    0    133     41     39      0      0      0      0      0      0   3201   1980      0      0 130751 130752      0      0      0      0      0      0 
    0    133     41     39      0      0      0      0      0      0   3201   1980      0      0 130751 130752      0      0      0      0      0      0 
    0    133     41     38      0      0      0      0      0      0   3201   1980      0      0 130751 130752      0      0      0      0      0      0 
    0    133     41     38      0      0      0      0      0      0   3201   1980      0      0 130751 130752      0      0      0      0      0      0 
    0    133     41     38      0      0      0      0      0      0   3201   1980      0      0 130751 130752      0      0      0      0      0      0 
    0    133     41     38      0      0      0      0      0      0   3201   1980      0      0 130751 130752      0      0      0      0      0      0 
    0    132     41     38      0      0      0      0      0      0   3201   1980      0      0 130751 130752      0      0      0      0      0      0 
    0    132     41     38      0      0      0      0      0      0   3201   1980      0      0 130751 130752      0      0      0      0      0      0 
    0    132     41     38      0      0      0      0      0      0   3201   1980      0      0 130751 130752      0      0      0      0      0      0 
    0    132     41     38      0      0      0      0      0      0   3201   1980      0      0 130751 130752      0      0      0      0      0      0 
    0    132     41     38      0      0      0      0      0      0   3201   1980      0      0 130751 130752      0      0      0      0      0      0 
    0    418     51     45    100     54      0      0      0      0   3201   1980      0      0 130751 130752      0      0      0      0     38     14 
    0    592     52     48    100     54      0      0      0      0   3201   1980      0      0 130751 130752      0      0      0      0     86     23 
    0    589     53     49    100     54      0      0      0      0   3201   1965     16      0 130751 130752      0      0      0      0     38     13 
    0    593     54     50    100     51      0      0      0      0   3201   1980     11      0 130751 130752      0      0      0      0     41     15 
    0    593     54     50    100     52      0      0      0      0   3201   1980     37      0 130751 130752      0      0      0      0     57     13 
    0    591     55     51    100     54      0      0      0      0   3201   1980      0      0 130751 130752      0      0      0      0     56     15 
    0    584     55     52    100     54      0      0      0      0   3201   1980      0      0 130751 130752      0      0      0      0     65     14 
    0    605     56     52    100     54      0      0      0      0   3201   1980      0      0 130751 130752      0      0      0      0     42     16 
    0    601     59     52    100     52      0      0      0      0   3201   1980      0      0 130751 130752      0      0      0      0     44     15 
    0    605     57     52    100     53      0      0      0      0   3201   1965     58      0 130751 130752      0      0      0      0     67     15 
    0    592     56     52    100     54      0      0      0      0   3201   1980      0      0 130751 130752      0      0      0      0    107     13 
    0    607     59     52    100     54      0      0      0      0   3201   1965     43      0 130751 130752      0      0      0      0     44     15 
    0    615     57     52    100     52      0      0      0      0   3201   1965     68      0 130751 130752      0      0      0      0    104     18 
    0    596     57     53    100     55      0      0      0      0   3201   1980     18      0 130751 130752      0      0      0      0     44     16 
    0    626     57     52    100     49      0      0      0      0   3201   1965     60      0 130751 130752      0      0      0      0     45     14 
    0    608     57     53     90     44      0      0      0      0   3201   1980     13      0 130751 130752      0      0      0      0     56     17 
    0    596     57     53    100     55      0      0      0      0   3201   1980     34      0 130751 130752      0      0      0      0     46     15 
    0    590     57     53    100     54      0      0      0      0   3201   1980     30      0 130751 130752      0      0      0      0     42     14 
    0    615     60     53    100     49      0      0      0      0   3201   1950     30      0 130751 130752      0      0      0      0    104     18 
    0    614     58     54    100     50      0      0      0      0   3201   1965     76      0 130751 130752      0      0      0      0     56     17 
    0    607     58     54    100     53      0      0      0      0   3201   1965     39      0 130751 130752      0      0      0      0     45     15 
    0    613     60     54    100     52      0      0      0      0   3201   1965     61      0 130751 130752      0      0      0      0     45     15 
    0    607     58     54    100     55      0      0      0      0   3201   1965     55      0 130751 130752      0      0      0      0     49     16 
    0    598     58     54    100     52      0      0      0      0   3201   1980     21      0 130751 130752      0      0      0      0     42     14 
    0    605     58     54    100     54      0      0      0      0   3201   1980      0      0 130751 130752      0      0      0      0     54     68 
    0    597     58     54    100     54      0      0      0      0   3201   1980      0      0 130751 130752      0      0      0      0     55     13 
    0    604     58     54    100     54      0      0      0      0   3201   1980      0      0 130751 130752      0      0      0      0     58     13 
    0    593     58     54    100     53      0      0      0      0   3201   1980      0      0 130751 130752      0      0      0      0     44     14 
    0    596     58     54    100     53      0      0      0      0   3201   1980     26      0 130751 130752      0      0      0      0     40     15 
    0    598     60     54    100     51      0      0      0      0   3201   1980      0      0 130751 130752      0      0      0      0     40     14 
    0    618     61     54    100     54      0      0      0      0   3201   1965     67      0 130751 130752      0      0      0      0     99     14 
# gpu    pwr  gtemp  mtemp     sm    mem    enc    dec    jpg    ofa   mclk   pclk  pviol  tviol     fb   bar1   ccpm  sbecc  dbecc    pci  rxpci  txpci 
# Idx      W      C      C      %      %      %      %      %      %    MHz    MHz      %   bool     MB     MB     MB   errs   errs   errs   MB/s   MB/s 
    0    613     58     55    100     55      0      0      0      0   3201   1980     31      0 130751 130752      0      0      0      0     51     14 
    0    606     58     55    100     52      0      0      0      0   3201   1965     16      0 130751 130752      0      0      0      0     41     14 
    0    594     58     55    100     53      0      0      0      0   3201   1980     38      0 130751 130752      0      0      0      0    104     17 
    0    598     58     55    100     54      0      0      0      0   3201   1980     59      0 130751 130752      0      0      0      0     49     13 
    0    594     58     55    100     54      0      0      0      0   3201   1980      0      0 130751 130752      0      0      0      0     37     14 
    0    581     58     53    100     51      0      0      0      0   3201   1980      0      0 130751 130752      0      0      0      0     41     13 
    0    604     58     55    100     53      0      0      0      0   3201   1965     27      0 130751 130752      0      0      0      0     40     16 
    0    610     61     55    100     54      0      0      0      0   3201   1980     33      0 130751 130752      0      0      0      0     43     15 
    0    604     59     55    100     54      0      0      0      0   3201   1980     30      0 130751 130752      0      0      0      0     57     14 
    0    589     58     55    100     54      0      0      0      0   3201   1980      0      0 130751 130752      0      0      0      0     50     19 
    0    605     59     55    100     54      0      0      0      0   3201   1980     36      0 130751 130752      0      0      0      0     58     15 
    0    619     59     55    100     54      0      0      0      0   3201   1965     52      0 130751 130752      0      0      0      0     75     16 
    0    600     59     55     93     47      0      0      0      0   3201   1965     65      0 130751 130752      0      0      0      0    102     15 
    0    603     58     55    100     52      0      0      0      0   3201   1980      5      0 130751 130752      0      0      0      0     57     13 
    0    606     58     55    100     52      0      0      0      0   3201   1980     59      0 130751 130752      0      0      0      0     41     14 
    0    604     61     55    100     55      0      0      0      0   3201   1980      0      0 130751 130752      0      0      0      0     43     14 
    0    619     59     55    100     54      0      0      0      0   3201   1980     59      0 130751 130752      0      0      0      0     45     18 
    0    588     58     55    100     53      0      0      0      0   3201   1980      0      0 130751 130752      0      0      0      0     40     13 
    0    350     49     48      0      0      0      0      0      0   3201   1980      0      0 130751 130752      0      0      0      0      0      1 
