# gpu    pwr  gtemp  mtemp     sm    mem    enc    dec    jpg    ofa   mclk   pclk  pviol  tviol     fb   bar1   ccpm  sbecc  dbecc    pci  rxpci  txpci 
# Idx      W      C      C      %      %      %      %      %      %    MHz    MHz      %   bool     MB     MB     MB   errs   errs   errs   MB/s   MB/s 
    0    151     44     41      0      0      0      0      0      0   3201   1980      0      0 130751 130752      0      0      0      0      0      1 
    0    133     41     39      0      0      0      0      0      0   3201   1980      0      0 130751 130752      0      0      0      0      0      0 
    0    133     41     39      0      0      0      0      0      0   3201   1980      0      0 130751 130752      0      0      0      0      0      1 
    0    133     41     38      0      0      0      0      0      0   3201   1980      0      0 130751 130752      0      0      0      0      0      0 
    0    133     41     38      0      0      0      0      0      0   3201   1980      0      0 130751 130752      0      0      0      0      4      0 
    0    132     41     38      0      0      0      0      0      0   3201   1980      0      0 130751 130752      0      0      0      0      0      0 
    0    132     41     38      0      0      0      0      0      0   3201   1980      0      0 130751 130752      0      0      0      0      0      0 
    0    132     41     38      0      0      0      0      0      0   3201   1980      0      0 130751 130752      0      0      0      0      0      0 
    0    132     41     38      0      0      0      0      0      0   3201   1980      0      0 130751 130752      0      0      0      0      0      0 
    0    132     41     38      0      0      0      0      0      0   3201   1980      0      0 130751 130752      0      0      0      0      0      0 
    0    132     41     38      0      0      0      0      0      0   3201   1980      0      0 130751 130752      0      0      0      0      0      0 
    0    132     41     38      0      0      0      0      0      0   3201   1980      0      0 130751 130752      0      0      0      0      0      0 
    0    132     41     38      0      0      0      0      0      0   3201   1980      0      0 130751 130752      0      0      0      0      0      0 
    0    212     46     41     66     15      0      0      0      0   3201   1980      0      0 130751 130752      0      0      0      0     35      9 
    0    539     51     46    100     54      0      0      0      0   3201   1965     28      0 130751 130752      0      0      0      0     45     13 
    0    591     55     48    100     53      0      0      0      0   3201   1965     66      0 130751 130752      0      0      0      0     39     13 
    0    577     53     49    100     54      0      0      0      0   3201   1980     44      0 130751 130752      0      0      0      0     54     13 
    0    587     54     50    100     54      0      0      0      0   3201   1980      0      0 130751 130752      0      0      0      0     37     14 
    0    586     54     51    100     49      0      0      0      0   3201   1980      0      0 130751 130752      0      0      0      0     42     17 
    0    590     55     51    100     48      0      0      0      0   3201   1965     44      0 130751 130752      0      0      0      0     46     13 
    0    593     55     52    100     54      0      0      0      0   3201   1980     46      0 130751 130752      0      0      0      0     38     14 
    0    599     59     52    100     54      0      0      0      0   3201   1965     18      0 130751 130752      0      0      0      0     59     13 
    0    584     56     52    100     52      0      0      0      0   3201   1965     51      0 130751 130752      0      0      0      0     56     13 
    0    587     56     52    100     54      0      0      0      0   3201   1980     11      0 130751 130752      0      0      0      0     55     13 
    0    587     56     52    100     54      0      0      0      0   3201   1980     29      0 130751 130752      0      0      0      0     36     14 
    0    588     56     52    100     54      0      0      0      0   3201   1980      0      0 130751 130752      0      0      0      0     34     14 
    0    581     56     52    100     54      0      0      0      0   3201   1980     30      0 130751 130752      0      0      0      0     34     13 
    0    597     56     52    100     54      0      0      0      0   3201   1980     58      0 130751 130752      0      0      0      0     36     14 
    0    606     57     52    100     44      0      0      0      0   3201   1965     65      0 130751 130752      0      0      0      0     42     13 
    0    584     57     53    100     54      0      0      0      0   3201   1980     12      0 130751 130752      0      0      0      0     39     14 
    0    605     57     52    100     48      0      0      0      0   3201   1965     80      0 130751 130752      0      0      0      0     57     15 
    0    588     57     53    100     54      0      0      0      0   3201   1965     64      0 130751 130752      0      0      0      0     42     14 
    0    604     58     53    100     55      0      0      0      0   3201   1980     59      0 130751 130752      0      0      0      0     43     15 
    0    602     58     53    100     54      0      0      0      0   3201   1965     51      0 130751 130752      0      0      0      0     43     15 
    0    586     57     54    100     54      0      0      0      0   3201   1980      3      0 130751 130752      0      0      0      0     39     13 
    0    598     58     54    100     54      0      0      0      0   3201   1965     58      0 130751 130752      0      0      0      0     39     14 
    0    602     58     53    100     49      0      0      0      0   3201   1965     75      0 130751 130752      0      0      0      0     40     15 
    0    597     60     54    100     54      0      0      0      0   3201   1935     58      0 130751 130752      0      0      0      0     45     15 
    0    611     59     54    100     48      0      0      0      0   3201   1965     96      0 130751 130752      0      0      0      0     45     15 
    0    595     58     54    100     55      0      0      0      0   3201   1980     50      0 130751 130752      0      0      0      0     57     13 
    0    588     58     54    100     54      0      0      0      0   3201   1980      0      0 130751 130752      0      0      0      0     38     15 
    0    606     58     54    100     54      0      0      0      0   3201   1980     53      0 130751 130752      0      0      0      0     38     17 
    0    625     59     54    100     55      0      0      0      0   3201   1965     84      0 130751 130752      0      0      0      0     45     15 
    0    609     58     54    100     55      0      0      0      0   3201   1965     76      0 130751 130752      0      0      0      0     52     14 
# gpu    pwr  gtemp  mtemp     sm    mem    enc    dec    jpg    ofa   mclk   pclk  pviol  tviol     fb   bar1   ccpm  sbecc  dbecc    pci  rxpci  txpci 
# Idx      W      C      C      %      %      %      %      %      %    MHz    MHz      %   bool     MB     MB     MB   errs   errs   errs   MB/s   MB/s 
    0    605     58     55    100     55      0      0      0      0   3201   1980     39      0 130751 130752      0      0      0      0     73     16 
    0    602     58     55    100     55      0      0      0      0   3201   1980     32      0 130751 130752      0      0      0      0     57     13 
    0    589     58     55    100     54      0      0      0      0   3201   1980      0      0 130751 130752      0      0      0      0     48     13 
    0    601     58     54    100     54      0      0      0      0   3201   1965     63      0 130751 130752      0      0      0      0     38     14 
    0    586     58     55    100     54      0      0      0      0   3201   1980      0      0 130751 130752      0      0      0      0     34     14 
    0    597     58     55    100     54      0      0      0      0   3201   1920     44      0 130751 130752      0      0      0      0     37     15 
    0    607     58     54    100     53      0      0      0      0   3201   1965     69      0 130751 130752      0      0      0      0     89     19 
    0    615     58     55    100     55      0      0      0      0   3201   1980     87      0 130751 130752      0      0      0      0     68     16 
    0    609     58     55    100     55      0      0      0      0   3201   1980     75      0 130751 130752      0      0      0      0    108     19 
    0    605     58     55    100     55      0      0      0      0   3201   1980     65      0 130751 130752      0      0      0      0     44     15 
    0    604     62     55    100     54      0      0      0      0   3201   1980      0      0 130751 130752      0      0      0      0     42     13 
    0    598     58     55    100     54      0      0      0      0   3201   1980     41      0 130751 130752      0      0      0      0     39     13 
    0    614     59     54    100     54      0      0      0      0   3201   1965     80      0 130751 130752      0      0      0      0     43     13 
    0    596     59     55    100     43      0      0      0      0   3201   1965     51      0 130751 130752      0      0      0      0     61     14 
    0    600     58     55    100     55      0      0      0      0   3201   1980     52      0 130751 130752      0      0      0      0     64     17 
    0    594     58     55    100     54      0      0      0      0   3201   1980     29      0 130751 130752      0      0      0      0     39     13 
    0    596     59     55    100     47      0      0      0      0   3201   1965     42      0 130751 130752      0      0      0      0     39     16 
    0    592     58     55    100     54      0      0      0      0   3201   1965     70      0 130751 130752      0      0      0      0     52     13 
    0    592     58     55    100     54      0      0      0      0   3201   1980     31      0 130751 130752      0      0      0      0     55     13 
    0    599     61     55    100     54      0      0      0      0   3201   1950     42      0 130751 130752      0      0      0      0     41     13 
    0    594     58     55    100     48      0      0      0      0   3201   1965     38      0 130751 130752      0      0      0      0     36     14 
    0    595     58     55    100     54      0      0      0      0   3201   1980     57      0 130751 130752      0      0      0      0     39     13 
    0    599     58     55    100     54      0      0      0      0   3201   1980     53      0 130751 130752      0      0      0      0     38     14 
    0    593     58     55    100     54      0      0      0      0   3201   1965     33      0 130751 130752      0      0      0      0     73     19 
    0    588     58     55    100     54      0      0      0      0   3201   1980     32      0 130751 130752      0      0      0      0     48     14 
    0    596     58     55    100     51      0      0      0      0   3201   1965     64      0 130751 130752      0      0      0      0     37     16 
    0    600     59     55    100     54      0      0      0      0   3201   1980     60      0 130751 130752      0      0      0      0     37     13 
    0    589     58     55    100     54      0      0      0      0   3201   1980      0      0 130751 130752      0      0      0      0     36     15 
    0    601     60     55    100     49      0      0      0      0   3201   1965     39      0 130751 130752      0      0      0      0     39     13 
    0    597     59     55    100     54      0      0      0      0   3201   1980     69      0 130751 130752      0      0      0      0     47     20 
    0    611     59     55    100     48      0      0      0      0   3201   1950     79      0 130751 130752      0      0      0      0     89     15 
    0    606     59     55    100     55      0      0      0      0   3201   1980     86      0 130751 130752      0      0      0      0     90     17 
    0    608     59     56    100     55      0      0      0      0   3201   1920     35      0 130751 130752      0      0      0      0     43     15 
    0    604     59     55    100     55      0      0      0      0   3201   1965     83      0 130751 130752      0      0      0      0     42     16 
    0    593     59     55    100     54      0      0      0      0   3201   1965     20      0 130751 130752      0      0      0      0     61     18 
    0    595     59     55    100     54      0      0      0      0   3201   1980     68      0 130751 130752      0      0      0      0     39     15 
    0    600     59     55    100     54      0      0      0      0   3201   1980     29      0 130751 130752      0      0      0      0     37     14 
    0    610     61     56    100     44      0      0      0      0   3201   1965     45      0 130751 130752      0      0      0      0     38     16 
    0    578     59     56    100     54      0      0      0      0   3201   1980     17      0 130751 130752      0      0      0      0     51     18 
    0    592     59     55    100     54      0      0      0      0   3201   1965     59      0 130751 130752      0      0      0      0     37     16 
    0    583     58     56    100     54      0      0      0      0   3201   1980      0      0 130751 130752      0      0      0      0     39     13 
    0    563     57     56    100     39      0      0      0      0   3201   1980      0      0 130751 130752      0      0      0      0     33      1 
    0    183     55     47     90     28      0      0      0      0   3201   1980      0      0 130751 130752      0      0      0      0     50     13 
    0    586     58     54    100     54      0      0      0      0   3201   1980      0      0 130751 130752      0      0      0      0     36     18 
# gpu    pwr  gtemp  mtemp     sm    mem    enc    dec    jpg    ofa   mclk   pclk  pviol  tviol     fb   bar1   ccpm  sbecc  dbecc    pci  rxpci  txpci 
# Idx      W      C      C      %      %      %      %      %      %    MHz    MHz      %   bool     MB     MB     MB   errs   errs   errs   MB/s   MB/s 
    0    602     58     55    100     54      0      0      0      0   3201   1980     79      0 130751 130752      0      0      0      0     40     15 
    0    585     58     55    100     54      0      0      0      0   3201   1980     29      0 130751 130752      0      0      0      0     39     15 
    0    598     59     55    100     47      0      0      0      0   3201   1980     36      0 130751 130752      0      0      0      0     42     15 
    0    598     62     55    100     47      0      0      0      0   3201   1965     49      0 130751 130752      0      0      0      0     42     14 
    0    583     59     55    100     54      0      0      0      0   3201   1980     49      0 130751 130752      0      0      0      0     42     13 
    0    589     59     55    100     54      0      0      0      0   3201   1980      0      0 130751 130752      0      0      0      0     37     16 
    0    581     59     55    100     54      0      0      0      0   3201   1980      0      0 130751 130752      0      0      0      0     34     13 
    0    585     58     55    100     54      0      0      0      0   3201   1980     30      0 130751 130752      0      0      0      0     41     14 
    0    588     59     55    100     54      0      0      0      0   3201   1980     56      0 130751 130752      0      0      0      0     86     19 
    0    609     59     56    100     55      0      0      0      0   3201   1965     91      0 130751 130752      0      0      0      0     45     17 
    0    599     59     56    100     55      0      0      0      0   3201   1965     62      0 130751 130752      0      0      0      0     71     14 
    0    585     59     56    100     55      0      0      0      0   3201   1980      3      0 130751 130752      0      0      0      0     45     15 
    0    598     59     55    100     54      0      0      0      0   3201   1980     38      0 130751 130752      0      0      0      0     42     13 
    0    598     59     56    100     54      0      0      0      0   3201   1965     42      0 130751 130752      0      0      0      0     59     14 
    0    580     59     56    100     54      0      0      0      0   3201   1980      2      0 130751 130752      0      0      0      0     96     13 
    0    595     61     56    100     52      0      0      0      0   3201   1965     74      0 130751 130752      0      0      0      0     42     15 
    0    590     62     56    100     54      0      0      0      0   3201   1965     54      0 130751 130752      0      0      0      0     48     13 
    0    601     59     56    100     55      0      0      0      0   3201   1980     79      0 130751 130752      0      0      0      0     43     16 
    0    588     59     56    100     48      0      0      0      0   3201   1905      3      0 130751 130752      0      0      0      0     58     13 
    0    589     59     56    100     50      0      0      0      0   3201   1980     64      0 130751 130752      0      0      0      0     45     20 
    0    604     59     56    100     54      0      0      0      0   3201   1980     61      0 130751 130752      0      0      0      0     56     13 
    0    582     59     56    100     54      0      0      0      0   3201   1980      0      0 130751 130752      0      0      0      0     40     16 
    0    583     59     56    100     54      0      0      0      0   3201   1980      0      0 130751 130752      0      0      0      0     35      9 
    0    189     49     48      0      0      0      0      0      0   3201   1980      0      0 130751 130752      0      0      0      0      0      1 
