# gpu    pwr  gtemp  mtemp     sm    mem    enc    dec    jpg    ofa   mclk   pclk  pviol  tviol     fb   bar1   ccpm  sbecc  dbecc    pci  rxpci  txpci 
# Idx      W      C      C      %      %      %      %      %      %    MHz    MHz      %   bool     MB     MB     MB   errs   errs   errs   MB/s   MB/s 
    0    154     42     39     60     19      0      0      0      0   3201   1980      0      0 130751 130752      0      0      0      0      0      0 
    0    143     42     39      0      0      0      0      0      0   3201   1980      0      0 130751 130752      0      0      0      0      0      0 
    0    133     41     39      0      0      0      0      0      0   3201   1980      0      0 130751 130752      0      0      0      0      0      0 
    0    133     41     38      0      0      0      0      0      0   3201   1980      0      0 130751 130752      0      0      0      0      0      0 
    0    133     41     38      0      0      0      0      0      0   3201   1980      0      0 130751 130752      0      0      0      0      0      0 
    0    133     41     38      0      0      0      0      0      0   3201   1980      0      0 130751 130752      0      0      0      0      0      0 
    0    133     41     38      0      0      0      0      0      0   3201   1980      0      0 130751 130752      0      0      0      0      0      0 
    0    132     41     38      0      0      0      0      0      0   3201   1980      0      0 130751 130752      0      0      0      0      0      0 
    0    133     41     38      0      0      0      0      0      0   3201   1980      0      0 130751 130752      0      0      0      0      0      0 
    0    132     41     38      0      0      0      0      0      0   3201   1980      0      0 130751 130752      0      0      0      0      0      0 
    0    132     41     38      0      0      0      0      0      0   3201   1980      0      0 130751 130752      0      0      0      0      0      0 
    0    132     41     38      0      0      0      0      0      0   3201   1980      0      0 130751 130752      0      0      0      0      0      1 
    0    132     41     38      0      0      0      0      0      0   3201   1980      0      0 130751 130752      0      0      0      0     40      0 
    0    454     54     45    100     51      0      0      0      0   3201   1980      0      0 130751 130752      0      0      0      0     59     15 
    0    597     54     48    100     51      0      0      0      0   3201   1980      0      0 130751 130752      0      0      0      0     75     14 
    0    601     53     49    100     55      0      0      0      0   3201   1980     58      0 130751 130752      0      0      0      0     51     17 
    0    599     57     50    100     51      0      0      0      0   3201   1965     35      0 130751 130752      0      0      0      0    104     17 
    0    614     55     51    100     53      0      0      0      0   3201   1905     68      0 130751 130752      0      0      0      0    122     21 
    0    615     57     51    100     51      0      0      0      0   3201   1965     44      0 130751 130752      0      0      0      0    140     21 
    0    626     56     52    100     55      0      0      0      0   3201   1980     62      0 130751 130752      0      0      0      0     63     17 
    0    648     56     52    100     53      0      0      0      0   3201   1980     85      0 130751 130752      0      0      0      0    128     17 
    0    621     57     52    100     55      0      0      0      0   3201   1980     56      0 130751 130752      0      0      0      0     63     16 
    0    645     57     52    100     52      0      0      0      0   3201   1965     73      0 130751 130752      0      0      0      0     98     16 
    0    634     59     52    100     55      0      0      0      0   3201   1935    100      0 130751 130752      0      0      0      0     76     18 
    0    630     57     53    100     54      0      0      0      0   3201   1950     76      0 130751 130752      0      0      0      0     64     19 
    0    628     58     53    100     54      0      0      0      0   3201   1965     85      0 130751 130752      0      0      0      0     97     16 
    0    615     57     53    100     53      0      0      0      0   3201   1980     32      0 130751 130752      0      0      0      0     54     17 
    0    607     57     53    100     55      0      0      0      0   3201   1980     30      0 130751 130752      0      0      0      0     84     22 
    0    641     58     53    100     51      0      0      0      0   3201   1980     97      0 130751 130752      0      0      0      0     64     24 
    0    631     59     54    100     54      0      0      0      0   3201   1965     72      0 130751 130752      0      0      0      0     64     16 
    0    620     58     54    100     55      0      0      0      0   3201   1980     32      0 130751 130752      0      0      0      0     49     17 
    0    604     58     54    100     52      0      0      0      0   3201   1965     44      0 130751 130752      0      0      0      0     47     15 
    0    619     58     54    100     52      0      0      0      0   3201   1965     61      0 130751 130752      0      0      0      0     53     14 
    0    612     59     54    100     46      0      0      0      0   3201   1950     63      0 130751 130752      0      0      0      0     51     18 
    0    634     62     54    100     52      0      0      0      0   3201   1965    100      0 130751 130752      0      0      0      0    104     15 
    0    635     59     54    100     52      0      0      0      0   3201   1980     57      0 130751 130752      0      0      0      0    127     22 
    0    645     60     54     97     47      0      0      0      0   3201   1965     65      0 130751 130752      0      0      0      0    106     15 
    0    598     58     55    100     55      0      0      0      0   3201   1980     15      0 130751 130752      0      0      0      0     49     17 
    0    482     50     49      0      0      0      0      0      0   3201   1980      0      0 130751 130752      0      0      0      0      0      0 
