# gpu    pwr  gtemp  mtemp     sm    mem    enc    dec    jpg    ofa   mclk   pclk  pviol  tviol     fb   bar1   ccpm  sbecc  dbecc    pci  rxpci  txpci 
# Idx      W      C      C      %      %      %      %      %      %    MHz    MHz      %   bool     MB     MB     MB   errs   errs   errs   MB/s   MB/s 
    0    140     41     37     72     17      0      0      0      0   3201   1980      0      0 130763 130764      0      0      0      0      0      0 
    0    133     41     37      0      0      0      0      0      0   3201   1980      0      0 130763 130764      0      0      0      0      0      1 
    0    132     41     37      0      0      0      0      0      0   3201   1980      0      0 130763 130764      0      0      0      0      0      0 
    0    132     40     37      0      0      0      0      0      0   3201   1980      0      0 130763 130764      0      0      0      0      0      1 
    0    132     40     37      0      0      0      0      0      0   3201   1980      0      0 130763 130764      0      0      0      0      1      0 
    0    132     40     37      0      0      0      0      0      0   3201   1980      0      0 130763 130764      0      0      0      0      0      0 
    0    132     40     37      0      0      0      0      0      0   3201   1980      0      0 130763 130764      0      0      0      0      1      0 
    0    132     40     37      0      0      0      0      0      0   3201   1980      0      0 130763 130764      0      0      0      0      0      0 
    0    132     40     37      0      0      0      0      0      0   3201   1980      0      0 130763 130764      0      0      0      0      0      0 
    0    132     40     37      0      0      0      0      0      0   3201   1980      0      0 130763 130764      0      0      0      0      0      0 
    0    132     40     37      0      0      0      0      0      0   3201   1980      0      0 130763 130764      0      0      0      0      0      0 
    0    132     40     37      0      0      0      0      0      0   3201   1980      0      0 130763 130764      0      0      0      0      0      0 
    0    132     40     37      0      0      0      0      0      0   3201   1980      0      0 130763 130764      0      0      0      0      0      0 
    0    141     40     37      0      0      0      0      0      0   3201   1980      0      0 130763 130764      0      0      0      0      0      0 
    0    132     40     37      2      0      0      0      0      0   3201   1980      0      0 130763 130764      0      0      0      0      0      0 
    0    339     50     44    100     54      0      0      0      0   3201   1980      0      0 130763 130764      0      0      0      0     59     14 
    0    570     52     47    100     54      0      0      0      0   3201   1980      0      0 130763 130764      0      0      0      0     42     14 
    0    528     50     45    100     23      0      0      0      0   3201   1980      0      0 130763 130764      0      0      0      0     38      9 
    0    326     50     46    100     54      0      0      0      0   3201   1980      0      0 130763 130764      0      0      0      0     49     13 
    0    575     53     48    100     54      0      0      0      0   3201   1980      0      0 130763 130764      0      0      0      0     36     14 
    0    575     53     49    100     54      0      0      0      0   3201   1980      0      0 130763 130764      0      0      0      0     36     14 
    0    580     54     50    100     54      0      0      0      0   3201   1980      0      0 130763 130764      0      0      0      0     39     14 
    0    576     54     51    100     54      0      0      0      0   3201   1980      0      0 130763 130764      0      0      0      0     39     13 
    0    581     54     51    100     54      0      0      0      0   3201   1980      0      0 130763 130764      0      0      0      0     41     13 
    0    582     55     51    100     54      0      0      0      0   3201   1980      0      0 130763 130764      0      0      0      0     36     12 
    0    279     45     43      0      0      0      0      0      0   3201   1980      0      0 130763 130764      0      0      0      0      0      0 
    0    387     49     46     74     21      0      0      0      0   3201   1980      0      0 130763 130764      0      0      0      0     33     10 
    0    555     55     51    100     54      0      0      0      0   3201   1980      0      0 130763 130764      0      0      0      0     38     15 
    0    588     55     51    100     54      0      0      0      0   3201   1980      0      0 130763 130764      0      0      0      0     38     13 
    0    583     56     52    100     53      0      0      0      0   3201   1980      0      0 130763 130764      0      0      0      0     46     13 
    0    585     56     52    100     54      0      0      0      0   3201   1980      0      0 130763 130764      0      0      0      0     38     14 
    0    590     56     52    100     54      0      0      0      0   3201   1980      0      0 130763 130764      0      0      0      0     39     13 
    0    591     56     52    100     54      0      0      0      0   3201   1980      0      0 130763 130764      0      0      0      0     42     16 
    0    597     57     52    100     54      0      0      0      0   3201   1980      0      0 130763 130764      0      0      0      0     36     14 
    0    580     57     52    100     43      0      0      0      0   3201   1980      0      0 130763 130764      0      0      0      0     34     14 
    0    559     57     52    100     54      0      0      0      0   3201   1980      0      0 130763 130764      0      0      0      0     48     13 
    0    592     57     53    100     54      0      0      0      0   3201   1980      0      0 130763 130764      0      0      0      0     40     15 
    0    590     57     53    100     54      0      0      0      0   3201   1980      0      0 130763 130764      0      0      0      0     43     15 
    0    600     57     53    100     53      0      0      0      0   3201   1980      0      0 130763 130764      0      0      0      0     46     16 
    0    588     57     53    100     54      0      0      0      0   3201   1980      0      0 130763 130764      0      0      0      0     37     13 
    0    388     48     47      0      0      0      0      0      0   3201   1980      0      0 130763 130764      0      0      0      0     42     10 
    0    568     57     52    100     54      0      0      0      0   3201   1980      0      0 130763 130764      0      0      0      0     40     15 
    0    593     57     53    100     55      0      0      0      0   3201   1980      0      0 130763 130764      0      0      0      0     71     15 
    0    600     57     53    100     54      0      0      0      0   3201   1980      0      0 130763 130764      0      0      0      0     42     17 
# gpu    pwr  gtemp  mtemp     sm    mem    enc    dec    jpg    ofa   mclk   pclk  pviol  tviol     fb   bar1   ccpm  sbecc  dbecc    pci  rxpci  txpci 
# Idx      W      C      C      %      %      %      %      %      %    MHz    MHz      %   bool     MB     MB     MB   errs   errs   errs   MB/s   MB/s 
    0    588     58     53    100     54      0      0      0      0   3201   1980      0      0 130763 130764      0      0      0      0     47     13 
    0    587     57     54    100     54      0      0      0      0   3201   1980      0      0 130763 130764      0      0      0      0     38     15 
    0    584     57     54    100     54      0      0      0      0   3201   1980      0      0 130763 130764      0      0      0      0      7     13 
    0    536     57     53    100     54      0      0      0      0   3201   1980      0      0 130763 130764      0      0      0      0     34     14 
    0    423     50     48      0      0      0      0      0      0   3201   1980      0      0 130763 130764      0      0      0      0      0      0 
    0    447     56     52    100     54      0      0      0      0   3201   1980      0      0 130763 130764      0      0      0      0     34     14 
    0    597     58     53    100     54      0      0      0      0   3201   1980      0      0 130763 130764      0      0      0      0     42     15 
    0    600     58     54    100     55      0      0      0      0   3201   1980      0      0 130763 130764      0      0      0      0     46     16 
    0    595     58     54    100     53      0      0      0      0   3201   1980      0      0 130763 130764      0      0      0      0     58     13 
    0    592     58     54    100     54      0      0      0      0   3201   1980      0      0 130763 130764      0      0      0      0     40     14 
    0    590     58     54    100     54      0      0      0      0   3201   1980      0      0 130763 130764      0      0      0      0     39     13 
    0    588     58     54    100     54      0      0      0      0   3201   1980      0      0 130763 130764      0      0      0      0     47     15 
    0    585     58     54    100     54      0      0      0      0   3201   1980      0      0 130763 130764      0      0      0      0     41     16 
    0    590     58     54    100     54      0      0      0      0   3201   1980      0      0 130763 130764      0      0      0      0     39     15 
    0    590     58     54    100     54      0      0      0      0   3201   1980      0      0 130763 130764      0      0      0      0     50     14 
    0    577     58     54    100     54      0      0      0      0   3201   1980      0      0 130763 130764      0      0      0      0     35      9 
    0    470     58     53    100     54      0      0      0      0   3201   1980      0      0 130763 130764      0      0      0      0     36     15 
    0    595     58     54    100     54      0      0      0      0   3201   1980      0      0 130763 130764      0      0      0      0     52     13 
    0    587     58     54    100     54      0      0      0      0   3201   1980      0      0 130763 130764      0      0      0      0     46     14 
    0    588     58     54    100     54      0      0      0      0   3201   1980      0      0 130763 130764      0      0      0      0     36     13 
    0    588     58     55    100     54      0      0      0      0   3201   1980      0      0 130763 130764      0      0      0      0     38     15 
    0    592     58     55    100     54      0      0      0      0   3201   1980      0      0 130763 130764      0      0      0      0     36     14 
    0    591     58     55    100     54      0      0      0      0   3201   1980      0      0 130763 130764      0      0      0      0     46     14 
    0    591     58     55    100     53      0      0      0      0   3201   1980      0      0 130763 130764      0      0      0      0     45     13 
    0    589     58     55    100     54      0      0      0      0   3201   1980      0      0 130763 130764      0      0      0      0     46     14 
    0    586     58     55    100     54      0      0      0      0   3201   1980      0      0 130763 130764      0      0      0      0     58     13 
    0    590     58     55    100     54      0      0      0      0   3201   1980      0      0 130763 130764      0      0      0      0     36     15 
    0    584     58     55    100     46      0      0      0      0   3201   1980      0      0 130763 130764      0      0      0      0     34     13 
    0    547     58     55    100     54      0      0      0      0   3201   1980      0      0 130763 130764      0      0      0      0     36     15 
    0    600     59     55    100     53      0      0      0      0   3201   1980      0      0 130763 130764      0      0      0      0     42     15 
    0    596     59     55    100     54      0      0      0      0   3201   1980      0      0 130763 130764      0      0      0      0     42     16 
    0    588     59     55    100     54      0      0      0      0   3201   1980      0      0 130763 130764      0      0      0      0     55     13 
    0    594     59     55    100     54      0      0      0      0   3201   1980      0      0 130763 130764      0      0      0      0     38     15 
    0    591     59     55    100     54      0      0      0      0   3201   1980      0      0 130763 130764      0      0      0      0     46     13 
    0    591     59     55    100     54      0      0      0      0   3201   1980      0      0 130763 130764      0      0      0      0     36     16 
    0    591     59     55    100     54      0      0      0      0   3201   1980      0      0 130763 130764      0      0      0      0     36     14 
    0    583     59     55    100     54      0      0      0      0   3201   1980      0      0 130763 130764      0      0      0      0     41     14 
    0    595     59     55    100     54      0      0      0      0   3201   1980      0      0 130763 130764      0      0      0      0     39     13 
    0    591     59     55    100     54      0      0      0      0   3201   1980      0      0 130763 130764      0      0      0      0     36     15 
    0    587     59     55    100     54      0      0      0      0   3201   1980      0      0 130763 130764      0      0      0      0     34     13 
    0    501     51     51    100     23      0      0      0      0   3201   1980      0      0 130763 130764      0      0      0      0      0      1 
    0    138     48     46      0      0      0      0      0      0   3201   1980      0      0 130763 130764      0      0      0      0      0      0 
    0    263     56     51    100     54      0      0      0      0   3201   1980      0      0 130763 130764      0      0      0      0     34     15 
    0    584     58     53    100     53      0      0      0      0   3201   1980      0      0 130763 130764      0      0      0      0     38     14 
# gpu    pwr  gtemp  mtemp     sm    mem    enc    dec    jpg    ofa   mclk   pclk  pviol  tviol     fb   bar1   ccpm  sbecc  dbecc    pci  rxpci  txpci 
# Idx      W      C      C      %      %      %      %      %      %    MHz    MHz      %   bool     MB     MB     MB   errs   errs   errs   MB/s   MB/s 
    0    593     58     54    100     54      0      0      0      0   3201   1980      0      0 130763 130764      0      0      0      0     49     15 
    0    587     58     54    100     54      0      0      0      0   3201   1980      0      0 130763 130764      0      0      0      0     50     15 
    0    593     58     55    100     54      0      0      0      0   3201   1980      0      0 130763 130764      0      0      0      0     53     16 
    0    592     58     55    100     54      0      0      0      0   3201   1980      0      0 130763 130764      0      0      0      0     39     15 
    0    589     58     55    100     54      0      0      0      0   3201   1980      0      0 130763 130764      0      0      0      0     36     15 
    0    589     58     55    100     54      0      0      0      0   3201   1980      0      0 130763 130764      0      0      0      0     32     10 
    0    287     49     47      0      0      0      0      0      0   3201   1980      0      0 130763 130764      0      0      0      0     33     11 
    0    380     55     48      0      0      0      0      0      0   3201   1980      0      0 130763 130764      0      0      0      0     34     13 
    0    588     58     54    100     53      0      0      0      0   3201   1980      0      0 130763 130764      0      0      0      0     51     14 
    0    596     58     54    100     54      0      0      0      0   3201   1980      0      0 130763 130764      0      0      0      0     53     13 
    0    591     58     55    100     54      0      0      0      0   3201   1980      0      0 130763 130764      0      0      0      0     45     17 
    0    588     58     55    100     54      0      0      0      0   3201   1980      0      0 130763 130764      0      0      0      0     36     13 
    0    589     59     55    100     54      0      0      0      0   3201   1980      0      0 130763 130764      0      0      0      0     52     14 
    0    598     59     55    100     54      0      0      0      0   3201   1980      0      0 130763 130764      0      0      0      0     42     15 
    0    592     58     55    100     54      0      0      0      0   3201   1980      0      0 130763 130764      0      0      0      0     36     14 
    0    586     59     55    100     54      0      0      0      0   3201   1980      0      0 130763 130764      0      0      0      0     62     13 
    0    594     59     55    100     54      0      0      0      0   3201   1980      0      0 130763 130764      0      0      0      0     41     16 
    0    597     59     55    100     54      0      0      0      0   3201   1980      0      0 130763 130764      0      0      0      0     39     15 
    0    590     59     55    100     54      0      0      0      0   3201   1980      0      0 130763 130764      0      0      0      0     34     14 
    0    560     59     55    100     53      0      0      0      0   3201   1980      0      0 130763 130764      0      0      0      0     41     15 
    0    593     59     55    100     54      0      0      0      0   3201   1980      0      0 130763 130764      0      0      0      0     55     14 
    0    521     52     50     16      4      0      0      0      0   3201   1980      0      0 130763 130764      0      0      0      0      0      0 
    0    139     48     46      0      0      0      0      0      0   3201   1980      0      0 130763 130764      0      0      0      0      0      0 
    0    137     47     45      0      0      0      0      0      0   3201   1980      0      0 130763 130764      0      0      0      0      0      0 
    0    136     47     44      0      0      0      0      0      0   3201   1980      0      0 130763 130764      0      0      0      0      0      0 
    0    136     46     43      0      0      0      0      0      0   3201   1980      0      0 130763 130764      0      0      0      0      0      0 
    0    136     46     43      0      0      0      0      0      0   3201   1980      0      0 130763 130764      0      0      0      0      0      0 
    0    135     45     43      0      0      0      0      0      0   3201   1980      0      0 130763 130764      0      0      0      0      0      0 
