# gpu    pwr  gtemp  mtemp     sm    mem    enc    dec    jpg    ofa   mclk   pclk  pviol  tviol     fb   bar1   ccpm  sbecc  dbecc    pci  rxpci  txpci 
# Idx      W      C      C      %      %      %      %      %      %    MHz    MHz      %   bool     MB     MB     MB   errs   errs   errs   MB/s   MB/s 
    0    156     42     39     75     22      0      0      0      0   3201   1980      0      0 130751 130752      0      0      0      0      0      0 
    0    140     41     38      0      0      0      0      0      0   3201   1980      0      0 130751 130752      0      0      0      0      0      0 
    0    133     41     38      0      0      0      0      0      0   3201   1980      0      0 130751 130752      0      0      0      0      0      0 
    0    133     41     38      0      0      0      0      0      0   3201   1980      0      0 130751 130752      0      0      0      0      0      0 
    0    133     41     38      0      0      0      0      0      0   3201   1980      0      0 130751 130752      0      0      0      0      0      0 
    0    133     41     38      0      0      0      0      0      0   3201   1980      0      0 130751 130752      0      0      0      0      0      0 
    0    132     41     38      0      0      0      0      0      0   3201   1980      0      0 130751 130752      0      0      0      0      0      0 
    0    132     41     38      0      0      0      0      0      0   3201   1980      0      0 130751 130752      0      0      0      0      0      0 
    0    132     41     38      0      0      0      0      0      0   3201   1980      0      0 130751 130752      0      0      0      0      1      0 
    0    132     41     38      0      0      0      0      0      0   3201   1980      0      0 130751 130752      0      0      0      0      0      1 
    0    132     41     38      0      0      0      0      0      0   3201   1980      0      0 130751 130752      0      0      0      0      0      0 
    0    132     41     38      0      0      0      0      0      0   3201   1980      0      0 130751 130752      0      0      0      0      0      1 
    0    132     41     38      0      0      0      0      0      0   3201   1980      0      0 130751 130752      0      0      0      0      0      0 
    0    373     50     43    100     54      0      0      0      0   3201   1980      0      0 130751 130752      0      0      0      0     42     14 
    0    580     53     47    100     54      0      0      0      0   3201   1980      0      0 130751 130752      0      0      0      0     39     15 
    0    580     53     49    100     54      0      0      0      0   3201   1980      0      0 130751 130752      0      0      0      0     59     15 
    0    577     53     49    100     54      0      0      0      0   3201   1980      0      0 130751 130752      0      0      0      0     42     14 
    0    581     54     50    100     55      0      0      0      0   3201   1980      0      0 130751 130752      0      0      0      0     42     15 
    0    583     54     51    100     55      0      0      0      0   3201   1980      0      0 130751 130752      0      0      0      0     65     14 
    0    583     55     51    100     54      0      0      0      0   3201   1980      0      0 130751 130752      0      0      0      0     47     15 
    0    579     55     52    100     54      0      0      0      0   3201   1980      0      0 130751 130752      0      0      0      0     51     15 
    0    589     56     52    100     54      0      0      0      0   3201   1980      0      0 130751 130752      0      0      0      0     75     15 
    0    593     56     52    100     55      0      0      0      0   3201   1980      0      0 130751 130752      0      0      0      0     51     17 
    0    590     56     52    100     55      0      0      0      0   3201   1980      0      0 130751 130752      0      0      0      0     60     16 
    0    592     56     52    100     55      0      0      0      0   3201   1980      0      0 130751 130752      0      0      0      0     49     16 
    0    593     56     52    100     54      0      0      0      0   3201   1980      0      0 130751 130752      0      0      0      0     47     17 
    0    591     57     52    100     55      0      0      0      0   3201   1980      0      0 130751 130752      0      0      0      0     47     14 
    0    589     57     52    100     54      0      0      0      0   3201   1980      0      0 130751 130752      0      0      0      0     49     17 
    0    590     57     53    100     55      0      0      0      0   3201   1980      0      0 130751 130752      0      0      0      0     46     16 
    0    593     57     53    100     55      0      0      0      0   3201   1980      0      0 130751 130752      0      0      0      0     46     17 
    0    592     57     53    100     55      0      0      0      0   3201   1980      0      0 130751 130752      0      0      0      0     72     14 
    0    596     57     53    100     55      0      0      0      0   3201   1980      0      0 130751 130752      0      0      0      0     82     16 
    0    595     58     53    100     55      0      0      0      0   3201   1980      0      0 130751 130752      0      0      0      0     57     17 
    0    602     58     54    100     55      0      0      0      0   3201   1980      0      0 130751 130752      0      0      0      0     85     16 
    0    590     58     54    100     55      0      0      0      0   3201   1980      0      0 130751 130752      0      0      0      0     54     17 
    0    596     58     54    100     54      0      0      0      0   3201   1980      0      0 130751 130752      0      0      0      0     54     18 
    0    607     59     54    100     54      0      0      0      0   3201   1980      0      0 130751 130752      0      0      0      0     59     18 
    0    611     59     54    100     54      0      0      0      0   3201   1980      0      0 130751 130752      0      0      0      0     98     16 
    0    608     58     54    100     55      0      0      0      0   3201   1980      0      0 130751 130752      0      0      0      0     61     15 
    0    600     58     54    100     55      0      0      0      0   3201   1980      0      0 130751 130752      0      0      0      0     56     16 
    0    593     58     54    100     54      0      0      0      0   3201   1980      0      0 130751 130752      0      0      0      0     61     17 
    0    611     59     54    100     55      0      0      0      0   3201   1980      0      0 130751 130752      0      0      0      0    100     20 
    0    617     59     55    100     54      0      0      0      0   3201   1980      0      0 130751 130752      0      0      0      0     82     20 
    0    613     59     55    100     55      0      0      0      0   3201   1980      0      0 130751 130752      0      0      0      0    106     17 
# gpu    pwr  gtemp  mtemp     sm    mem    enc    dec    jpg    ofa   mclk   pclk  pviol  tviol     fb   bar1   ccpm  sbecc  dbecc    pci  rxpci  txpci 
# Idx      W      C      C      %      %      %      %      %      %    MHz    MHz      %   bool     MB     MB     MB   errs   errs   errs   MB/s   MB/s 
    0    613     59     55    100     55      0      0      0      0   3201   1980      0      0 130751 130752      0      0      0      0     67     18 
    0    611     59     55    100     55      0      0      0      0   3201   1980      0      0 130751 130752      0      0      0      0     61     20 
    0    609     59     55    100     54      0      0      0      0   3201   1980      0      0 130751 130752      0      0      0      0     95     15 
    0    609     59     55    100     55      0      0      0      0   3201   1980      0      0 130751 130752      0      0      0      0     98     16 
    0    604     60     55    100     55      0      0      0      0   3201   1980      0      0 130751 130752      0      0      0      0     56     17 
    0    599     59     55    100     55      0      0      0      0   3201   1980      0      0 130751 130752      0      0      0      0     49     17 
    0    606     59     55    100     54      0      0      0      0   3201   1980      0      0 130751 130752      0      0      0      0     69     18 
    0    601     59     55    100     55      0      0      0      0   3201   1980      0      0 130751 130752      0      0      0      0     88     16 
    0    610     60     55    100     55      0      0      0      0   3201   1980      0      0 130751 130752      0      0      0      0     60     18 
    0    608     59     55    100     55      0      0      0      0   3201   1980      0      0 130751 130752      0      0      0      0     61     16 
    0    614     60     55    100     55      0      0      0      0   3201   1980      0      0 130751 130752      0      0      0      0     66     18 
    0    616     60     55    100     55      0      0      0      0   3201   1980      0      0 130751 130752      0      0      0      0     69     21 
    0    612     59     55    100     55      0      0      0      0   3201   1980      0      0 130751 130752      0      0      0      0     69     16 
    0    615     60     55    100     55      0      0      0      0   3201   1980      0      0 130751 130752      0      0      0      0     66     20 
    0    606     59     55    100     55      0      0      0      0   3201   1980      0      0 130751 130752      0      0      0      0     96     15 
    0    605     59     55    100     54      0      0      0      0   3201   1980      0      0 130751 130752      0      0      0      0     54     18 
    0    601     59     55    100     55      0      0      0      0   3201   1980      0      0 130751 130752      0      0      0      0     88     15 
    0    614     59     56    100     55      0      0      0      0   3201   1980      0      0 130751 130752      0      0      0      0     59     16 
    0    601     59     56    100     55      0      0      0      0   3201   1980      0      0 130751 130752      0      0      0      0     58     16 
    0    598     59     55    100     55      0      0      0      0   3201   1980      0      0 130751 130752      0      0      0      0     75     15 
    0    595     59     55    100     54      0      0      0      0   3201   1980      0      0 130751 130752      0      0      0      0     51     14 
    0    594     59     55    100     54      0      0      0      0   3201   1980      0      0 130751 130752      0      0      0      0     71     15 
    0    592     59     56    100     55      0      0      0      0   3201   1980      0      0 130751 130752      0      0      0      0     75     14 
    0    595     59     56    100     55      0      0      0      0   3201   1980      0      0 130751 130752      0      0      0      0     52     17 
    0    594     59     56    100     54      0      0      0      0   3201   1980      0      0 130751 130752      0      0      0      0     45     16 
    0    593     59     56    100     55      0      0      0      0   3201   1980      0      0 130751 130752      0      0      0      0     71     15 
    0    593     59     56    100     55      0      0      0      0   3201   1980      0      0 130751 130752      0      0      0      0     68     14 
    0    591     59     56    100     54      0      0      0      0   3201   1980      0      0 130751 130752      0      0      0      0     68     16 
    0    594     59     56    100     53      0      0      0      0   3201   1980      0      0 130751 130752      0      0      0      0     76     17 
    0    596     59     56    100     55      0      0      0      0   3201   1980      0      0 130751 130752      0      0      0      0     52     17 
    0    602     59     56    100     54      0      0      0      0   3201   1980      0      0 130751 130752      0      0      0      0     85     15 
    0    606     59     56    100     55      0      0      0      0   3201   1980      0      0 130751 130752      0      0      0      0     59     15 
    0    612     60     56    100     55      0      0      0      0   3201   1980      0      0 130751 130752      0      0      0      0     61     18 
    0    611     59     56    100     55      0      0      0      0   3201   1980      0      0 130751 130752      0      0      0      0     59     15 
    0    614     60     56    100     54      0      0      0      0   3201   1980      0      0 130751 130752      0      0      0      0     62     18 
    0    611     61     56    100     55      0      0      0      0   3201   1980      0      0 130751 130752      0      0      0      0     96     15 
    0    600     59     56    100     55      0      0      0      0   3201   1980      0      0 130751 130752      0      0      0      0     56     17 
    0    600     59     56    100     55      0      0      0      0   3201   1980      0      0 130751 130752      0      0      0      0     52     15 
    0    593     59     56    100     54      0      0      0      0   3201   1980      0      0 130751 130752      0      0      0      0     49     14 
    0    595     59     56    100     55      0      0      0      0   3201   1980      0      0 130751 130752      0      0      0      0     47     14 
    0    594     59     56    100     55      0      0      0      0   3201   1980      0      0 130751 130752      0      0      0      0     62     14 
    0    594     59     56    100     55      0      0      0      0   3201   1980      0      0 130751 130752      0      0      0      0     59     14 
    0    595     59     56    100     54      0      0      0      0   3201   1980      0      0 130751 130752      0      0      0      0     57     14 
    0    597     59     56    100     55      0      0      0      0   3201   1980      0      0 130751 130752      0      0      0      0     42     15 
# gpu    pwr  gtemp  mtemp     sm    mem    enc    dec    jpg    ofa   mclk   pclk  pviol  tviol     fb   bar1   ccpm  sbecc  dbecc    pci  rxpci  txpci 
# Idx      W      C      C      %      %      %      %      %      %    MHz    MHz      %   bool     MB     MB     MB   errs   errs   errs   MB/s   MB/s 
    0    596     59     56    100     54      0      0      0      0   3201   1980      0      0 130751 130752      0      0      0      0     45     16 
    0    595     59     56    100     55      0      0      0      0   3201   1980      0      0 130751 130752      0      0      0      0     61     14 
    0    597     59     56    100     55      0      0      0      0   3201   1980      0      0 130751 130752      0      0      0      0     48     14 
    0    596     59     56    100     55      0      0      0      0   3201   1980      0      0 130751 130752      0      0      0      0     65     17 
    0    595     59     56    100     55      0      0      0      0   3201   1980      0      0 130751 130752      0      0      0      0     82     15 
    0    594     59     56    100     55      0      0      0      0   3201   1980      0      0 130751 130752      0      0      0      0     75     14 
    0    595     59     56    100     54      0      0      0      0   3201   1980      0      0 130751 130752      0      0      0      0     49     16 
    0    597     59     56    100     54      0      0      0      0   3201   1980      0      0 130751 130752      0      0      0      0     50     17 
    0    595     59     56    100     55      0      0      0      0   3201   1980      0      0 130751 130752      0      0      0      0     65     18 
    0    608     61     56    100     55      0      0      0      0   3201   1980      0      0 130751 130752      0      0      0      0     55     20 
    0    597     59     56    100     55      0      0      0      0   3201   1980      0      0 130751 130752      0      0      0      0     54     15 
    0    597     59     56    100     55      0      0      0      0   3201   1980      0      0 130751 130752      0      0      0      0     54     17 
    0    606     60     56    100     54      0      0      0      0   3201   1980      0      0 130751 130752      0      0      0      0     92     15 
    0    612     60     56    100     55      0      0      0      0   3201   1980      0      0 130751 130752      0      0      0      0     62     15 
    0    613     60     56    100     55      0      0      0      0   3201   1980      0      0 130751 130752      0      0      0      0     77     19 
    0    615     60     56    100     55      0      0      0      0   3201   1980      0      0 130751 130752      0      0      0      0     98     15 
    0    605     60     56    100     54      0      0      0      0   3201   1980      0      0 130751 130752      0      0      0      0     60     18 
    0    604     59     56    100     54      0      0      0      0   3201   1980      0      0 130751 130752      0      0      0      0     56     17 
    0    601     60     56    100     55      0      0      0      0   3201   1980      0      0 130751 130752      0      0      0      0     85     15 
    0    611     60     56    100     53      0      0      0      0   3201   1980      0      0 130751 130752      0      0      0      0     70     16 
    0    603     59     56    100     55      0      0      0      0   3201   1980      0      0 130751 130752      0      0      0      0     56     17 
    0    591     59     56    100     55      0      0      0      0   3201   1980      0      0 130751 130752      0      0      0      0     54     15 
    0    593     59     56    100     55      0      0      0      0   3201   1980      0      0 130751 130752      0      0      0      0     51     14 
    0    595     59     56    100     55      0      0      0      0   3201   1980      0      0 130751 130752      0      0      0      0     46     14 
    0    589     59     56    100     54      0      0      0      0   3201   1980      0      0 130751 130752      0      0      0      0     43     15 
    0    588     59     56    100     54      0      0      0      0   3201   1980      0      0 130751 130752      0      0      0      0     41     14 
    0    585     59     56    100     54      0      0      0      0   3201   1980      0      0 130751 130752      0      0      0      0     36     15 
