# gpu    pwr  gtemp  mtemp     sm    mem    enc    dec    jpg    ofa   mclk   pclk  pviol  tviol     fb   bar1   ccpm  sbecc  dbecc    pci  rxpci  txpci 
# Idx      W      C      C      %      %      %      %      %      %    MHz    MHz      %   bool     MB     MB     MB   errs   errs   errs   MB/s   MB/s 
    0    150     42     39     26     11      0      0      0      0   3201   1980      0      0 130751 130752      0      0      0      0      0      0 
    0    133     42     39      0      0      0      0      0      0   3201   1980      0      0 130751 130752      0      0      0      0      0      0 
    0    133     42     39      0      0      0      0      0      0   3201   1980      0      0 130751 130752      0      0      0      0      0      1 
    0    133     42     39      0      0      0      0      0      0   3201   1980      0      0 130751 130752      0      0      0      0      0      0 
    0    133     41     39      0      0      0      0      0      0   3201   1980      0      0 130751 130752      0      0      0      0      0      1 
    0    133     41     39      0      0      0      0      0      0   3201   1980      0      0 130751 130752      0      0      0      0      0      0 
    0    133     41     39      0      0      0      0      0      0   3201   1980      0      0 130751 130752      0      0      0      0      4      1 
    0    133     41     38      0      0      0      0      0      0   3201   1980      0      0 130751 130752      0      0      0      0      0      0 
    0    133     41     38      0      0      0      0      0      0   3201   1980      0      0 130751 130752      0      0      0      0      0      1 
    0    133     41     38      0      0      0      0      0      0   3201   1980      0      0 130751 130752      0      0      0      0      0      0 
    0    132     41     38      0      0      0      0      0      0   3201   1980      0      0 130751 130752      0      0      0      0      0      1 
    0    132     41     38      0      0      0      0      0      0   3201   1980      0      0 130751 130752      0      0      0      0      0      0 
    0    133     41     38      0      0      0      0      0      0   3201   1980      0      0 130751 130752      0      0      0      0      0      1 
    0    184     45     39     34     12      0      0      0      0   3201   1980      0      0 130751 130752      0      0      0      0     38     10 
    0    312     43     40      0      0      0      0      0      0   3201   1980      0      0 130751 130752      0      0      0      0     38     11 
    0    386     47     42     76     22      0      0      0      0   3201   1980      0      0 130751 130752      0      0      0      0     32     10 
    0    426     50     44    100     23      0      0      0      0   3201   1980      0      0 130751 130752      0      0      0      0     32     11 
    0    504     51     46    100     23      0      0      0      0   3201   1980      0      0 130751 130752      0      0      0      0     39      9 
    0    476     53     48     99     43      0      0      0      0   3201   1980      0      0 130751 130752      0      0      0      0     33     14 
    0    418     45     44      0      0      0      0      0      0   3201   1980      0      0 130751 130752      0      0      0      0      0      0 
    0    156     48     42     21      9      0      0      0      0   3201   1980      0      0 130751 130752      0      0      0      0     38     10 
    0    320     44     42      0      0      0      0      0      0   3201   1980      0      0 130751 130752      0      0      0      0      0      0 
    0    134     43     41      0      0      0      0      0      0   3201   1980      0      0 130751 130752      0      0      0      0      0      1 
    0    134     43     40      0      0      0      0      0      0   3201   1980      0      0 130751 130752      0      0      0      0      0      0 
    0    450     53     47    100     54      0      0      0      0   3201   1980      0      0 130751 130752      0      0      0      0     32     14 
    0    371     45     43      0      0      0      0      0      0   3201   1980      0      0 130751 130752      0      0      0      0      0      0 
    0    412     51     46     98     24      0      0      0      0   3201   1980      0      0 130751 130752      0      0      0      0     32     11 
    0    414     51     46    100     23      0      0      0      0   3201   1980      0      0 130751 130752      0      0      0      0     32     10 
    0    248     44     42      0      0      0      0      0      0   3201   1980      0      0 130751 130752      0      0      0      0      0      1 
    0    134     43     41      0      0      0      0      0      0   3201   1980      0      0 130751 130752      0      0      0      0      0     11 
    0    516     54     49    100     54      0      0      0      0   3201   1980      0      0 130751 130752      0      0      0      0     37     15 
    0    577     54     51    100     54      0      0      0      0   3201   1980      0      0 130751 130752      0      0      0      0     36     13 
    0    438     47     47     31      7      0      0      0      0   3201   1980      0      0 130751 130752      0      0      0      0      0      1 
    0    290     51     46    100     23      0      0      0      0   3201   1980      0      0 130751 130752      0      0      0      0     38      9 
    0    213     44     43      0      0      0      0      0      0   3201   1980      0      0 130751 130752      0      0      0      0      0      1 
    0    298     51     45    100     23      0      0      0      0   3201   1980      0      0 130751 130752      0      0      0      0     32     10 
    0    202     44     42      0      0      0      0      0      0   3201   1980      0      0 130751 130752      0      0      0      0      0      0 
    0    134     43     41      0      0      0      0      0      0   3201   1980      0      0 130751 130752      0      0      0      0      0      0 
    0    134     43     41      0      0      0      0      0      0   3201   1980      0      0 130751 130752      0      0      0      0      0      0 
    0    368     46     45     53     12      0      0      0      0   3201   1980      0      0 130751 130752      0      0      0      0      0      0 
    0    203     49     43    100     23      0      0      0      0   3201   1980      0      0 130751 130752      0      0      0      0     36     10 
    0    480     51     46    100     23      0      0      0      0   3201   1980      0      0 130751 130752      0      0      0      0     33     10 
    0    272     52     44     15      7      0      0      0      0   3201   1980      0      0 130751 130752      0      0      0      0     40     12 
    0    578     54     50    100     54      0      0      0      0   3201   1980      0      0 130751 130752      0      0      0      0     36     13 
# gpu    pwr  gtemp  mtemp     sm    mem    enc    dec    jpg    ofa   mclk   pclk  pviol  tviol     fb   bar1   ccpm  sbecc  dbecc    pci  rxpci  txpci 
# Idx      W      C      C      %      %      %      %      %      %    MHz    MHz      %   bool     MB     MB     MB   errs   errs   errs   MB/s   MB/s 
    0    585     55     51    100     54      0      0      0      0   3201   1980      0      0 130751 130752      0      0      0      0     40     12 
    0    534     49     48     34      8      0      0      0      0   3201   1980      0      0 130751 130752      0      0      0      0      1      0 
    0    171     50     43      0      0      0      0      0      0   3201   1980      0      0 130751 130752      0      0      0      0     38      9 
    0    441     52     47    100     23      0      0      0      0   3201   1980      0      0 130751 130752      0      0      0      0     33     10 
    0    569     55     51    100     54      0      0      0      0   3201   1980     27      0 130751 130752      0      0      0      0     33     14 
    0    585     56     52    100     52      0      0      0      0   3201   1980      0      0 130751 130752      0      0      0      0     35     13 
    0    558     56     52    100     54      0      0      0      0   3201   1980      0      0 130751 130752      0      0      0      0     33     13 
    0    590     56     52    100     54      0      0      0      0   3201   1980     30      0 130751 130752      0      0      0      0     36     14 
    0    588     56     52    100     54      0      0      0      0   3201   1980      0      0 130751 130752      0      0      0      0     36     13 
    0    591     57     53    100     54      0      0      0      0   3201   1980      0      0 130751 130752      0      0      0      0     67     21 
    0    585     56     53    100     54      0      0      0      0   3201   1980      0      0 130751 130752      0      0      0      0     38      9 
    0    250     47     45      0      0      0      0      0      0   3201   1980      0      0 130751 130752      0      0      0      0      0      0 
    0    189     51     46    100     25      0      0      0      0   3201   1980      0      0 130751 130752      0      0      0      0     32     10 
    0    319     46     44      0      0      0      0      0      0   3201   1980      0      0 130751 130752      0      0      0      0     33     10 
    0    533     57     52    100     54      0      0      0      0   3201   1980      0      0 130751 130752      0      0      0      0     35     13 
    0    583     56     52    100     54      0      0      0      0   3201   1980      0      0 130751 130752      0      0      0      0     33     13 
    0    593     57     52    100     54      0      0      0      0   3201   1980      0      0 130751 130752      0      0      0      0     35     13 
    0    590     57     53    100     54      0      0      0      0   3201   1980      0      0 130751 130752      0      0      0      0     33     10 
    0    555     57     53    100     54      0      0      0      0   3201   1980     27      0 130751 130752      0      0      0      0    108     13 
    0    594     57     53    100     54      0      0      0      0   3201   1980      0      0 130751 130752      0      0      0      0     39     13 
    0    592     58     53    100     52      0      0      0      0   3201   1980      0      0 130751 130752      0      0      0      0     36     13 
    0    587     57     54    100     54      0      0      0      0   3201   1980      0      0 130751 130752      0      0      0      0     33     13 
    0    242     48     45      0      0      0      0      0      0   3201   1980      0      0 130751 130752      0      0      0      0      0      0 
    0    137     46     44      0      0      0      0      0      0   3201   1980      0      0 130751 130752      0      0      0      0      0      0 
    0    136     46     43      0      0      0      0      0      0   3201   1980      0      0 130751 130752      0      0      0      0      0      0 
    0    524     56     52    100     54      0      0      0      0   3201   1980      0      0 130751 130752      0      0      0      0     50     14 
    0    593     59     52    100     54      0      0      0      0   3201   1965      6      0 130751 130752      0      0      0      0     51     13 
    0    591     57     53    100     54      0      0      0      0   3201   1980     23      0 130751 130752      0      0      0      0     50     13 
    0    590     57     53    100     54      0      0      0      0   3201   1980      0      0 130751 130752      0      0      0      0     48     13 
    0    594     57     53    100     54      0      0      0      0   3201   1980     29      0 130751 130752      0      0      0      0     48     13 
    0    586     57     54    100     54      0      0      0      0   3201   1980      0      0 130751 130752      0      0      0      0     36     14 
    0    519     57     53    100     53      0      0      0      0   3201   1980      0      0 130751 130752      0      0      0      0     40     12 
    0    583     58     54    100     54      0      0      0      0   3201   1980      0      0 130751 130752      0      0      0      0     33     13 
    0    529     57     53    100     54      0      0      0      0   3201   1980      0      0 130751 130752      0      0      0      0     33     13 
    0    586     58     54    100     54      0      0      0      0   3201   1980      0      0 130751 130752      0      0      0      0     33     13 
    0    228     48     46      0      0      0      0      0      0   3201   1980      0      0 130751 130752      0      0      0      0      0      1 
    0    137     47     44      0      0      0      0      0      0   3201   1980      0      0 130751 130752      0      0      0      0      0      0 
    0    419     55     50     99     53      0      0      0      0   3201   1980      0      0 130751 130752      0      0      0      0     33     15 
    0    344     48     45      0      0      0      0      0      0   3201   1980      0      0 130751 130752      0      0      0      0      0      0 
    0    136     46     43      0      0      0      0      0      0   3201   1980      0      0 130751 130752      0      0      0      0      0      1 
    0    136     45     43      0      0      0      0      0      0   3201   1980      0      0 130751 130752      0      0      0      0      0      0 
    0    306     52     47    100     23      0      0      0      0   3201   1980      0      0 130751 130752      0      0      0      0     33     11 
    0    390     53     47    100     23      0      0      0      0   3201   1980      0      0 130751 130752      0      0      0      0      6      0 
    0    310     54     50    100     54      0      0      0      0   3201   1980      0      0 130751 130752      0      0      0      0     36     13 
# gpu    pwr  gtemp  mtemp     sm    mem    enc    dec    jpg    ofa   mclk   pclk  pviol  tviol     fb   bar1   ccpm  sbecc  dbecc    pci  rxpci  txpci 
# Idx      W      C      C      %      %      %      %      %      %    MHz    MHz      %   bool     MB     MB     MB   errs   errs   errs   MB/s   MB/s 
    0    599     58     52    100     54      0      0      0      0   3201   1980      0      0 130751 130752      0      0      0      0     42     15 
    0    594     56     52    100     54      0      0      0      0   3201   1980      0      0 130751 130752      0      0      0      0     39     13 
    0    592     57     53    100     54      0      0      0      0   3201   1980      0      0 130751 130752      0      0      0      0     45     13 
    0    578     57     53    100     52      0      0      0      0   3201   1980      0      0 130751 130752      0      0      0      0     36     14 
    0    591     57     53    100     54      0      0      0      0   3201   1980      0      0 130751 130752      0      0      0      0     37     14 
    0    587     57     53    100     54      0      0      0      0   3201   1980      0      0 130751 130752      0      0      0      0     36     14 
    0    421     49     48      0      0      0      0      0      0   3201   1980      0      0 130751 130752      0      0      0      0      0      0 
    0    137     47     44      0      0      0      0      0      0   3201   1980      0      0 130751 130752      0      0      0      0     40     10 
    0    540     56     52    100     54      0      0      0      0   3201   1980      0      0 130751 130752      0      0      0      0     34     13 
    0    568     57     53    100     54      0      0      0      0   3201   1980     29      0 130751 130752      0      0      0      0     40     14 
    0    586     57     53    100     51      0      0      0      0   3201   1980      0      0 130751 130752      0      0      0      0     45     13 
    0    590     57     54    100     54      0      0      0      0   3201   1980     29      0 130751 130752      0      0      0      0     38     14 
    0    593     58     54    100     54      0      0      0      0   3201   1980     30      0 130751 130752      0      0      0      0     36     13 
    0    594     60     54    100     50      0      0      0      0   3201   1965     11      0 130751 130752      0      0      0      0     32     14 
    0    589     58     54    100     54      0      0      0      0   3201   1980     17      0 130751 130752      0      0      0      0     36     14 
    0    592     58     54    100     54      0      0      0      0   3201   1980      0      0 130751 130752      0      0      0      0     33     14 
    0    592     58     55    100     54      0      0      0      0   3201   1980      0      0 130751 130752      0      0      0      0     33     13 
    0    345     49     47      0      0      0      0      0      0   3201   1980      0      0 130751 130752      0      0      0      0      0      1 
    0    137     47     45      0      0      0      0      0      0   3201   1980      0      0 130751 130752      0      0      0      0      0      0 
    0    219     53     47     93     26      0      0      0      0   3201   1980      0      0 130751 130752      0      0      0      0     34     12 
    0    585     57     52    100     53      0      0      0      0   3201   1980      0      0 130751 130752      0      0      0      0     36     14 
    0    587     57     53    100     54      0      0      0      0   3201   1965     30      0 130751 130752      0      0      0      0     33     14 
    0    593     58     54    100     51      0      0      0      0   3201   1980      0      0 130751 130752      0      0      0      0     36     14 
    0    584     58     54    100     54      0      0      0      0   3201   1980      0      0 130751 130752      0      0      0      0     33     14 
    0    310     48     47      0      0      0      0      0      0   3201   1980      0      0 130751 130752      0      0      0      0      0      0 
    0    222     53     48    100     23      0      0      0      0   3201   1980      0      0 130751 130752      0      0      0      0     38     10 
    0    498     55     50    100     23      0      0      0      0   3201   1980      0      0 130751 130752      0      0      0      0     35      9 
    0    215     47     45      0      0      0      0      0      0   3201   1980      0      0 130751 130752      0      0      0      0      0      2 
    0    367     48     45      0      0      0      0      0      0   3201   1980      0      0 130751 130752      0      0      0      0      0      0 
    0    418     56     51    100     54      0      0      0      0   3201   1980      0      0 130751 130752      0      0      0      0     40     14 
    0    486     50     48    100     23      0      0      0      0   3201   1980      0      0 130751 130752      0      0      0      0      0      0 
    0    428     56     51    100     51      0      0      0      0   3201   1980      0      0 130751 130752      0      0      0      0     40     14 
    0    406     48     47      0      0      0      0      0      0   3201   1980      0      0 130751 130752      0      0      0      0      0      0 
    0    205     52     47    100     23      0      0      0      0   3201   1980      0      0 130751 130752      0      0      0      0     32     11 
    0    406     53     48    100     23      0      0      0      0   3201   1980      0      0 130751 130752      0      0      0      0     36      9 
    0    235     46     44      0      0      0      0      0      0   3201   1980      0      0 130751 130752      0      0      0      0      0      1 
    0    254     52     46    100     23      0      0      0      0   3201   1980      0      0 130751 130752      0      0      0      0     38      9 
    0    312     51     46     93     26      0      0      0      0   3201   1980      0      0 130751 130752      0      0      0      0     35     11 
    0    282     46     44      0      0      0      0      0      0   3201   1980      0      0 130751 130752      0      0      0      0     30     12 
    0    450     54     50    100     42      0      0      0      0   3201   1980      0      0 130751 130752      0      0      0      0     33     11 
    0    286     46     44      0      0      0      0      0      0   3201   1980      0      0 130751 130752      0      0      0      0      0      0 
    0    136     45     43      0      0      0      0      0      0   3201   1980      0      0 130751 130752      0      0      0      0      0      1 
    0    227     51     45    100     28      0      0      0      0   3201   1980      0      0 130751 130752      0      0      0      0     38      9 
    0    355     51     46     55     18      0      0      0      0   3201   1980      0      0 130751 130752      0      0      0      0     33     10 
# gpu    pwr  gtemp  mtemp     sm    mem    enc    dec    jpg    ofa   mclk   pclk  pviol  tviol     fb   bar1   ccpm  sbecc  dbecc    pci  rxpci  txpci 
# Idx      W      C      C      %      %      %      %      %      %    MHz    MHz      %   bool     MB     MB     MB   errs   errs   errs   MB/s   MB/s 
    0    508     53     49    100     23      0      0      0      0   3201   1980      0      0 130751 130752      0      0      0      0     32     10 
    0    561     56     52    100     54      0      0      0      0   3201   1980      0      0 130751 130752      0      0      0      0     37     15 
    0    588     59     52    100     54      0      0      0      0   3201   1980     30      0 130751 130752      0      0      0      0     43     14 
    0    587     57     52    100     54      0      0      0      0   3201   1980      0      0 130751 130752      0      0      0      0     37     14 
    0    604     57     53    100     52      0      0      0      0   3201   1980     30      0 130751 130752      0      0      0      0     48     13 
    0    587     57     53    100     54      0      0      0      0   3201   1980      0      0 130751 130752      0      0      0      0     37     15 
    0    589     57     54    100     54      0      0      0      0   3201   1980      0      0 130751 130752      0      0      0      0     33     13 
    0    588     57     54    100     54      0      0      0      0   3201   1980     29      0 130751 130752      0      0      0      0     40     14 
    0    584     57     54    100     54      0      0      0      0   3201   1980      0      0 130751 130752      0      0      0      0     33     13 
    0    543     57     54    100     54      0      0      0      0   3201   1980      0      0 130751 130752      0      0      0      0     32     14 
    0    585     58     54    100     54      0      0      0      0   3201   1980      0      0 130751 130752      0      0      0      0     35     13 
    0    279     48     46      0      0      0      0      0      0   3201   1980      0      0 130751 130752      0      0      0      0      0      1 
    0    471     57     52    100     54      0      0      0      0   3201   1980      0      0 130751 130752      0      0      0      0     40     13 
    0    587     57     53    100     54      0      0      0      0   3201   1980     28      0 130751 130752      0      0      0      0     33     13 
    0    387     49     47      0      0      0      0      0      0   3201   1980      0      0 130751 130752      0      0      0      0      0      0 
    0    348     54     49    100     23      0      0      0      0   3201   1980      0      0 130751 130752      0      0      0      0      0      1 
    0    182     51     46     43     15      0      0      0      0   3201   1980      0      0 130751 130752      0      0      0      0     32     10 
    0    325     47     45      0      0      0      0      0      0   3201   1980      0      0 130751 130752      0      0      0      0      0      5 
    0    562     56     52    100     54      0      0      0      0   3201   1980      0      0 130751 130752      0      0      0      0     33     13 
    0    513     51     50    100     41      0      0      0      0   3201   1980      0      0 130751 130752      0      0      0      0      0      1 
    0    268     53     48    100     23      0      0      0      0   3201   1980      0      0 130751 130752      0      0      0      0     36      9 
    0    289     52     47     70     21      0      0      0      0   3201   1980      0      0 130751 130752      0      0      0      0     32     10 
    0    288     47     44      0      0      0      0      0      0   3201   1980      0      0 130751 130752      0      0      0      0      0      0 
    0    136     46     43      0      0      0      0      0      0   3201   1980      0      0 130751 130752      0      0      0      0      0      1 
    0    135     45     43      0      0      0      0      0      0   3201   1980      0      0 130751 130752      0      0      0      0      0      0 
    0    135     45     42      0      0      0      0      0      0   3201   1980      0      0 130751 130752      0      0      0      0      0      1 
    0    135     44     42      0      0      0      0      0      0   3201   1980      0      0 130751 130752      0      0      0      0      0      0 
    0    134     44     42      0      0      0      0      0      0   3201   1980      0      0 130751 130752      0      0      0      0      0      1 
    0    424     54     49    100     54      0      0      0      0   3201   1980      0      0 130751 130752      0      0      0      0     33     12 
    0    579     55     51    100     54      0      0      0      0   3201   1980      0      0 130751 130752      0      0      0      0     33     11 
    0    389     54     50    100     54      0      0      0      0   3201   1980      0      0 130751 130752      0      0      0      0     40     13 
    0    590     56     52    100     51      0      0      0      0   3201   1980      0      0 130751 130752      0      0      0      0     48     15 
    0    582     56     52    100     54      0      0      0      0   3201   1980      0      0 130751 130752      0      0      0      0     40     13 
    0    492     54     49    100     23      0      0      0      0   3201   1980      0      0 130751 130752      0      0      0      0     33     11 
    0    201     46     44      0      0      0      0      0      0   3201   1980      0      0 130751 130752      0      0      0      0      0      0 
    0    388     48     47     53     12      0      0      0      0   3201   1980      0      0 130751 130752      0      0      0      0     38      9 
    0    531     56     52    100     54      0      0      0      0   3201   1980      0      0 130751 130752      0      0      0      0     33     13 
    0    586     56     52    100     54      0      0      0      0   3201   1980      0      0 130751 130752      0      0      0      0     36     14 
    0    590     56     53    100     54      0      0      0      0   3201   1980      0      0 130751 130752      0      0      0      0     33     12 
    0    588     57     53    100     54      0      0      0      0   3201   1980      0      0 130751 130752      0      0      0      0     33     14 
    0    309     47     46      0      0      0      0      0      0   3201   1980      0      0 130751 130752      0      0      0      0      0      0 
    0    308     53     48    100     23      0      0      0      0   3201   1980      0      0 130751 130752      0      0      0      0     32     10 
    0    197     46     44      0      0      0      0      0      0   3201   1980      0      0 130751 130752      0      0      0      0      0      0 
    0    136     45     43      0      0      0      0      0      0   3201   1980      0      0 130751 130752      0      0      0      0      0      0 
# gpu    pwr  gtemp  mtemp     sm    mem    enc    dec    jpg    ofa   mclk   pclk  pviol  tviol     fb   bar1   ccpm  sbecc  dbecc    pci  rxpci  txpci 
# Idx      W      C      C      %      %      %      %      %      %    MHz    MHz      %   bool     MB     MB     MB   errs   errs   errs   MB/s   MB/s 
    0    135     45     43      0      0      0      0      0      0   3201   1980      0      0 130751 130752      0      0      0      0     41      9 
    0    365     47     43      0      0      0      0      0      0   3201   1980      0      0 130751 130752      0      0      0      0      0      0 
    0    155     45     43     53     22      0      0      0      0   3201   1980      0      0 130751 130752      0      0      0      0     33     13 
    0    583     55     51    100     54      0      0      0      0   3201   1980      0      0 130751 130752      0      0      0      0     36     14 
    0    592     56     52    100     52      0      0      0      0   3201   1980      0      0 130751 130752      0      0      0      0     36     14 
    0    601     56     52    100     53      0      0      0      0   3201   1965     19      0 130751 130752      0      0      0      0     40     13 
    0    579     56     53    100     54      0      0      0      0   3201   1980      6      0 130751 130752      0      0      0      0     37     14 
    0    594     57     53    100     54      0      0      0      0   3201   1980      0      0 130751 130752      0      0      0      0     36     14 
    0    590     57     53    100     54      0      0      0      0   3201   1980      0      0 130751 130752      0      0      0      0     36     13 
    0    366     48     47      0      0      0      0      0      0   3201   1980      0      0 130751 130752      0      0      0      0      0      0 
    0    274     53     48    100     23      0      0      0      0   3201   1980      0      0 130751 130752      0      0      0      0     33     10 
    0    353     57     49    100     54      0      0      0      0   3201   1980      0      0 130751 130752      0      0      0      0     36     13 
    0    587     59     52    100     54      0      0      0      0   3201   1980      0      0 130751 130752      0      0      0      0     37     13 
    0    590     57     53    100     52      0      0      0      0   3201   1980      4      0 130751 130752      0      0      0      0     42     13 
    0    576     57     53    100     54      0      0      0      0   3201   1980     22      0 130751 130752      0      0      0      0     38     12 
    0    396     48     47      0      0      0      0      0      0   3201   1980      0      0 130751 130752      0      0      0      0      0      0 
    0    266     53     48    100     23      0      0      0      0   3201   1980      0      0 130751 130752      0      0      0      0     39      9 
    0    384     53     49    100     23      0      0      0      0   3201   1980      0      0 130751 130752      0      0      0      0     32     10 
    0    439     54     49    100     23      0      0      0      0   3201   1980      0      0 130751 130752      0      0      0      0      0      0 
    0    365     49     47     10      2      0      0      0      0   3201   1980      0      0 130751 130752      0      0      0      0      0      0 
    0    364     55     51    100     54      0      0      0      0   3201   1980      0      0 130751 130752      0      0      0      0     33     12 
    0    586     56     52    100     54      0      0      0      0   3201   1980     56      0 130751 130752      0      0      0      0     48     13 
    0    581     57     53    100     54      0      0      0      0   3201   1980      0      0 130751 130752      0      0      0      0     36     16 
    0    285     47     46      0      0      0      0      0      0   3201   1980      0      0 130751 130752      0      0      0      0      0      0 
    0    307     53     48    100     23      0      0      0      0   3201   1980      0      0 130751 130752      0      0      0      0     32     10 
    0    258     52     47    100     23      0      0      0      0   3201   1980      0      0 130751 130752      0      0      0      0     32     10 
    0    524     56     52    100     52      0      0      0      0   3201   1980      0      0 130751 130752      0      0      0      0     37     13 
    0    592     57     52    100     54      0      0      0      0   3201   1980      0      0 130751 130752      0      0      0      0     39     14 
    0    568     56     53    100     49      0      0      0      0   3201   1980      0      0 130751 130752      0      0      0      0      0      0 
