# gpu    pwr  gtemp  mtemp     sm    mem    enc    dec    jpg    ofa   mclk   pclk  pviol  tviol     fb   bar1   ccpm  sbecc  dbecc    pci  rxpci  txpci 
# Idx      W      C      C      %      %      %      %      %      %    MHz    MHz      %   bool     MB     MB     MB   errs   errs   errs   MB/s   MB/s 
    0    163     46     40      0      0      0      0      0      0   3201   1980      0      0 130751 130752      0      0      0      0      0      0 
    0    135     42     39      0      0      0      0      0      0   3201   1980      0      0 130751 130752      0      0      0      0      0      0 
    0    133     42     39      0      0      0      0      0      0   3201   1980      0      0 130751 130752      0      0      0      0      0      0 
    0    133     42     39      0      0      0      0      0      0   3201   1980      0      0 130751 130752      0      0      0      0      0      0 
    0    133     41     39      0      0      0      0      0      0   3201   1980      0      0 130751 130752      0      0      0      0      0      0 
    0    133     41     39      0      0      0      0      0      0   3201   1980      0      0 130751 130752      0      0      0      0      0      1 
    0    133     41     38      0      0      0      0      0      0   3201   1980      0      0 130751 130752      0      0      0      0      0      0 
    0    133     41     38      0      0      0      0      0      0   3201   1980      0      0 130751 130752      0      0      0      0      0      1 
    0    133     41     38      0      0      0      0      0      0   3201   1980      0      0 130751 130752      0      0      0      0      0      0 
    0    133     41     38      0      0      0      0      0      0   3201   1980      0      0 130751 130752      0      0      0      0      0      1 
    0    133     41     38      0      0      0      0      0      0   3201   1980      0      0 130751 130752      0      0      0      0      0      0 
    0    132     41     38      0      0      0      0      0      0   3201   1980      0      0 130751 130752      0      0      0      0      0      1 
    0    132     41     38      0      0      0      0      0      0   3201   1980      0      0 130751 130752      0      0      0      0      0      0 
    0    197     46     41     32     13      0      0      0      0   3201   1980      0      0 130751 130752      0      0      0      0      0      1 
    0    276     48     42    100     23      0      0      0      0   3201   1980      0      0 130751 130752      0      0      0      0      0      0 
    0    294     44     40      0      0      0      0      0      0   3201   1980      0      0 130751 130752      0      0      0      0     33     10 
    0    235     42     40      0      0      0      0      0      0   3201   1980      0      0 130751 130752      0      0      0      0      0      0 
    0    204     42     40      0      0      0      0      0      0   3201   1980      0      0 130751 130752      0      0      0      0      1      0 
    0    180     47     42     63     21      0      0      0      0   3201   1980      0      0 130751 130752      0      0      0      0     38     10 
    0    270     47     39     21      9      0      0      0      0   3201   1980      0      0 130751 130752      0      0      0      0     33     10 
    0    288     44     41     97     23      0      0      0      0   3201   1980      0      0 130751 130752      0      0      0      0      0      0 
    0    164     49     41      0      0      0      0      0      0   3201   1980      0      0 130751 130752      0      0      0      0    151     15 
    0    388     49     43     95     28      0      0      0      0   3201   1980     31      0 130751 130752      0      0      0      0     26      0 
    0    225     44     41      0      0      0      0      0      0   3201   1980      0      0 130751 130752      0      0      0      0      0      1 
    0    206     43     41     18      4      0      0      0      0   3201   1980      0      0 130751 130752      0      0      0      0      0      0 
    0    134     42     40      0      0      0      0      0      0   3201   1980      0      0 130751 130752      0      0      0      0      0      1 
    0    208     43     40      0      0      0      0      0      0   3201   1980      0      0 130751 130752      0      0      0      0      0      0 
    0    274     43     41      0      0      0      0      0      0   3201   1980      0      0 130751 130752      0      0      0      0      0      1 
    0    454     52     46     62     21      0      0      0      0   3201   1965     13      0 130751 130752      0      0      0      0     34     14 
    0    247     43     41      0      0      0      0      0      0   3201   1980     14      0 130751 130752      0      0      0      0      0      1 
    0    329     50     44     75     22      0      0      0      0   3201   1980      0      0 130751 130752      0      0      0      0     91     16 
    0    330     49     44    100     23      0      0      0      0   3201   1980      0      0 130751 130752      0      0      0      0     53     20 
    0    467     54     48    100     54      0      0      0      0   3201   1965      7      0 130751 130752      0      0      0      0     38      9 
    0    298     49     44      0      0      0      0      0      0   3201   1980     22      0 130751 130752      0      0      0      0     26      1 
    0    135     43     41      0      0      0      0      0      0   3201   1980      0      0 130751 130752      0      0      0      0      0      0 
    0    267     49     43     99     26      0      0      0      0   3201   1980      0      0 130751 130752      0      0      0      0     54     10 
    0    331     51     45      0      0      0      0      0      0   3201   1980      0      0 130751 130752      0      0      0      0     34     13 
    0    377     45     43      0      0      0      0      0      0   3201   1980      0      0 130751 130752      0      0      0      0     39     12 
    0    560     55     45     57     13      0      0      0      0   3201   1980     69      0 130751 130752      0      0      0      0     33     10 
    0    262     45     43      0      0      0      0      0      0   3201   1980      0      0 130751 130752      0      0      0      0      0      0 
    0    134     43     41      0      0      0      0      0      0   3201   1980      0      0 130751 130752      0      0      0      0      0      0 
    0    417     53     48    100     54      0      0      0      0   3201   1965     49      0 130751 130752      0      0      0      0     36     14 
    0    522     56     47    100     26      0      0      0      0   3201   1950     46      0 130751 130752      0      0      0      0     45     13 
    0    567     55     50    100     48      0      0      0      0   3201   1965     73      0 130751 130752      0      0      0      0     34     15 
# gpu    pwr  gtemp  mtemp     sm    mem    enc    dec    jpg    ofa   mclk   pclk  pviol  tviol     fb   bar1   ccpm  sbecc  dbecc    pci  rxpci  txpci 
# Idx      W      C      C      %      %      %      %      %      %    MHz    MHz      %   bool     MB     MB     MB   errs   errs   errs   MB/s   MB/s 
    0    355     53     49    100     54      0      0      0      0   3201   1980     12      0 130751 130752      0      0      0      0     42     14 
    0    376     54     49    100     54      0      0      0      0   3201   1980      0      0 130751 130752      0      0      0      0      0      0 
    0    168     45     43      0      0      0      0      0      0   3201   1980      0      0 130751 130752      0      0      0      0      0      0 
    0    278     49     45    100     23      0      0      0      0   3201   1980      0      0 130751 130752      0      0      0      0      0      1 
    0    135     44     41      0      0      0      0      0      0   3201   1980      0      0 130751 130752      0      0      0      0      0      0 
    0    207     45     42     23      5      0      0      0      0   3201   1980      0      0 130751 130752      0      0      0      0     39     10 
    0    370     54     47    100     45      0      0      0      0   3201   1965     34      0 130751 130752      0      0      0      0     68     18 
    0    600     55     50    100     54      0      0      0      0   3201   1980     75      0 130751 130752      0      0      0      0     34      1 
    0    379     52     47    100     51      0      0      0      0   3201   1965     33      0 130751 130752      0      0      0      0     77     16 
    0    436     47     44     21      5      0      0      0      0   3201   1980     28      0 130751 130752      0      0      0      0      0      1 
    0    212     50     45    100     23      0      0      0      0   3201   1980      0      0 130751 130752      0      0      0      0     39      9 
    0    415     54     49    100     54      0      0      0      0   3201   1980     26      0 130751 130752      0      0      0      0      0      1 
    0    510     56     49    100     51      0      0      0      0   3201   1965     37      0 130751 130752      0      0      0      0     39     14 
    0    416     54     48     52     21      0      0      0      0   3201   1980     19      0 130751 130752      0      0      0      0     36     13 
    0    395     47     45      0      0      0      0      0      0   3201   1980      0      0 130751 130752      0      0      0      0      0      2 
    0    210     45     43      0      0      0      0      0      0   3201   1980      0      0 130751 130752      0      0      0      0      0      1 
    0    278     53     48    100     28      0      0      0      0   3201   1965     20      0 130751 130752      0      0      0      0     39      9 
    0    319     47     45    100     23      0      0      0      0   3201   1980      6      0 130751 130752      0      0      0      0      0     16 
    0    319     45     43      0      0      0      0      0      0   3201   1980      0      0 130751 130752      0      0      0      0      0      0 
    0    213     47     43     76     18      0      0      0      0   3201   1980      0      0 130751 130752      0      0      0      0     33     11 
    0    225     50     43      0      0      0      0      0      0   3201   1980      0      0 130751 130752      0      0      0      0     33      1 
    0    312     47     44    100     23      0      0      0      0   3201   1980      0      0 130751 130752      0      0      0      0      0      1 
    0    280     46     44     23      5      0      0      0      0   3201   1980      0      0 130751 130752      0      0      0      0      0      0 
    0    209     47     44    100     23      0      0      0      0   3201   1980      0      0 130751 130752      0      0      0      0      4      1 
    0    207     44     42      0      0      0      0      0      0   3201   1980      0      0 130751 130752      0      0      0      0      0      0 
    0    285     50     44     81     25      0      0      0      0   3201   1980      0      0 130751 130752      0      0      0      0      0      1 
    0    279     46     43     37      9      0      0      0      0   3201   1980      0      0 130751 130752      0      0      0      0      0      0 
    0    134     43     41      0      0      0      0      0      0   3201   1980      0      0 130751 130752      0      0      0      0      0      1 
    0    311     51     43    100     23      0      0      0      0   3201   1980      0      0 130751 130752      0      0      0      0     33     10 
    0    448     53     48    100     54      0      0      0      0   3201   1980     45      0 130751 130752      0      0      0      0      2      0 
    0    371     48     45    100     23      0      0      0      0   3201   1980      0      0 130751 130752      0      0      0      0     76      9 
    0    498     48     46     69     16      0      0      0      0   3201   1980     29      0 130751 130752      0      0      0      0      1      0 
    0    281     46     44      0      0      0      0      0      0   3201   1980      0      0 130751 130752      0      0      0      0     94     11 
    0    343     51     45     29      7      0      0      0      0   3201   1980      0      0 130751 130752      0      0      0      0      0      0 
    0    168     44     42      0      0      0      0      0      0   3201   1980      0      0 130751 130752      0      0      0      0     33     10 
    0    310     45     43      0      0      0      0      0      0   3201   1980      0      0 130751 130752      0      0      0      0      0      0 
    0    206     45     42      0      0      0      0      0      0   3201   1980      0      0 130751 130752      0      0      0      0      0      0 
    0    268     53     42      0      0      0      0      0      0   3201   1980      0      0 130751 130752      0      0      0      0     34     14 
    0    299     44     42      0      0      0      0      0      0   3201   1980      0      0 130751 130752      0      0      0      0      0      0 
    0    283     50     44    100     23      0      0      0      0   3201   1980      0      0 130751 130752      0      0      0      0      0      0 
    0    135     43     41      0      0      0      0      0      0   3201   1980      0      0 130751 130752      0      0      0      0      0      0 
    0    134     43     40      0      0      0      0      0      0   3201   1980      0      0 130751 130752      0      0      0      0      0      0 
    0    134     43     40      0      0      0      0      0      0   3201   1980      0      0 130751 130752      0      0      0      0     59     10 
    0    331     44     41      0      0      0      0      0      0   3201   1980      0      0 130751 130752      0      0      0      0      0      3 
# gpu    pwr  gtemp  mtemp     sm    mem    enc    dec    jpg    ofa   mclk   pclk  pviol  tviol     fb   bar1   ccpm  sbecc  dbecc    pci  rxpci  txpci 
# Idx      W      C      C      %      %      %      %      %      %    MHz    MHz      %   bool     MB     MB     MB   errs   errs   errs   MB/s   MB/s 
    0    478     53     48    100     54      0      0      0      0   3201   1965     32      0 130751 130752      0      0      0      0     37     11 
    0    240     45     43     84     20      0      0      0      0   3201   1980      0      0 130751 130752      0      0      0      0      0      0 
    0    259     49     43      0      0      0      0      0      0   3201   1980      0      0 130751 130752      0      0      0      0     23     19 
    0    458     47     46     54     13      0      0      0      0   3201   1980     30      0 130751 130752      0      0      0      0     38      9 
    0    269     46     43     11      3      0      0      0      0   3201   1980      0      0 130751 130752      0      0      0      0      0      0 
    0    207     45     42     35      8      0      0      0      0   3201   1980      0      0 130751 130752      0      0      0      0      0      0 
    0    134     43     41      0      0      0      0      0      0   3201   1980      0      0 130751 130752      0      0      0      0      5      0 
    0    205     43     41      0      0      0      0      0      0   3201   1980      0      0 130751 130752      0      0      0      0      0      0 
    0    404     49     46    100     33      0      0      0      0   3201   1980     32      0 130751 130752      0      0      0      0      0      0 
    0    534     54     49    100     41      0      0      0      0   3201   1965     68      0 130751 130752      0      0      0      0     37     13 
    0    451     54     49    100     54      0      0      0      0   3201   1965     48      0 130751 130752      0      0      0      0     34     13 
    0    188     44     43      0      0      0      0      0      0   3201   1980     11      0 130751 130752      0      0      0      0      0      0 
    0    337     53     47    100     47      0      0      0      0   3201   1965     30      0 130751 130752      0      0      0      0     45     13 
    0    441     53     47    100     25      0      0      0      0   3201   1965     22      0 130751 130752      0      0      0      0     38      9 
    0    176     44     42      0      0      0      0      0      0   3201   1980      8      0 130751 130752      0      0      0      0      0      0 
    0    304     45     43      0      0      0      0      0      0   3201   1980      0      0 130751 130752      0      0      0      0     33     10 
    0    261     45     43      0      0      0      0      0      0   3201   1980      0      0 130751 130752      0      0      0      0     43      9 
    0    526     54     49    100     54      0      0      0      0   3201   1965     56      0 130751 130752      0      0      0      0     39      9 
    0    176     44     43      0      0      0      0      0      0   3201   1980      0      0 130751 130752      0      0      0      0     41     19 
    0    283     47     44     80     19      0      0      0      0   3201   1980      0      0 130751 130752      0      0      0      0     49     10 
    0    547     53     48    100     43      0      0      0      0   3201   1965     68      0 130751 130752      0      0      0      0      0      0 
