# gpu    pwr  gtemp  mtemp     sm    mem    enc    dec    jpg    ofa   mclk   pclk  pviol  tviol     fb   bar1   ccpm  sbecc  dbecc    pci  rxpci  txpci 
# Idx      W      C      C      %      %      %      %      %      %    MHz    MHz      %   bool     MB     MB     MB   errs   errs   errs   MB/s   MB/s 
    0    149     45     39      0      0      0      0      0      0   3201   1980      0      0 130751 130752      0      0      0      0      0      0 
    0    133     42     39      0      0      0      0      0      0   3201   1980      0      0 130751 130752      0      0      0      0      0      0 
    0    133     41     38      0      0      0      0      0      0   3201   1980      0      0 130751 130752      0      0      0      0      0      0 
    0    133     41     38      0      0      0      0      0      0   3201   1980      0      0 130751 130752      0      0      0      0      0      0 
    0    133     41     38      0      0      0      0      0      0   3201   1980      0      0 130751 130752      0      0      0      0      0      1 
    0    133     41     38      0      0      0      0      0      0   3201   1980      0      0 130751 130752      0      0      0      0      0      0 
    0    133     41     38      0      0      0      0      0      0   3201   1980      0      0 130751 130752      0      0      0      0      1      1 
    0    133     41     38      0      0      0      0      0      0   3201   1980      0      0 130751 130752      0      0      0      0      0      0 
    0    132     41     38      0      0      0      0      0      0   3201   1980      0      0 130751 130752      0      0      0      0      0      1 
    0    132     41     38      0      0      0      0      0      0   3201   1980      0      0 130751 130752      0      0      0      0      0      0 
    0    132     41     38      0      0      0      0      0      0   3201   1980      0      0 130751 130752      0      0      0      0      0      1 
    0    132     41     38      0      0      0      0      0      0   3201   1980      0      0 130751 130752      0      0      0      0      0      0 
    0    132     41     38      0      0      0      0      0      0   3201   1980      0      0 130751 130752      0      0      0      0      0      1 
    0    549     53     46    100     50      0      0      0      0   3201   1965     57      0 130751 130752      0      0      0      0    117     14 
    0    617     54     48    100     49      0      0      0      0   3201   1965     63      0 130751 130752      0      0      0      0    137     28 
    0    650     56     49    100     53      0      0      0      0   3201   1950     94      0 130751 130752      0      0      0      0    161     16 
    0    671     57     49    100     41      0      0      0      0   3201   1890    100      0 130751 130752      0      0      0      0    185     33 
    0    656     59     50    100     40      0      0      0      0   3201   1950     98      0 130751 130752      0      0      0      0    198     21 
    0    672     57     51    100     54      0      0      0      0   3201   1965    100      0 130751 130752      0      0      0      0    194     20 
    0    657     58     52    100     55      0      0      0      0   3201   1965     98      0 130751 130752      0      0      0      0    189     20 
    0    663     60     51     95     43      0      0      0      0   3201   1965     84      0 130751 130752      0      0      0      0    176     23 
    0    646     57     52    100     52      0      0      0      0   3201   1980    100      0 130751 130752      0      0      0      0     97     25 
    0    652     61     52    100     47      0      0      0      0   3201   1965     70      0 130751 130752      0      0      0      0    148     19 
    0    650     58     52    100     46      0      0      0      0   3201   1965     98      0 130751 130752      0      0      0      0     81     25 
    0    661     61     53    100     55      0      0      0      0   3201   1965     88      0 130751 130752      0      0      0      0    101     26 
    0    617     58     54    100     55      0      0      0      0   3201   1980     36      0 130751 130752      0      0      0      0     70     20 
    0    565     52     52     79     41      0      0      0      0   3201   1980      0      0 130751 130752      0      0      0      0      0      0 
